          20  -2.21742521245976        1.200000    
          20  6.815004859105772E-003   1.200000    
          20  3.274899991133983E-002   1.200000    
          20  0.225306991246021        1.200000    
          20  0.562923288106995        1.200000    
          20   1.08917030354349        1.200000    
          20   1.87001198553403        1.200000    
          20   2.93824140599079        1.200000    
          20   4.33625464215391        1.200000    
          20   6.17558829627310        1.200000    
          20   8.64181398437812        1.200000    
          20   12.0613755685597        1.200000    
          20   16.9664304563699        1.200000    
          20   24.3587612384417        1.200000    
          20   36.1160856995233        1.200000    
          20   56.2148797479547        1.200000    
          20   93.0873488478556        1.200000    
          20   165.035940428720        1.200000    
          20   310.379487521064        1.200000    
          20   639.997320372442        1.200000    
