 # Cross sections for state #  2 Ex=  0.007 MeV J/pi=  0.0+
    0.100     6.3671    
    0.600     6.2038    
    1.100     5.8210    
    1.600     5.2517    
    2.100     4.5437    
    2.600     3.7544    
    3.100     2.9442    
    3.600     2.1705    
    4.100     1.4816    
    4.600    0.91254    
    5.100    0.48312    
    5.600    0.19711    
    6.100    0.44021E-01
    6.600    0.21468E-02
    7.100    0.42637E-01
    7.600    0.13389    
    8.100    0.24566    
    8.600    0.35242    
    9.100    0.43553    
    9.600    0.48417    
   10.100    0.49511    
   10.600    0.47146    
   11.100    0.42077    
   11.600    0.35300    
   12.100    0.27841    
   12.600    0.20603    
   13.100    0.14253    
   13.600    0.91789E-01
   14.100    0.54981E-01
   14.600    0.31078E-01
   15.100    0.17601E-01
   15.600    0.11420E-01
   16.100    0.94615E-02
   16.600    0.92171E-02
   17.100    0.90130E-02
   17.600    0.80436E-02
   18.100    0.62285E-02
   18.600    0.39626E-02
   19.100    0.18394E-02
   19.600    0.41078E-03
   20.100    0.25336E-04
   20.600    0.76072E-03
   21.100    0.24407E-02
   21.600    0.47122E-02
   22.100    0.71501E-02
   22.600    0.93583E-02
   23.100    0.11045E-01
   23.600    0.12060E-01
   24.100    0.12395E-01
   24.600    0.12157E-01
   25.100    0.11518E-01
   25.600    0.10674E-01
   26.100    0.98061E-02
   26.600    0.90531E-02
   27.100    0.85042E-02
   27.600    0.81998E-02
   28.100    0.81399E-02
   28.600    0.82935E-02
   29.100    0.86080E-02
   29.600    0.90150E-02
   30.100    0.94362E-02
   30.600    0.97889E-02
   31.100    0.99942E-02
   31.600    0.99876E-02
   32.100    0.97304E-02
   32.600    0.92205E-02
   33.100    0.84985E-02
   33.600    0.76456E-02
   34.100    0.67749E-02
   34.600    0.60132E-02
   35.100    0.54789E-02
   35.600    0.52600E-02
   36.100    0.53950E-02
   36.600    0.58641E-02
   37.100    0.65900E-02
   37.600    0.74507E-02
   38.100    0.82998E-02
   38.600    0.89921E-02
   39.100    0.94084E-02
   39.600    0.94739E-02
   40.100    0.91692E-02
   40.600    0.85291E-02
   41.100    0.76332E-02
   41.600    0.65894E-02
   42.100    0.55132E-02
   42.600    0.45098E-02
   43.100    0.36589E-02
   43.600    0.30070E-02
   44.100    0.25661E-02
   44.600    0.23187E-02
   45.100    0.22264E-02
   45.600    0.22401E-02
   46.100    0.23094E-02
   46.600    0.23896E-02
   47.100    0.24466E-02
   47.600    0.24574E-02
   48.100    0.24107E-02
   48.600    0.23047E-02
   49.100    0.21459E-02
   49.600    0.19474E-02
   50.100    0.17276E-02
   50.600    0.15089E-02
   51.100    0.13155E-02
   51.600    0.11709E-02
   52.100    0.10942E-02
   52.600    0.10964E-02
   53.100    0.11776E-02
   53.600    0.13255E-02
   54.100    0.15159E-02
   54.600    0.17160E-02
   55.100    0.18897E-02
   55.600    0.20037E-02
   56.100    0.20338E-02
   56.600    0.19696E-02
   57.100    0.18165E-02
   57.600    0.15947E-02
   58.100    0.13352E-02
   58.600    0.10739E-02
   59.100    0.84423E-03
   59.600    0.67170E-03
   60.100    0.56907E-03
   60.600    0.53516E-03
   61.100    0.55630E-03
   61.600    0.61027E-03
   62.100    0.67160E-03
   62.600    0.71702E-03
   63.100    0.72984E-03
   63.600    0.70245E-03
   64.100    0.63653E-03
   64.600    0.54133E-03
   65.100    0.43056E-03
   65.600    0.31880E-03
   66.100    0.21850E-03
   66.600    0.13789E-03
   67.100    0.80465E-04
   67.600    0.45550E-04
   68.100    0.29821E-04
   68.600    0.28974E-04
   69.100    0.39097E-04
   69.600    0.57359E-04
   70.100    0.81929E-04
   70.600    0.11133E-03
   71.100    0.14360E-03
   71.600    0.17569E-03
   72.100    0.20339E-03
   72.600    0.22196E-03
   73.100    0.22723E-03
   73.600    0.21691E-03
   74.100    0.19166E-03
   74.600    0.15545E-03
   75.100    0.11512E-03
   75.600    0.79055E-04
   76.100    0.55313E-04
   76.600    0.49666E-04
   77.100    0.64070E-04
   77.600    0.95995E-04
   78.100    0.13883E-03
   78.600    0.18332E-03
   79.100    0.21962E-03
   79.600    0.23961E-03
   80.100    0.23871E-03
   80.600    0.21691E-03
   81.100    0.17860E-03
   81.600    0.13150E-03
   82.100    0.84656E-04
   82.600    0.46355E-04
   83.100    0.22246E-04
   83.600    0.14232E-04
   84.100    0.20359E-04
   84.600    0.35645E-04
   85.100    0.53614E-04
   85.600    0.68069E-04
   86.100    0.74639E-04
   86.600    0.71709E-04
   87.100    0.60527E-04
   87.600    0.44528E-04
   88.100    0.28118E-04
   88.600    0.15301E-04
   89.100    0.85437E-05
   89.600    0.81955E-05
   90.100    0.12589E-04
   90.600    0.18750E-04
   91.100    0.23477E-04
   91.600    0.24430E-04
   92.100    0.20906E-04
   92.600    0.14060E-04
   93.100    0.65269E-05
   93.600    0.15484E-05
   94.100    0.18963E-05
   94.600    0.89148E-05
   95.100    0.21980E-04
   95.600    0.38552E-04
   96.100    0.54809E-04
   96.600    0.66693E-04
   97.100    0.71072E-04
   97.600    0.66663E-04
   98.100    0.54472E-04
   98.600    0.37590E-04
   99.100    0.20400E-04
   99.600    0.74201E-05
  100.100    0.20811E-05
  100.600    0.57945E-05
  101.100    0.17563E-04
  101.600    0.34244E-04
  102.100    0.51396E-04
  102.600    0.64471E-04
  103.100    0.70032E-04
  103.600    0.66651E-04
  104.100    0.55261E-04
  104.600    0.38857E-04
  105.100    0.21646E-04
  105.600    0.78904E-05
  106.100    0.75551E-06
  106.600    0.14913E-05
  107.100    0.91594E-05
  107.600    0.20972E-04
  108.100    0.33132E-04
  108.600    0.41934E-04
  109.100    0.44805E-04
  109.600    0.40995E-04
  110.100    0.31742E-04
  110.600    0.19850E-04
  111.100    0.88437E-05
  111.600    0.19190E-05
  112.100    0.10189E-05
  112.600    0.62810E-05
  113.100    0.16021E-04
  113.600    0.27246E-04
  114.100    0.36547E-04
  114.600    0.41109E-04
  115.100    0.39536E-04
  115.600    0.32273E-04
  116.100    0.21479E-04
  116.600    0.10400E-04
  117.100    0.24265E-05
  117.600    0.10178E-06
  118.100    0.43644E-05
  118.600    0.14255E-04
  119.100    0.27164E-04
  119.600    0.39565E-04
  120.100    0.48008E-04
  120.600    0.50110E-04
  121.100    0.45247E-04
  121.600    0.34749E-04
  122.100    0.21543E-04
  122.600    0.93379E-05
  123.100    0.15855E-05
  123.600    0.50263E-06
  124.100    0.64398E-05
  124.600    0.17773E-04
  125.100    0.31354E-04
  125.600    0.43389E-04
  126.100    0.50508E-04
  126.600    0.50712E-04
  127.100    0.43941E-04
  127.600    0.32091E-04
  128.100    0.18479E-04
  128.600    0.69110E-05
  129.100    0.60193E-06
  129.600    0.12689E-05
  130.100    0.86457E-05
  130.600    0.20560E-04
  131.100    0.33554E-04
  131.600    0.43871E-04
  132.100    0.48529E-04
  132.600    0.46178E-04
  133.100    0.37489E-04
  133.600    0.24970E-04
  134.100    0.12250E-04
  134.600    0.30406E-05
  135.100    0.68010E-07
  135.600    0.42761E-05
  136.100    0.14541E-04
  136.600    0.27975E-04
  137.100    0.40745E-04
  137.600    0.49169E-04
  138.100    0.50783E-04
  138.600    0.45072E-04
  139.100    0.33643E-04
  139.600    0.19796E-04
  140.100    0.75975E-05
  140.600    0.71419E-06
  141.100    0.13503E-05
  141.600    0.95829E-05
  142.100    0.23299E-04
  142.600    0.38761E-04
  143.100    0.51651E-04
  143.600    0.58298E-04
  144.100    0.56751E-04
  144.600    0.47367E-04
  145.100    0.32765E-04
  145.600    0.17117E-04
  146.100    0.49858E-05
  146.600    0.24929E-07
  147.100    0.39131E-05
  147.600    0.15829E-04
  148.100    0.32631E-04
  148.600    0.49707E-04
  149.100    0.62264E-04
  149.600    0.66696E-04
  150.100    0.61647E-04
  150.600    0.48457E-04
  151.100    0.30835E-04
  151.600    0.13863E-04
  152.100    0.25599E-05
  152.600    0.44603E-06
  153.100    0.84856E-05
  153.600    0.24743E-04
  154.100    0.44858E-04
  154.600    0.63238E-04
  155.100    0.74634E-04
  155.600    0.75667E-04
  156.100    0.65874E-04
  156.600    0.47932E-04
  157.100    0.27000E-04
  157.600    0.93114E-05
  158.100    0.41218E-06
  158.600    0.35251E-05
  159.100    0.18524E-04
  159.600    0.41831E-04
  160.100    0.67305E-04
  160.600    0.87909E-04
  161.100    0.97707E-04
  161.600    0.93640E-04
  162.100    0.76552E-04
  162.600    0.51145E-04
  163.100    0.24819E-04
  163.600    0.56774E-05
  164.100    0.21972E-06
  164.600    0.11370E-04
  165.100    0.37419E-04
  165.600    0.72240E-04
  166.100    0.10678E-03
  166.600    0.13149E-03
  167.100    0.13906E-03
  167.600    0.12671E-03
  168.100    0.97310E-04
  168.600    0.59027E-04
  169.100    0.23388E-04
  169.600    0.22523E-05
  170.100    0.44353E-05
  170.600    0.32903E-04
  171.100    0.83362E-04
  171.600    0.14477E-03
  172.100    0.20178E-03
  172.600    0.23867E-03
  173.100    0.24380E-03
  173.600    0.21348E-03
  174.100    0.15425E-03
  174.600    0.82649E-04
  175.100    0.22535E-04
  175.600    0.18352E-06
  176.100    0.38292E-04
  176.600    0.15018E-03
  177.100    0.33561E-03
  177.600    0.57924E-03
  178.100    0.85231E-03
  178.600    0.11173E-02
  179.100    0.13348E-02
