 # Cross sections for state #  8 Ex=  2.938 MeV J/pi=  0.0+
    0.100     401.58    
    0.600     393.57    
    1.100     374.65    
    1.600     346.09    
    2.100     309.76    
    2.600     268.01    
    3.100     223.43    
    3.600     178.67    
    4.100     136.20    
    4.600     98.154    
    5.100     66.157    
    5.600     41.244    
    6.100     23.822    
    6.600     13.687    
    7.100     10.102    
    7.600     11.912    
    8.100     17.687    
    8.600     25.878    
    9.100     34.967    
    9.600     43.603    
   10.100     50.699    
   10.600     55.502    
   11.100     57.618    
   11.600     56.994    
   12.100     53.879    
   12.600     48.749    
   13.100     42.227    
   13.600     34.993    
   14.100     27.705    
   14.600     20.932    
   15.100     15.105    
   15.600     10.496    
   16.100     7.2085    
   16.600     5.1985    
   17.100     4.3007    
   17.600     4.2684    
   18.100     4.8142    
   18.600     5.6500    
   19.100     6.5189    
   19.600     7.2190    
   20.100     7.6158    
   20.600     7.6451    
   21.100     7.3061    
   21.600     6.6490    
   22.100     5.7582    
   22.600     4.7350    
   23.100     3.6808    
   23.600     2.6850    
   24.100     1.8152    
   24.600     1.1136    
   25.100    0.59666    
   25.600    0.25820    
   26.100    0.74895E-01
   26.600    0.12797E-01
   27.100    0.33754E-01
   27.600    0.10099    
   28.100    0.18324    
   28.600    0.25723    
   29.100    0.30852    
   29.600    0.33099    
   30.100    0.32538    
   30.600    0.29723    
   31.100    0.25477    
   31.600    0.20698    
   32.100    0.16199    
   32.600    0.12616    
   33.100    0.10354    
   33.600    0.95854E-01
   34.100    0.10283    
   34.600    0.12268    
   35.100    0.15268    
   35.600    0.18974    
   36.100    0.23079    
   36.600    0.27315    
   37.100    0.31463    
   37.600    0.35359    
   38.100    0.38886    
   38.600    0.41961    
   39.100    0.44529    
   39.600    0.46544    
   40.100    0.47969    
   40.600    0.48773    
   41.100    0.48934    
   41.600    0.48446    
   42.100    0.47328    
   42.600    0.45634    
   43.100    0.43453    
   43.600    0.40910    
   44.100    0.38162    
   44.600    0.35381    
   45.100    0.32742    
   45.600    0.30406    
   46.100    0.28495    
   46.600    0.27088    
   47.100    0.26206    
   47.600    0.25811    
   48.100    0.25816    
   48.600    0.26092    
   49.100    0.26492    
   49.600    0.26864    
   50.100    0.27073    
   50.600    0.27016    
   51.100    0.26632    
   51.600    0.25903    
   52.100    0.24856    
   52.600    0.23549    
   53.100    0.22065    
   53.600    0.20495    
   54.100    0.18926    
   54.600    0.17432    
   55.100    0.16065    
   55.600    0.14853    
   56.100    0.13800    
   56.600    0.12894    
   57.100    0.12107    
   57.600    0.11406    
   58.100    0.10759    
   58.600    0.10140    
   59.100    0.95312E-01
   59.600    0.89263E-01
   60.100    0.83293E-01
   60.600    0.77523E-01
   61.100    0.72127E-01
   61.600    0.67288E-01
   62.100    0.63169E-01
   62.600    0.59876E-01
   63.100    0.57436E-01
   63.600    0.55791E-01
   64.100    0.54796E-01
   64.600    0.54240E-01
   65.100    0.53867E-01
   65.600    0.53413E-01
   66.100    0.52635E-01
   66.600    0.51352E-01
   67.100    0.49460E-01
   67.600    0.46946E-01
   68.100    0.43891E-01
   68.600    0.40450E-01
   69.100    0.36827E-01
   69.600    0.33247E-01
   70.100    0.29916E-01
   70.600    0.26997E-01
   71.100    0.24585E-01
   71.600    0.22701E-01
   72.100    0.21296E-01
   72.600    0.20264E-01
   73.100    0.19465E-01
   73.600    0.18753E-01
   74.100    0.18000E-01
   74.600    0.17114E-01
   75.100    0.16049E-01
   75.600    0.14809E-01
   76.100    0.13440E-01
   76.600    0.12015E-01
   77.100    0.10621E-01
   77.600    0.93396E-02
   78.100    0.82371E-02
   78.600    0.73533E-02
   79.100    0.67002E-02
   79.600    0.62627E-02
   80.100    0.60044E-02
   80.600    0.58749E-02
   81.100    0.58182E-02
   81.600    0.57797E-02
   82.100    0.57124E-02
   82.600    0.55814E-02
   83.100    0.53660E-02
   83.600    0.50610E-02
   84.100    0.46758E-02
   84.600    0.42331E-02
   85.100    0.37654E-02
   85.600    0.33110E-02
   86.100    0.29084E-02
   86.600    0.25911E-02
   87.100    0.23821E-02
   87.600    0.22899E-02
   88.100    0.23064E-02
   88.600    0.24074E-02
   89.100    0.25562E-02
   89.600    0.27094E-02
   90.100    0.28238E-02
   90.600    0.28644E-02
   91.100    0.28098E-02
   91.600    0.26560E-02
   92.100    0.24166E-02
   92.600    0.21195E-02
   93.100    0.18012E-02
   93.600    0.14993E-02
   94.100    0.12459E-02
   94.600    0.10615E-02
   95.100    0.95209E-03
   95.600    0.90966E-03
   96.100    0.91483E-03
   96.600    0.94210E-03
   97.100    0.96560E-03
   97.600    0.96436E-03
   98.100    0.92590E-03
   98.600    0.84763E-03
   99.100    0.73592E-03
   99.600    0.60335E-03
  100.100    0.46518E-03
  100.600    0.33576E-03
  101.100    0.22589E-03
  101.600    0.14151E-03
  102.100    0.83934E-04
  102.600    0.50998E-04
  103.100    0.38842E-04
  103.600    0.43477E-04
  104.100    0.61726E-04
  104.600    0.91327E-04
  105.100    0.13030E-03
  105.600    0.17600E-03
  106.100    0.22428E-03
  106.600    0.26934E-03
  107.100    0.30429E-03
  107.600    0.32258E-03
  108.100    0.31973E-03
  108.600    0.29496E-03
  109.100    0.25209E-03
  109.600    0.19929E-03
  110.100    0.14773E-03
  110.600    0.10913E-03
  111.100    0.93026E-04
  111.600    0.10431E-03
  112.100    0.14172E-03
  112.600    0.19783E-03
  113.100    0.26052E-03
  113.600    0.31568E-03
  114.100    0.35046E-03
  114.600    0.35631E-03
  115.100    0.33101E-03
  115.600    0.27912E-03
  116.100    0.21086E-03
  116.600    0.13960E-03
  117.100    0.78621E-04
  117.600    0.38018E-04
  118.100    0.22494E-04
  118.600    0.30558E-04
  119.100    0.55321E-04
  119.600    0.86601E-04
  120.100    0.11375E-03
  120.600    0.12840E-03
  121.100    0.12648E-03
  121.600    0.10892E-03
  122.100    0.80938E-04
  122.600    0.50265E-04
  123.100    0.24711E-04
  123.600    0.99162E-05
  124.100    0.78525E-05
  124.600    0.16494E-04
  125.100    0.30705E-04
  125.600    0.44042E-04
  126.100    0.50899E-04
  126.600    0.48338E-04
  127.100    0.37057E-04
  127.600    0.21201E-04
  128.100    0.70634E-05
  128.600    0.10776E-05
  129.100    0.76976E-05
  129.600    0.27813E-04
  130.100    0.58200E-04
  130.600    0.92198E-04
  131.100    0.12147E-03
  131.600    0.13832E-03
  132.100    0.13800E-03
  132.600    0.12018E-03
  133.100    0.89314E-04
  133.600    0.53569E-04
  134.100    0.22736E-04
  134.600    0.55749E-05
  135.100    0.73711E-05
  135.600    0.28390E-04
  136.100    0.63675E-04
  136.600    0.10428E-03
  137.100    0.13964E-03
  137.600    0.16038E-03
  138.100    0.16092E-03
  138.600    0.14098E-03
  139.100    0.10574E-03
  139.600    0.64434E-04
  140.100    0.27852E-04
  140.600    0.54124E-05
  141.100    0.25818E-05
  141.600    0.19394E-04
  142.100    0.50469E-04
  142.600    0.86538E-04
  143.100    0.11706E-03
  143.600    0.13319E-03
  144.100    0.13026E-03
  144.600    0.10912E-03
  145.100    0.75875E-04
  145.600    0.40149E-04
  146.100    0.12320E-04
  146.600    0.52891E-06
  147.100    0.83069E-05
  147.600    0.33505E-04
  148.100    0.68855E-04
  148.600    0.10403E-03
  149.100    0.12862E-03
  149.600    0.13519E-03
  150.100    0.12155E-03
  150.600    0.91514E-04
  151.100    0.53974E-04
  151.600    0.20423E-04
  152.100    0.16634E-05
  152.600    0.46120E-05
  153.100    0.30121E-04
  153.600    0.72488E-04
  154.100    0.12084E-03
  154.600    0.16209E-03
  155.100    0.18462E-03
  155.600    0.18168E-03
  156.100    0.15360E-03
  156.600    0.10792E-03
  157.100    0.57614E-04
  157.600    0.17569E-04
  158.100    0.41648E-06
  158.600    0.12829E-04
  159.100    0.53346E-04
  159.600    0.11243E-03
  160.100    0.17482E-03
  160.600    0.22362E-03
  161.100    0.24503E-03
  161.600    0.23244E-03
  162.100    0.18865E-03
  162.600    0.12548E-03
  163.100    0.60936E-04
  163.600    0.14296E-04
  164.100    0.73924E-06
  164.600    0.26776E-04
  165.100    0.87930E-04
  165.600    0.16941E-03
  166.100    0.24977E-03
  166.600    0.30667E-03
  167.100    0.32324E-03
  167.600    0.29334E-03
  168.100    0.22411E-03
  168.600    0.13487E-03
  169.100    0.52575E-04
  169.600    0.46621E-05
  170.100    0.11242E-04
  170.600    0.78670E-04
  171.100    0.19643E-03
  171.600    0.33848E-03
  172.100    0.46910E-03
  172.600    0.55201E-03
  173.100    0.56077E-03
  173.600    0.48768E-03
  174.100    0.34878E-03
  174.600    0.18329E-03
  175.100    0.47103E-04
  175.600    0.13868E-05
  176.100    0.98582E-04
  176.600    0.36902E-03
  177.100    0.81128E-03
  177.600    0.13888E-02
  178.100    0.20338E-02
  178.600    0.26583E-02
  179.100    0.31702E-02
