   0.0    1  0   0.0 ->  1  0   0.0     -0.08282530    0.15181723    0.17294075
   0.0    1  0   0.0 ->  2  0   0.0      0.00069244    0.00510938    0.00515608
   0.0    1  0   0.0 ->  3  0   0.0     -0.00475504    0.00833724    0.00959791
   0.0    1  0   0.0 ->  4  0   0.0     -0.02381875    0.00516954    0.02437328
   0.0    1  0   0.0 ->  5  0   0.0     -0.02022534    0.01758841    0.02680329
   0.0    1  0   0.0 ->  6  0   0.0     -0.02512356    0.01574240    0.02964822
   0.0    1  0   0.0 ->  7  0   0.0     -0.02126653    0.01711037    0.02729525
   0.0    1  0   0.0 ->  8  0   0.0     -0.02122129    0.02279830    0.03114652
   0.0    1  0   0.0 ->  9  0   0.0     -0.02033886    0.02536721    0.03251407
   0.0    1  0   0.0 -> 10  0   0.0     -0.02822700    0.03176913    0.04249755
   0.0    1  0   0.0 -> 11  0   0.0     -0.03704063    0.04156448    0.05567418
   1.0    1  1   0.0 ->  1  1   0.0      0.11988953    0.12412170    0.17256795
   1.0    1  1   0.0 ->  2  1   0.0      0.00501918    0.00076924    0.00507778
   1.0    1  1   0.0 ->  3  1   0.0      0.00638955    0.00678674    0.00932127
   1.0    1  1   0.0 ->  4  1   0.0     -0.00235790    0.02385201    0.02396827
   1.0    1  1   0.0 ->  5  1   0.0      0.01071321    0.02378858    0.02608964
   1.0    1  1   0.0 ->  6  1   0.0      0.00781963    0.02783285    0.02891045
   1.0    1  1   0.0 ->  7  1   0.0      0.01081096    0.02449104    0.02677103
   1.0    1  1   0.0 ->  8  1   0.0      0.01659667    0.02637465    0.03116202
   1.0    1  1   0.0 ->  9  1   0.0      0.01953288    0.02664007    0.03303372
   1.0    1  1   0.0 -> 10  1   0.0      0.02328198    0.03653248    0.04332058
   1.0    1  1   0.0 -> 11  1   0.0      0.03011978    0.04821143    0.05684666
   2.0    1  2   0.0 ->  1  2   0.0      0.17163151    0.00589035    0.17173255
   2.0    1  2   0.0 ->  2  2   0.0      0.00395635   -0.00295033    0.00493529
   2.0    1  2   0.0 ->  3  2   0.0      0.00877276    0.00035844    0.00878008
   2.0    1  2   0.0 ->  4  2   0.0      0.01383949    0.01850450    0.02310731
   2.0    1  2   0.0 ->  5  2   0.0      0.02307133    0.00881816    0.02469911
   2.0    1  2   0.0 ->  6  2   0.0      0.02409990    0.01321865    0.02748705
   2.0    1  2   0.0 ->  7  2   0.0      0.02468104    0.00801045    0.02594843
   2.0    1  2   0.0 ->  8  2   0.0      0.03094299    0.00545167    0.03141957
   2.0    1  2   0.0 ->  9  2   0.0      0.03398813    0.00405332    0.03422897
   2.0    1  2   0.0 -> 10  2   0.0      0.04385170    0.00982571    0.04493902
   2.0    1  2   0.0 -> 11  2   0.0      0.05713356    0.01489258    0.05904263
   3.0    1  3   0.0 ->  1  3   0.0      0.14349343   -0.09164214    0.17026053
   3.0    1  3   0.0 ->  2  3   0.0      0.00134766   -0.00454374    0.00473938
   3.0    1  3   0.0 ->  3  3   0.0      0.00668391   -0.00437222    0.00798693
   3.0    1  3   0.0 ->  4  3   0.0      0.02028143    0.00782151    0.02173735
   3.0    1  3   0.0 ->  5  3   0.0      0.02192152   -0.00599497    0.02272647
   3.0    1  3   0.0 ->  6  3   0.0      0.02526357   -0.00384561    0.02555458
   3.0    1  3   0.0 ->  7  3   0.0      0.02332135   -0.00993296    0.02534855
   3.0    1  3   0.0 ->  8  3   0.0      0.02811818   -0.01595361    0.03232877
   3.0    1  3   0.0 ->  9  3   0.0      0.03112365   -0.01866910    0.03629348
   3.0    1  3   0.0 -> 10  3   0.0      0.04367111   -0.01780376    0.04716079
   3.0    1  3   0.0 -> 11  3   0.0      0.05874367   -0.01900216    0.06174060
   4.0    1  4   0.0 ->  1  4   0.0      0.07419671   -0.15048862    0.16778550
   4.0    1  4   0.0 ->  2  4   0.0     -0.00139506   -0.00431093    0.00453103
   4.0    1  4   0.0 ->  3  4   0.0      0.00272855   -0.00645849    0.00701121
   4.0    1  4   0.0 ->  4  4   0.0      0.01958591   -0.00243350    0.01973651
   4.0    1  4   0.0 ->  5  4   0.0      0.01309178   -0.01566014    0.02041163
   4.0    1  4   0.0 ->  6  4   0.0      0.01656197   -0.01668199    0.02350719
   4.0    1  4   0.0 ->  7  4   0.0      0.01176055   -0.02299937    0.02583180
   4.0    1  4   0.0 ->  8  4   0.0      0.01384219   -0.03159982    0.03449862
   4.0    1  4   0.0 ->  9  4   0.0      0.01666395   -0.03583536    0.03952037
   4.0    1  4   0.0 -> 10  4   0.0      0.02994928   -0.03983672    0.04983898
   4.0    1  4   0.0 -> 11  4   0.0      0.04482878   -0.04624815    0.06440894
   5.0    1  5   0.0 ->  1  5   0.0     -0.01239064   -0.16359368    0.16406224
   5.0    1  5   0.0 ->  2  5   0.0     -0.00350119   -0.00262616    0.00437665
   5.0    1  5   0.0 ->  3  5   0.0     -0.00147408   -0.00582820    0.00601172
   5.0    1  5   0.0 ->  4  5   0.0      0.01402853   -0.00967629    0.01704202
   5.0    1  5   0.0 ->  5  5   0.0      0.00072501   -0.01827912    0.01829349
   5.0    1  5   0.0 ->  6  5   0.0      0.00210962   -0.02210581    0.02220624
   5.0    1  5   0.0 ->  7  5   0.0     -0.00593657   -0.02770849    0.02833731
   5.0    1  5   0.0 ->  8  5   0.0     -0.00769314   -0.03771016    0.03848689
   5.0    1  5   0.0 ->  9  5   0.0     -0.00560258   -0.04370392    0.04406156
   5.0    1  5   0.0 -> 10  5   0.0      0.00676984   -0.05229435    0.05273073
   5.0    1  5   0.0 -> 11  5   0.0      0.02029865   -0.06295488    0.06614645
   6.0    1  6   0.0 ->  1  6   0.0     -0.09325073   -0.12799032    0.15835789
   6.0    1  6   0.0 ->  2  6   0.0     -0.00436973    0.00000729    0.00436974
   6.0    1  6   0.0 ->  3  6   0.0     -0.00456792   -0.00281117    0.00536363
   6.0    1  6   0.0 ->  4  6   0.0      0.00584686   -0.01225581    0.01357905
   6.0    1  6   0.0 ->  5  6   0.0     -0.01125202   -0.01317490    0.01732588
   6.0    1  6   0.0 ->  6  6   0.0     -0.01378739   -0.01821036    0.02284096
   6.0    1  6   0.0 ->  7  6   0.0     -0.02512579   -0.02172035    0.03321263
   6.0    1  6   0.0 ->  8  6   0.0     -0.03152475   -0.03134490    0.04445574
   6.0    1  6   0.0 ->  9  6   0.0     -0.03106068   -0.03898863    0.04984856
   6.0    1  6   0.0 -> 10  6   0.0     -0.02123109   -0.05142220    0.05563274
   6.0    1  6   0.0 -> 11  6   0.0     -0.00985049   -0.06536173    0.06609983
   7.0    1  7   0.0 ->  1  7   0.0     -0.14198875   -0.05055160    0.15071917
   7.0    1  7   0.0 ->  2  7   0.0     -0.00362638    0.00285233    0.00461372
   7.0    1  7   0.0 ->  3  7   0.0     -0.00538538    0.00173637    0.00565838
   7.0    1  7   0.0 ->  4  7   0.0     -0.00211136   -0.00940951    0.00964348
   7.0    1  7   0.0 ->  5  7   0.0     -0.01864560   -0.00129284    0.01869036
   7.0    1  7   0.0 ->  6  7   0.0     -0.02583613   -0.00489737    0.02629619
   7.0    1  7   0.0 ->  7  7   0.0     -0.03976053   -0.00471413    0.04003901
   7.0    1  7   0.0 ->  8  7   0.0     -0.05073421   -0.01160032    0.05204351
   7.0    1  7   0.0 ->  9  7   0.0     -0.05280358   -0.02015588    0.05651971
   7.0    1  7   0.0 -> 10  7   0.0     -0.04680404   -0.03490812    0.05838831
   7.0    1  7   0.0 -> 11  7   0.0     -0.03783264   -0.05092640    0.06344137
   8.0    1  8   0.0 ->  1  8   0.0     -0.13312328    0.04513517    0.14056667
   8.0    1  8   0.0 ->  2  8   0.0     -0.00125649    0.00494825    0.00510529
   8.0    1  8   0.0 ->  3  8   0.0     -0.00314926    0.00631454    0.00705629
   8.0    1  8   0.0 ->  4  8   0.0     -0.00649327   -0.00186118    0.00675474
   8.0    1  8   0.0 ->  5  8   0.0     -0.01751355    0.01409666    0.02248199
   8.0    1  8   0.0 ->  6  8   0.0     -0.02829755    0.01494970    0.03200383
   8.0    1  8   0.0 ->  7  8   0.0     -0.04304366    0.02013772    0.04752141
   8.0    1  8   0.0 ->  8  8   0.0     -0.05711692    0.01842731    0.06001590
   8.0    1  8   0.0 ->  9  8   0.0     -0.06215898    0.01037565    0.06301899
   8.0    1  8   0.0 -> 10  8   0.0     -0.06043751   -0.00443834    0.06060026
   8.0    1  8   0.0 -> 11  8   0.0     -0.05347700   -0.02126060    0.05754826
   9.0    1  9   0.0 ->  1  9   0.0     -0.05817545    0.11593680    0.12971401
   9.0    1  9   0.0 ->  2  9   0.0      0.00209757    0.00534352    0.00574047
   9.0    1  9   0.0 ->  3  9   0.0      0.00187876    0.00893218    0.00912763
   9.0    1  9   0.0 ->  4  9   0.0     -0.00450162    0.00740335    0.00866453
   9.0    1  9   0.0 ->  5  9   0.0     -0.00622420    0.02706746    0.02777387
   9.0    1  9   0.0 ->  6  9   0.0     -0.01747646    0.03446962    0.03864688
   9.0    1  9   0.0 ->  7  9   0.0     -0.03043062    0.04487313    0.05421827
   9.0    1  9   0.0 ->  8  9   0.0     -0.04461408    0.04976403    0.06683468
   9.0    1  9   0.0 ->  9  9   0.0     -0.05212949    0.04386349    0.06812848
   9.0    1  9   0.0 -> 10  9   0.0     -0.05375971    0.03123852    0.06217677
   9.0    1  9   0.0 -> 11  9   0.0     -0.04774651    0.01410631    0.04978671
  10.0    1 10   0.0 ->  1 10   0.0      0.05252872    0.11036980    0.12223240
  10.0    1 10   0.0 ->  2 10   0.0      0.00513468    0.00358324    0.00626135
  10.0    1 10   0.0 ->  3 10   0.0      0.00792706    0.00781411    0.01113097
  10.0    1 10   0.0 ->  4 10   0.0      0.00395726    0.01327905    0.01385616
  10.0    1 10   0.0 ->  5 10   0.0      0.01206487    0.03048109    0.03278198
  10.0    1 10   0.0 ->  6 10   0.0      0.00456072    0.04388900    0.04412533
  10.0    1 10   0.0 ->  7 10   0.0     -0.00402400    0.05788382    0.05802352
  10.0    1 10   0.0 ->  8 10   0.0     -0.01465230    0.06850483    0.07005428
  10.0    1 10   0.0 ->  9 10   0.0     -0.02301260    0.06580569    0.06971347
  10.0    1 10   0.0 -> 10 10   0.0     -0.02568273    0.05648260    0.06204746
  10.0    1 10   0.0 -> 11 10   0.0     -0.01931599    0.03836974    0.04295747
  11.0    1 11   0.0 ->  1 11   0.0      0.12345309    0.00803274    0.12371414
  11.0    1 11   0.0 ->  2 11   0.0      0.00631633    0.00030549    0.00632372
  11.0    1 11   0.0 ->  3 11   0.0      0.01192441    0.00283574    0.01225696
  11.0    1 11   0.0 ->  4 11   0.0      0.01466817    0.01131254    0.01852374
  11.0    1 11   0.0 ->  5 11   0.0      0.02858577    0.02065558    0.03526753
  11.0    1 11   0.0 ->  6 11   0.0      0.02780186    0.03637532    0.04578326
  11.0    1 11   0.0 ->  7 11   0.0      0.02463963    0.05070246    0.05637244
  11.0    1 11   0.0 ->  8 11   0.0      0.01989398    0.06371413    0.06674774
  11.0    1 11   0.0 ->  9 11   0.0      0.01281195    0.06401736    0.06528681
  11.0    1 11   0.0 -> 10 11   0.0      0.01164198    0.05750440    0.05867105
  11.0    1 11   0.0 -> 11 11   0.0      0.01904212    0.03775864    0.04228850
  12.0    1 12   0.0 ->  1 12   0.0      0.07554736   -0.12690400    0.14768896
  12.0    1 12   0.0 ->  2 12   0.0      0.00505888   -0.00254320    0.00566217
  12.0    1 12   0.0 ->  3 12   0.0      0.01146409   -0.00305483    0.01186413
  12.0    1 12   0.0 ->  4 12   0.0      0.02059773    0.00267126    0.02077022
  12.0    1 12   0.0 ->  5 12   0.0      0.03361890    0.00368021    0.03381973
  12.0    1 12   0.0 ->  6 12   0.0      0.03893986    0.01712878    0.04254066
  12.0    1 12   0.0 ->  7 12   0.0      0.03976919    0.02890670    0.04916489
  12.0    1 12   0.0 ->  8 12   0.0      0.04017201    0.04067535    0.05716882
  12.0    1 12   0.0 ->  9 12   0.0      0.03572161    0.04277294    0.05572753
  12.0    1 12   0.0 -> 10 12   0.0      0.03717322    0.03782343    0.05303263
  12.0    1 12   0.0 -> 11 12   0.0      0.04540028    0.01745603    0.04864050
  13.0    1 13   0.0 ->  1 13   0.0     -0.07458846   -0.15314174    0.17034034
  13.0    1 13   0.0 ->  2 13   0.0      0.00282178   -0.00301272    0.00412782
  13.0    1 13   0.0 ->  3 13   0.0      0.00794556   -0.00520566    0.00949899
  13.0    1 13   0.0 ->  4 13   0.0      0.01910284   -0.00399750    0.01951662
  13.0    1 13   0.0 ->  5 13   0.0      0.02754154   -0.00571256    0.02812774
  13.0    1 13   0.0 ->  6 13   0.0      0.03571189    0.00414851    0.03595204
  13.0    1 13   0.0 ->  7 13   0.0      0.03819217    0.01332064    0.04044850
  13.0    1 13   0.0 ->  8 13   0.0      0.04111372    0.02289308    0.04705774
  13.0    1 13   0.0 ->  9 13   0.0      0.03925941    0.02561399    0.04687620
  13.0    1 13   0.0 -> 10 13   0.0      0.04261144    0.02165756    0.04779942
  13.0    1 13   0.0 -> 11 13   0.0      0.05156771    0.00323008    0.05166877
  14.0    1 14   0.0 ->  1 14   0.0     -0.16860950    0.00502430    0.16868434
  14.0    1 14   0.0 ->  2 14   0.0      0.00220949   -0.00134156    0.00258489
  14.0    1 14   0.0 ->  3 14   0.0      0.00668274   -0.00230877    0.00707032
  14.0    1 14   0.0 ->  4 14   0.0      0.01775398   -0.00159427    0.01782542
  14.0    1 14   0.0 ->  5 14   0.0      0.02523077    0.00007157    0.02523087
  14.0    1 14   0.0 ->  6 14   0.0      0.03502242    0.00885209    0.03612380
  14.0    1 14   0.0 ->  7 14   0.0      0.03910656    0.01738509    0.04279678
  14.0    1 14   0.0 ->  8 14   0.0      0.04352333    0.02615376    0.05077695
  14.0    1 14   0.0 ->  9 14   0.0      0.04353454    0.02887460    0.05223982
  14.0    1 14   0.0 -> 10 14   0.0      0.04758014    0.02614743    0.05429142
  14.0    1 14   0.0 -> 11 14   0.0      0.05778933    0.01085713    0.05880038
  15.0    1 15   0.0 ->  1 15   0.0     -0.06370047    0.23398823    0.24250411
  15.0    1 15   0.0 ->  2 15   0.0      0.00400884   -0.00000119    0.00400884
  15.0    1 15   0.0 ->  3 15   0.0      0.01087045    0.00111634    0.01092762
  15.0    1 15   0.0 ->  4 15   0.0      0.02558739    0.00488814    0.02605011
  15.0    1 15   0.0 ->  5 15   0.0      0.03873127    0.00941614    0.03985944
  15.0    1 15   0.0 ->  6 15   0.0      0.05257870    0.01847009    0.05572849
  15.0    1 15   0.0 ->  7 15   0.0      0.06034286    0.02643920    0.06588089
  15.0    1 15   0.0 ->  8 15   0.0      0.06726109    0.03417324    0.07544444
  15.0    1 15   0.0 ->  9 15   0.0      0.06813998    0.03605705    0.07709195
  15.0    1 15   0.0 -> 10 15   0.0      0.07174690    0.03397172    0.07938322
  15.0    1 15   0.0 -> 11 15   0.0      0.08151086    0.01981539    0.08388486
  16.0    1 16   0.0 ->  1 16   0.0      0.19187242    0.36514812    0.41249021
  16.0    1 16   0.0 ->  2 16   0.0      0.00632330   -0.00048205    0.00634165
  16.0    1 16   0.0 ->  3 16   0.0      0.01737618    0.00066358    0.01738884
  16.0    1 16   0.0 ->  4 16   0.0      0.04007670    0.00533869    0.04043073
  16.0    1 16   0.0 ->  5 16   0.0      0.06034139    0.00743246    0.06079740
  16.0    1 16   0.0 ->  6 16   0.0      0.07975856    0.01428616    0.08102791
  16.0    1 16   0.0 ->  7 16   0.0      0.09132427    0.01916501    0.09331355
  16.0    1 16   0.0 ->  8 16   0.0      0.09982746    0.02328438    0.10250699
  16.0    1 16   0.0 ->  9 16   0.0      0.09957378    0.02336862    0.10227918
  16.0    1 16   0.0 -> 10 16   0.0      0.10039245    0.02074402    0.10251321
  16.0    1 16   0.0 -> 11 16   0.0      0.10439550    0.00662467    0.10460548
  17.0    1 17   0.0 ->  1 17   0.0      0.45507131    0.36691518    0.58456535
  17.0    1 17   0.0 ->  2 17   0.0      0.00750291   -0.00188994    0.00773728
  17.0    1 17   0.0 ->  3 17   0.0      0.02179881   -0.00287345    0.02198737
  17.0    1 17   0.0 ->  4 17   0.0      0.05200898   -0.00186005    0.05204223
  17.0    1 17   0.0 ->  5 17   0.0      0.07558205   -0.00512067    0.07575532
  17.0    1 17   0.0 ->  6 17   0.0      0.09829101   -0.00319417    0.09834290
  17.0    1 17   0.0 ->  7 17   0.0      0.11070789   -0.00294577    0.11074707
  17.0    1 17   0.0 ->  8 17   0.0      0.11716558   -0.00343077    0.11721580
  17.0    1 17   0.0 ->  9 17   0.0      0.11330010   -0.00483088    0.11340304
  17.0    1 17   0.0 -> 10 17   0.0      0.10861801   -0.00755530    0.10888046
  17.0    1 17   0.0 -> 11 17   0.0      0.10296020   -0.01888463    0.10467776
  18.0    1 18   0.0 ->  1 18   0.0      0.65275546    0.30295812    0.71963415
  18.0    1 18   0.0 ->  2 18   0.0      0.00759954   -0.00304682    0.00818756
  18.0    1 18   0.0 ->  3 18   0.0      0.02314525   -0.00672737    0.02410312
  18.0    1 18   0.0 ->  4 18   0.0      0.05696712   -0.01168558    0.05815329
  18.0    1 18   0.0 ->  5 18   0.0      0.07991875   -0.01938046    0.08223508
  18.0    1 18   0.0 ->  6 18   0.0      0.10220025   -0.02255511    0.10465957
  18.0    1 18   0.0 ->  7 18   0.0      0.11224711   -0.02593681    0.11520474
  18.0    1 18   0.0 ->  8 18   0.0      0.11362825   -0.02913185    0.11730321
  18.0    1 18   0.0 ->  9 18   0.0      0.10487243   -0.03039320    0.10918779
  18.0    1 18   0.0 -> 10 18   0.0      0.09393338   -0.03135703    0.09902900
  18.0    1 18   0.0 -> 11 18   0.0      0.07959297   -0.03653342    0.08757701
  19.0    1 19   0.0 ->  1 19   0.0      0.78325074    0.22704412    0.81549418
  19.0    1 19   0.0 ->  2 19   0.0      0.00721277   -0.00365612    0.00808649
  19.0    1 19   0.0 ->  3 19   0.0      0.02243291   -0.00949874    0.02436107
  19.0    1 19   0.0 ->  4 19   0.0      0.05587133   -0.01995887    0.05932927
  19.0    1 19   0.0 ->  5 19   0.0      0.07629464   -0.02991810    0.08195099
  19.0    1 19   0.0 ->  6 19   0.0      0.09544988   -0.03653590    0.10220348
  19.0    1 19   0.0 ->  7 19   0.0      0.10147243   -0.04137847    0.10958481
  19.0    1 19   0.0 ->  8 19   0.0      0.09708096   -0.04449439    0.10679168
  19.0    1 19   0.0 ->  9 19   0.0      0.08389622   -0.04389172    0.09468399
  19.0    1 19   0.0 -> 10 19   0.0      0.06820525   -0.04158859    0.07988471
  19.0    1 19   0.0 -> 11 19   0.0      0.04923212   -0.03965999    0.06321959
  20.0    1 20   0.0 ->  1 20   0.0      0.86541782    0.16163919    0.88038357
  20.0    1 20   0.0 ->  2 20   0.0      0.00668814   -0.00388503    0.00773465
  20.0    1 20   0.0 ->  3 20   0.0      0.02070319   -0.01104869    0.02346691
  20.0    1 20   0.0 ->  4 20   0.0      0.05116998   -0.02517976    0.05702970
  20.0    1 20   0.0 ->  5 20   0.0      0.06859577   -0.03568455    0.07732249
  20.0    1 20   0.0 ->  6 20   0.0      0.08345801   -0.04371931    0.09421581
  20.0    1 20   0.0 ->  7 20   0.0      0.08528888   -0.04808894    0.09791189
  20.0    1 20   0.0 ->  8 20   0.0      0.07619523   -0.04911708    0.09065429
  20.0    1 20   0.0 ->  9 20   0.0      0.06016472   -0.04568721    0.07554545
  20.0    1 20   0.0 -> 10 20   0.0      0.04230361   -0.03984768    0.05811569
  20.0    1 20   0.0 -> 11 20   0.0      0.02299334   -0.03228189    0.03963350
  21.0    1 21   0.0 ->  1 21   0.0      0.91634412    0.11174675    0.92313265
  21.0    1 21   0.0 ->  2 21   0.0      0.00611881   -0.00391783    0.00726562
  21.0    1 21   0.0 ->  3 21   0.0      0.01855728   -0.01165379    0.02191309
  21.0    1 21   0.0 ->  4 21   0.0      0.04491320   -0.02747816    0.05265211
  21.0    1 21   0.0 ->  5 21   0.0      0.05943331   -0.03754135    0.07029702
  21.0    1 21   0.0 ->  6 21   0.0      0.06994966   -0.04538929    0.08338550
  21.0    1 21   0.0 ->  7 21   0.0      0.06823605   -0.04811013    0.08349097
  21.0    1 21   0.0 ->  8 21   0.0      0.05619077   -0.04623656    0.07276828
  21.0    1 21   0.0 ->  9 21   0.0      0.03919619   -0.03994404    0.05596309
  21.0    1 21   0.0 -> 10 21   0.0      0.02166518   -0.03136428    0.03811953
  21.0    1 21   0.0 -> 11 21   0.0      0.00506361   -0.02077184    0.02138012
  22.0    1 22   0.0 ->  1 22   0.0      0.94778054    0.07590144    0.95081490
  22.0    1 22   0.0 ->  2 22   0.0      0.00551258   -0.00384240    0.00671957
  22.0    1 22   0.0 ->  3 22   0.0      0.01629621   -0.01160434    0.02000568
  22.0    1 22   0.0 ->  4 22   0.0      0.03838518   -0.02758073    0.04726646
  22.0    1 22   0.0 ->  5 22   0.0      0.05022236   -0.03670870    0.06220783
  22.0    1 22   0.0 ->  6 22   0.0      0.05692817   -0.04338368    0.07157486
  22.0    1 22   0.0 ->  7 22   0.0      0.05258917   -0.04400239    0.06856990
  22.0    1 22   0.0 ->  8 22   0.0      0.03928421   -0.03934343    0.05559815
  22.0    1 22   0.0 ->  9 22   0.0      0.02294659   -0.03083960    0.03843991
  22.0    1 22   0.0 -> 10 22   0.0      0.00755830   -0.02082742    0.02215648
  22.0    1 22   0.0 -> 11 22   0.0     -0.00482686   -0.00979740    0.01092188
  23.0    1 23   0.0 ->  1 23   0.0      0.96721634    0.05100278    0.96856014
  23.0    1 23   0.0 ->  2 23   0.0      0.00487893   -0.00368393    0.00611354
  23.0    1 23   0.0 ->  3 23   0.0      0.01408051   -0.01111702    0.01794015
  23.0    1 23   0.0 ->  4 23   0.0      0.03225241   -0.02626802    0.04159600
  23.0    1 23   0.0 ->  5 23   0.0      0.04165479   -0.03421987    0.05390845
  23.0    1 23   0.0 ->  6 23   0.0      0.04529846   -0.03926905    0.05995005
  23.0    1 23   0.0 ->  7 23   0.0      0.03923774   -0.03782903    0.05450354
  23.0    1 23   0.0 ->  8 23   0.0      0.02598055   -0.03101857    0.04046159
  23.0    1 23   0.0 ->  9 23   0.0      0.01142135   -0.02128160    0.02415271
  23.0    1 23   0.0 -> 10 23   0.0     -0.00084059   -0.01117313    0.01120470
  23.0    1 23   0.0 -> 11 23   0.0     -0.00873850   -0.00162314    0.00888796
  24.0    1 24   0.0 ->  1 24   0.0      0.97929157    0.03405258    0.97988344
  24.0    1 24   0.0 ->  2 24   0.0      0.00424443   -0.00345168    0.00547077
  24.0    1 24   0.0 ->  3 24   0.0      0.01200826   -0.01034785    0.01585170
  24.0    1 24   0.0 ->  4 24   0.0      0.02679233   -0.02416545    0.03608043
  24.0    1 24   0.0 ->  5 24   0.0      0.03403916   -0.03082809    0.04592424
  24.0    1 24   0.0 ->  6 24   0.0      0.03536941   -0.03417099    0.04917979
  24.0    1 24   0.0 ->  7 24   0.0      0.02836274   -0.03098986    0.04200972
  24.0    1 24   0.0 ->  8 24   0.0      0.01601650   -0.02284567    0.02790077
  24.0    1 24   0.0 ->  9 24   0.0      0.00384312   -0.01287374    0.01343513
  24.0    1 24   0.0 -> 10 24   0.0     -0.00502415   -0.00374612    0.00626701
  24.0    1 24   0.0 -> 11 24   0.0     -0.00894876    0.00326721    0.00952654
  25.0    1 25   0.0 ->  1 25   0.0      0.98684314    0.02265191    0.98710308
  25.0    1 25   0.0 ->  2 25   0.0      0.00364184   -0.00316135    0.00482257
  25.0    1 25   0.0 ->  3 25   0.0      0.01014040   -0.00941543    0.01383756
  25.0    1 25   0.0 ->  4 25   0.0      0.02207256   -0.02170676    0.03095773
  25.0    1 25   0.0 ->  5 25   0.0      0.02748271   -0.02705273    0.03856358
  25.0    1 25   0.0 ->  6 25   0.0      0.02715186   -0.02882993    0.03960288
  25.0    1 25   0.0 ->  7 25   0.0      0.01981674   -0.02433931    0.03138638
  25.0    1 25   0.0 ->  8 25   0.0      0.00886432   -0.01565321    0.01798886
  25.0    1 25   0.0 ->  9 25   0.0     -0.00073720   -0.00627376    0.00631692
  25.0    1 25   0.0 -> 10 25   0.0     -0.00644444    0.00117020    0.00654982
  25.0    1 25   0.0 -> 11 25   0.0     -0.00729849    0.00535818    0.00905417
  26.0    1 26   0.0 ->  1 26   0.0      0.99159780    0.01503796    0.99171182
  26.0    1 26   0.0 ->  2 26   0.0      0.00309782   -0.00283730    0.00420080
  26.0    1 26   0.0 ->  3 26   0.0      0.00850707   -0.00841288    0.01196439
  26.0    1 26   0.0 ->  4 26   0.0      0.01806200   -0.01916470    0.02633480
  26.0    1 26   0.0 ->  5 26   0.0      0.02197743   -0.02324275    0.03198801
  26.0    1 26   0.0 ->  6 26   0.0      0.02051334   -0.02370256    0.03134658
  26.0    1 26   0.0 ->  7 26   0.0      0.01331087   -0.01834983    0.02266926
  26.0    1 26   0.0 ->  8 26   0.0      0.00395737   -0.00977852    0.01054894
  26.0    1 26   0.0 ->  9 26   0.0     -0.00318448   -0.00156637    0.00354886
  26.0    1 26   0.0 -> 10 26   0.0     -0.00625276    0.00386871    0.00735282
  26.0    1 26   0.0 -> 11 26   0.0     -0.00504091    0.00549453    0.00745658
  27.0    1 27   0.0 ->  1 27   0.0      0.99460961    0.00997358    0.99465961
  27.0    1 27   0.0 ->  2 27   0.0      0.00262648   -0.00250626    0.00363039
  27.0    1 27   0.0 ->  3 27   0.0      0.00711187   -0.00741155    0.01027180
  27.0    1 27   0.0 ->  4 27   0.0      0.01469178   -0.01669752    0.02224086
  27.0    1 27   0.0 ->  5 27   0.0      0.01744538   -0.01962358    0.02625693
  27.0    1 27   0.0 ->  6 27   0.0      0.01525658   -0.01904625    0.02440334
  27.0    1 27   0.0 ->  7 27   0.0      0.00850557   -0.01324210    0.01573843
  27.0    1 27   0.0 ->  8 27   0.0      0.00077429   -0.00526688    0.00532349
  27.0    1 27   0.0 ->  9 27   0.0     -0.00420076    0.00145968    0.00444714
  27.0    1 27   0.0 -> 10 27   0.0     -0.00526156    0.00488004    0.00717627
  27.0    1 27   0.0 -> 11 27   0.0     -0.00290453    0.00451893    0.00537187
  28.0    1 28   0.0 ->  1 28   0.0      0.99652714    0.00661278    0.99654908
  28.0    1 28   0.0 ->  2 28   0.0      0.00222894   -0.00219040    0.00312506
  28.0    1 28   0.0 ->  3 28   0.0      0.00593815   -0.00646173    0.00877586
  28.0    1 28   0.0 ->  4 28   0.0      0.01188409   -0.01439037    0.01866319
  28.0    1 28   0.0 ->  5 28   0.0      0.01376961   -0.01632910    0.02135982
  28.0    1 28   0.0 ->  6 28   0.0      0.01116427   -0.01498178    0.01868407
  28.0    1 28   0.0 ->  7 28   0.0      0.00506141   -0.00907532    0.01039131
  28.0    1 28   0.0 ->  8 28   0.0     -0.00113371   -0.00200288    0.00230148
  28.0    1 28   0.0 ->  9 28   0.0     -0.00431977    0.00313687    0.00533857
  28.0    1 28   0.0 -> 10 28   0.0     -0.00399361    0.00476869    0.00622008
  28.0    1 28   0.0 -> 11 28   0.0     -0.00122763    0.00310127    0.00333541
  29.0    1 29   0.0 ->  1 29   0.0      0.99775330    0.00438538    0.99776294
  29.0    1 29   0.0 ->  2 29   0.0      0.00189684   -0.00190357    0.00268730
  29.0    1 29   0.0 ->  3 29   0.0      0.00495743   -0.00559351    0.00747419
  29.0    1 29   0.0 ->  4 29   0.0      0.00956405   -0.01228465    0.01556867
  29.0    1 29   0.0 ->  5 29   0.0      0.01081807   -0.01342449    0.01724087
  29.0    1 29   0.0 ->  6 29   0.0      0.00802500   -0.01153990    0.01405596
  29.0    1 29   0.0 ->  7 29   0.0      0.00266915   -0.00580900    0.00639288
  29.0    1 29   0.0 ->  8 29   0.0     -0.00213665    0.00020435    0.00214640
  29.0    1 29   0.0 ->  9 29   0.0     -0.00392648    0.00381830    0.00547692
  29.0    1 29   0.0 -> 10 29   0.0     -0.00275281    0.00402452    0.00487593
  29.0    1 29   0.0 -> 11 29   0.0     -0.00009519    0.00169196    0.00169463
  30.0    1 30   0.0 ->  1 30   0.0      0.99854059    0.00291008    0.99854483
  30.0    1 30   0.0 ->  2 30   0.0      0.00161727   -0.00165132    0.00231137
  30.0    1 30   0.0 ->  3 30   0.0      0.00413762   -0.00481998    0.00635233
  30.0    1 30   0.0 ->  4 30   0.0      0.00766355   -0.01039690    0.01291610
  30.0    1 30   0.0 ->  5 30   0.0      0.00846201   -0.01092513    0.01381898
  30.0    1 30   0.0 ->  6 30   0.0      0.00564856   -0.00869568    0.01036923
  30.0    1 30   0.0 ->  7 30   0.0      0.00106551   -0.00334570    0.00351127
  30.0    1 30   0.0 ->  8 30   0.0     -0.00252882    0.00156831    0.00297566
  30.0    1 30   0.0 ->  9 30   0.0     -0.00328526    0.00382488    0.00504209
  30.0    1 30   0.0 -> 10 30   0.0     -0.00169222    0.00301812    0.00346015
  30.0    1 30   0.0 -> 11 30   0.0      0.00054868    0.00054036    0.00077009
