#  1 Channels, Eigenvalue: 5 Energy:   0.5629
# J:0.00 parity: 1
 #  channel core Jc (l sn) jn
#  1 : 1 0.0 0 0.0 0.0
#  1200 points
   0.000     0.00000    
   0.050    0.277048E-02
   0.100    0.559508E-02
   0.150    0.852098E-02
   0.200    0.115822E-01
   0.250    0.147952E-01
   0.300    0.181557E-01
   0.350    0.216390E-01
   0.400    0.252014E-01
   0.450    0.287841E-01
   0.500    0.323184E-01
   0.550    0.357321E-01
   0.600    0.389554E-01
   0.650    0.419268E-01
   0.700    0.445978E-01
   0.750    0.469358E-01
   0.800    0.489262E-01
   0.850    0.505723E-01
   0.900    0.518936E-01
   0.950    0.529232E-01
   1.000    0.537044E-01
   1.050    0.542867E-01
   1.100    0.547217E-01
   1.150    0.550593E-01
   1.200    0.553449E-01
   1.250    0.556162E-01
   1.300    0.559022E-01
   1.350    0.562219E-01
   1.400    0.565843E-01
   1.450    0.569890E-01
   1.500    0.574273E-01
   1.550    0.578839E-01
   1.600    0.583384E-01
   1.650    0.587672E-01
   1.700    0.591453E-01
   1.750    0.594481E-01
   1.800    0.596526E-01
   1.850    0.597389E-01
   1.900    0.596908E-01
   1.950    0.594966E-01
   2.000    0.591493E-01
   2.050    0.586468E-01
   2.100    0.579915E-01
   2.150    0.571902E-01
   2.200    0.562535E-01
   2.250    0.551950E-01
   2.300    0.540311E-01
   2.350    0.527796E-01
   2.400    0.514598E-01
   2.450    0.500912E-01
   2.500    0.486934E-01
   2.550    0.472851E-01
   2.600    0.458838E-01
   2.650    0.445055E-01
   2.700    0.431644E-01
   2.750    0.418726E-01
   2.800    0.406399E-01
   2.850    0.394738E-01
   2.900    0.383795E-01
   2.950    0.373600E-01
   3.000    0.364162E-01
   3.050    0.355469E-01
   3.100    0.347492E-01
   3.150    0.340184E-01
   3.200    0.333488E-01
   3.250    0.327332E-01
   3.300    0.321636E-01
   3.350    0.316315E-01
   3.400    0.311277E-01
   3.450    0.306429E-01
   3.500    0.301677E-01
   3.550    0.296930E-01
   3.600    0.292099E-01
   3.650    0.287100E-01
   3.700    0.281855E-01
   3.750    0.276292E-01
   3.800    0.270348E-01
   3.850    0.263968E-01
   3.900    0.257105E-01
   3.950    0.249724E-01
   4.000    0.241796E-01
   4.050    0.233302E-01
   4.100    0.224233E-01
   4.150    0.214587E-01
   4.200    0.204372E-01
   4.250    0.193604E-01
   4.300    0.182303E-01
   4.350    0.170498E-01
   4.400    0.158224E-01
   4.450    0.145520E-01
   4.500    0.132430E-01
   4.550    0.119000E-01
   4.600    0.105280E-01
   4.650    0.913237E-02
   4.700    0.771828E-02
   4.750    0.629116E-02
   4.800    0.485640E-02
   4.850    0.341931E-02
   4.900    0.198509E-02
   4.950    0.558751E-03
   5.000   -0.854902E-03
   5.050   -0.225135E-02
   5.100   -0.362636E-02
   5.150   -0.497607E-02
   5.200   -0.629694E-02
   5.250   -0.758584E-02
   5.300   -0.884004E-02
   5.350   -0.100572E-01
   5.400   -0.112355E-01
   5.450   -0.123733E-01
   5.500   -0.134698E-01
   5.550   -0.145241E-01
   5.600   -0.155361E-01
   5.650   -0.165059E-01
   5.700   -0.174341E-01
   5.750   -0.183216E-01
   5.800   -0.191696E-01
   5.850   -0.199796E-01
   5.900   -0.207535E-01
   5.950   -0.214934E-01
   6.000   -0.222016E-01
   6.050   -0.228807E-01
   6.100   -0.235335E-01
   6.150   -0.241627E-01
   6.200   -0.247714E-01
   6.250   -0.253627E-01
   6.300   -0.259398E-01
   6.350   -0.265059E-01
   6.400   -0.270643E-01
   6.450   -0.276180E-01
   6.500   -0.281704E-01
   6.550   -0.287246E-01
   6.600   -0.292835E-01
   6.650   -0.298501E-01
   6.700   -0.304273E-01
   6.750   -0.310177E-01
   6.800   -0.316238E-01
   6.850   -0.322481E-01
   6.900   -0.328927E-01
   6.950   -0.335596E-01
   7.000   -0.342505E-01
   7.050   -0.349672E-01
   7.100   -0.357110E-01
   7.150   -0.364830E-01
   7.200   -0.372842E-01
   7.250   -0.381153E-01
   7.300   -0.389769E-01
   7.350   -0.398693E-01
   7.400   -0.407925E-01
   7.450   -0.417464E-01
   7.500   -0.427308E-01
   7.550   -0.437451E-01
   7.600   -0.447886E-01
   7.650   -0.458605E-01
   7.700   -0.469596E-01
   7.750   -0.480849E-01
   7.800   -0.492349E-01
   7.850   -0.504082E-01
   7.900   -0.516032E-01
   7.950   -0.528181E-01
   8.000   -0.540511E-01
   8.050   -0.553003E-01
   8.100   -0.565637E-01
   8.150   -0.578393E-01
   8.200   -0.591250E-01
   8.250   -0.604185E-01
   8.300   -0.617179E-01
   8.350   -0.630208E-01
   8.400   -0.643251E-01
   8.450   -0.656287E-01
   8.500   -0.669294E-01
   8.550   -0.682251E-01
   8.600   -0.695136E-01
   8.650   -0.707931E-01
   8.700   -0.720615E-01
   8.750   -0.733170E-01
   8.800   -0.745577E-01
   8.850   -0.757819E-01
   8.900   -0.769880E-01
   8.950   -0.781744E-01
   9.000   -0.793398E-01
   9.050   -0.804827E-01
   9.100   -0.816020E-01
   9.150   -0.826966E-01
   9.200   -0.837655E-01
   9.250   -0.848078E-01
   9.300   -0.858229E-01
   9.350   -0.868101E-01
   9.400   -0.877688E-01
   9.450   -0.886989E-01
   9.500   -0.895999E-01
   9.550   -0.904718E-01
   9.600   -0.913147E-01
   9.650   -0.921286E-01
   9.700   -0.929137E-01
   9.750   -0.936704E-01
   9.800   -0.943992E-01
   9.850   -0.951005E-01
   9.900   -0.957752E-01
   9.950   -0.964239E-01
  10.000   -0.970474E-01
  10.050   -0.976467E-01
  10.100   -0.982228E-01
  10.150   -0.987768E-01
  10.200   -0.993097E-01
  10.250   -0.998229E-01
  10.300   -0.100318    
  10.350   -0.100795    
  10.400   -0.101257    
  10.450   -0.101704    
  10.500   -0.102138    
  10.550   -0.102560    
  10.600   -0.102972    
  10.650   -0.103376    
  10.700   -0.103772    
  10.750   -0.104163    
  10.800   -0.104549    
  10.850   -0.104933    
  10.900   -0.105315    
  10.950   -0.105697    
  11.000   -0.106080    
  11.050   -0.106466    
  11.100   -0.106857    
  11.150   -0.107252    
  11.200   -0.107655    
  11.250   -0.108065    
  11.300   -0.108484    
  11.350   -0.108912    
  11.400   -0.109352    
  11.450   -0.109803    
  11.500   -0.110268    
  11.550   -0.110745    
  11.600   -0.111237    
  11.650   -0.111744    
  11.700   -0.112267    
  11.750   -0.112805    
  11.800   -0.113360    
  11.850   -0.113932    
  11.900   -0.114521    
  11.950   -0.115127    
  12.000   -0.115750    
  12.050   -0.116392    
  12.100   -0.117050    
  12.150   -0.117726    
  12.200   -0.118419    
  12.250   -0.119130    
  12.300   -0.119857    
  12.350   -0.120600    
  12.400   -0.121359    
  12.450   -0.122134    
  12.500   -0.122923    
  12.550   -0.123727    
  12.600   -0.124545    
  12.650   -0.125375    
  12.700   -0.126217    
  12.750   -0.127071    
  12.800   -0.127935    
  12.850   -0.128808    
  12.900   -0.129691    
  12.950   -0.130580    
  13.000   -0.131477    
  13.050   -0.132379    
  13.100   -0.133285    
  13.150   -0.134195    
  13.200   -0.135108    
  13.250   -0.136021    
  13.300   -0.136935    
  13.350   -0.137848    
  13.400   -0.138759    
  13.450   -0.139666    
  13.500   -0.140569    
  13.550   -0.141467    
  13.600   -0.142359    
  13.650   -0.143242    
  13.700   -0.144118    
  13.750   -0.144983    
  13.800   -0.145838    
  13.850   -0.146681    
  13.900   -0.147511    
  13.950   -0.148327    
  14.000   -0.149129    
  14.050   -0.149916    
  14.100   -0.150686    
  14.150   -0.151439    
  14.200   -0.152174    
  14.250   -0.152890    
  14.300   -0.153587    
  14.350   -0.154264    
  14.400   -0.154921    
  14.450   -0.155556    
  14.500   -0.156170    
  14.550   -0.156762    
  14.600   -0.157331    
  14.650   -0.157877    
  14.700   -0.158400    
  14.750   -0.158900    
  14.800   -0.159376    
  14.850   -0.159828    
  14.900   -0.160256    
  14.950   -0.160660    
  15.000   -0.161040    
  15.050   -0.161396    
  15.100   -0.161728    
  15.150   -0.162036    
  15.200   -0.162320    
  15.250   -0.162581    
  15.300   -0.162819    
  15.350   -0.163034    
  15.400   -0.163227    
  15.450   -0.163397    
  15.500   -0.163545    
  15.550   -0.163673    
  15.600   -0.163779    
  15.650   -0.163865    
  15.700   -0.163932    
  15.750   -0.163979    
  15.800   -0.164008    
  15.850   -0.164019    
  15.900   -0.164013    
  15.950   -0.163990    
  16.000   -0.163952    
  16.050   -0.163898    
  16.100   -0.163831    
  16.150   -0.163749    
  16.200   -0.163655    
  16.250   -0.163550    
  16.300   -0.163433    
  16.350   -0.163305    
  16.400   -0.163169    
  16.450   -0.163023    
  16.500   -0.162870    
  16.550   -0.162710    
  16.600   -0.162543    
  16.650   -0.162372    
  16.700   -0.162195    
  16.750   -0.162015    
  16.800   -0.161832    
  16.850   -0.161647    
  16.900   -0.161461    
  16.950   -0.161273    
  17.000   -0.161086    
  17.050   -0.160900    
  17.100   -0.160716    
  17.150   -0.160533    
  17.200   -0.160354    
  17.250   -0.160178    
  17.300   -0.160006    
  17.350   -0.159839    
  17.400   -0.159677    
  17.450   -0.159522    
  17.500   -0.159372    
  17.550   -0.159230    
  17.600   -0.159095    
  17.650   -0.158967    
  17.700   -0.158848    
  17.750   -0.158738    
  17.800   -0.158636    
  17.850   -0.158543    
  17.900   -0.158460    
  17.950   -0.158387    
  18.000   -0.158324    
  18.050   -0.158270    
  18.100   -0.158227    
  18.150   -0.158194    
  18.200   -0.158172    
  18.250   -0.158160    
  18.300   -0.158158    
  18.350   -0.158167    
  18.400   -0.158186    
  18.450   -0.158216    
  18.500   -0.158255    
  18.550   -0.158305    
  18.600   -0.158364    
  18.650   -0.158433    
  18.700   -0.158512    
  18.750   -0.158599    
  18.800   -0.158696    
  18.850   -0.158801    
  18.900   -0.158914    
  18.950   -0.159035    
  19.000   -0.159163    
  19.050   -0.159298    
  19.100   -0.159440    
  19.150   -0.159588    
  19.200   -0.159741    
  19.250   -0.159900    
  19.300   -0.160063    
  19.350   -0.160230    
  19.400   -0.160401    
  19.450   -0.160575    
  19.500   -0.160751    
  19.550   -0.160929    
  19.600   -0.161108    
  19.650   -0.161287    
  19.700   -0.161467    
  19.750   -0.161646    
  19.800   -0.161823    
  19.850   -0.161999    
  19.900   -0.162172    
  19.950   -0.162342    
  20.000   -0.162508    
  20.050   -0.162670    
  20.100   -0.162827    
  20.150   -0.162977    
  20.200   -0.163122    
  20.250   -0.163259    
  20.300   -0.163389    
  20.350   -0.163511    
  20.400   -0.163623    
  20.450   -0.163726    
  20.500   -0.163819    
  20.550   -0.163902    
  20.600   -0.163973    
  20.650   -0.164032    
  20.700   -0.164080    
  20.750   -0.164114    
  20.800   -0.164135    
  20.850   -0.164142    
  20.900   -0.164134    
  20.950   -0.164112    
  21.000   -0.164075    
  21.050   -0.164022    
  21.100   -0.163953    
  21.150   -0.163867    
  21.200   -0.163764    
  21.250   -0.163644    
  21.300   -0.163507    
  21.350   -0.163352    
  21.400   -0.163178    
  21.450   -0.162986    
  21.500   -0.162776    
  21.550   -0.162546    
  21.600   -0.162298    
  21.650   -0.162030    
  21.700   -0.161742    
  21.750   -0.161436    
  21.800   -0.161109    
  21.850   -0.160763    
  21.900   -0.160397    
  21.950   -0.160011    
  22.000   -0.159605    
  22.050   -0.159180    
  22.100   -0.158734    
  22.150   -0.158269    
  22.200   -0.157784    
  22.250   -0.157280    
  22.300   -0.156756    
  22.350   -0.156212    
  22.400   -0.155650    
  22.450   -0.155068    
  22.500   -0.154468    
  22.550   -0.153849    
  22.600   -0.153212    
  22.650   -0.152557    
  22.700   -0.151884    
  22.750   -0.151194    
  22.800   -0.150486    
  22.850   -0.149762    
  22.900   -0.149021    
  22.950   -0.148264    
  23.000   -0.147492    
  23.050   -0.146704    
  23.100   -0.145901    
  23.150   -0.145084    
  23.200   -0.144252    
  23.250   -0.143407    
  23.300   -0.142549    
  23.350   -0.141678    
  23.400   -0.140795    
  23.450   -0.139900    
  23.500   -0.138994    
  23.550   -0.138077    
  23.600   -0.137150    
  23.650   -0.136213    
  23.700   -0.135267    
  23.750   -0.134312    
  23.800   -0.133349    
  23.850   -0.132379    
  23.900   -0.131401    
  23.950   -0.130417    
  24.000   -0.129427    
  24.050   -0.128432    
  24.100   -0.127431    
  24.150   -0.126426    
  24.200   -0.125417    
  24.250   -0.124405    
  24.300   -0.123390    
  24.350   -0.122373    
  24.400   -0.121354    
  24.450   -0.120333    
  24.500   -0.119312    
  24.550   -0.118291    
  24.600   -0.117270    
  24.650   -0.116249    
  24.700   -0.115230    
  24.750   -0.114212    
  24.800   -0.113197    
  24.850   -0.112184    
  24.900   -0.111174    
  24.950   -0.110167    
  25.000   -0.109164    
  25.050   -0.108166    
  25.100   -0.107172    
  25.150   -0.106183    
  25.200   -0.105199    
  25.250   -0.104221    
  25.300   -0.103250    
  25.350   -0.102284    
  25.400   -0.101326    
  25.450   -0.100374    
  25.500   -0.994297E-01
  25.550   -0.984928E-01
  25.600   -0.975638E-01
  25.650   -0.966428E-01
  25.700   -0.957301E-01
  25.750   -0.948258E-01
  25.800   -0.939302E-01
  25.850   -0.930434E-01
  25.900   -0.921656E-01
  25.950   -0.912969E-01
  26.000   -0.904375E-01
  26.050   -0.895874E-01
  26.100   -0.887467E-01
  26.150   -0.879156E-01
  26.200   -0.870941E-01
  26.250   -0.862822E-01
  26.300   -0.854800E-01
  26.350   -0.846874E-01
  26.400   -0.839045E-01
  26.450   -0.831313E-01
  26.500   -0.823677E-01
  26.550   -0.816136E-01
  26.600   -0.808691E-01
  26.650   -0.801339E-01
  26.700   -0.794081E-01
  26.750   -0.786916E-01
  26.800   -0.779841E-01
  26.850   -0.772856E-01
  26.900   -0.765959E-01
  26.950   -0.759148E-01
  27.000   -0.752422E-01
  27.050   -0.745779E-01
  27.100   -0.739217E-01
  27.150   -0.732734E-01
  27.200   -0.726326E-01
  27.250   -0.719993E-01
  27.300   -0.713732E-01
  27.350   -0.707539E-01
  27.400   -0.701413E-01
  27.450   -0.695350E-01
  27.500   -0.689347E-01
  27.550   -0.683403E-01
  27.600   -0.677513E-01
  27.650   -0.671674E-01
  27.700   -0.665884E-01
  27.750   -0.660138E-01
  27.800   -0.654435E-01
  27.850   -0.648769E-01
  27.900   -0.643138E-01
  27.950   -0.637538E-01
  28.000   -0.631966E-01
  28.050   -0.626418E-01
  28.100   -0.620890E-01
  28.150   -0.615378E-01
  28.200   -0.609880E-01
  28.250   -0.604391E-01
  28.300   -0.598906E-01
  28.350   -0.593424E-01
  28.400   -0.587939E-01
  28.450   -0.582448E-01
  28.500   -0.576947E-01
  28.550   -0.571433E-01
  28.600   -0.565901E-01
  28.650   -0.560347E-01
  28.700   -0.554768E-01
  28.750   -0.549160E-01
  28.800   -0.543520E-01
  28.850   -0.537843E-01
  28.900   -0.532126E-01
  28.950   -0.526366E-01
  29.000   -0.520557E-01
  29.050   -0.514698E-01
  29.100   -0.508785E-01
  29.150   -0.502813E-01
  29.200   -0.496780E-01
  29.250   -0.490682E-01
  29.300   -0.484516E-01
  29.350   -0.478279E-01
  29.400   -0.471967E-01
  29.450   -0.465577E-01
  29.500   -0.459107E-01
  29.550   -0.452554E-01
  29.600   -0.445914E-01
  29.650   -0.439184E-01
  29.700   -0.432363E-01
  29.750   -0.425447E-01
  29.800   -0.418434E-01
  29.850   -0.411322E-01
  29.900   -0.404108E-01
  29.950   -0.396789E-01
  30.000   -0.389365E-01
  30.050   -0.381832E-01
  30.100   -0.374189E-01
  30.150   -0.366435E-01
  30.200   -0.358566E-01
  30.250   -0.350583E-01
  30.300   -0.342482E-01
  30.350   -0.334264E-01
  30.400   -0.325926E-01
  30.450   -0.317467E-01
  30.500   -0.308887E-01
  30.550   -0.300185E-01
  30.600   -0.291359E-01
  30.650   -0.282409E-01
  30.700   -0.273335E-01
  30.750   -0.264135E-01
  30.800   -0.254810E-01
  30.850   -0.245360E-01
  30.900   -0.235784E-01
  30.950   -0.226082E-01
  31.000   -0.216254E-01
  31.050   -0.206302E-01
  31.100   -0.196224E-01
  31.150   -0.186022E-01
  31.200   -0.175696E-01
  31.250   -0.165246E-01
  31.300   -0.154675E-01
  31.350   -0.143982E-01
  31.400   -0.133168E-01
  31.450   -0.122235E-01
  31.500   -0.111185E-01
  31.550   -0.100017E-01
  31.600   -0.887345E-02
  31.650   -0.773383E-02
  31.700   -0.658302E-02
  31.750   -0.542119E-02
  31.800   -0.424853E-02
  31.850   -0.306524E-02
  31.900   -0.187153E-02
  31.950   -0.667606E-03
  32.000    0.546300E-03
  32.050    0.176996E-02
  32.100    0.300312E-02
  32.150    0.424554E-02
  32.200    0.549696E-02
  32.250    0.675712E-02
  32.300    0.802573E-02
  32.350    0.930251E-02
  32.400    0.105872E-01
  32.450    0.118795E-01
  32.500    0.131790E-01
  32.550    0.144855E-01
  32.600    0.157987E-01
  32.650    0.171183E-01
  32.700    0.184438E-01
  32.750    0.197751E-01
  32.800    0.211117E-01
  32.850    0.224533E-01
  32.900    0.237996E-01
  32.950    0.251501E-01
  33.000    0.265047E-01
  33.050    0.278628E-01
  33.100    0.292242E-01
  33.150    0.305885E-01
  33.200    0.319553E-01
  33.250    0.333242E-01
  33.300    0.346949E-01
  33.350    0.360670E-01
  33.400    0.374401E-01
  33.450    0.388139E-01
  33.500    0.401880E-01
  33.550    0.415620E-01
  33.600    0.429355E-01
  33.650    0.443081E-01
  33.700    0.456796E-01
  33.750    0.470494E-01
  33.800    0.484173E-01
  33.850    0.497828E-01
  33.900    0.511456E-01
  33.950    0.525053E-01
  34.000    0.538616E-01
  34.050    0.552140E-01
  34.100    0.565622E-01
  34.150    0.579059E-01
  34.200    0.592447E-01
  34.250    0.605783E-01
  34.300    0.619062E-01
  34.350    0.632282E-01
  34.400    0.645438E-01
  34.450    0.658528E-01
  34.500    0.671549E-01
  34.550    0.684496E-01
  34.600    0.697368E-01
  34.650    0.710159E-01
  34.700    0.722868E-01
  34.750    0.735491E-01
  34.800    0.748026E-01
  34.850    0.760469E-01
  34.900    0.772817E-01
  34.950    0.785067E-01
  35.000    0.797217E-01
  35.050    0.809265E-01
  35.100    0.821206E-01
  35.150    0.833039E-01
  35.200    0.844762E-01
  35.250    0.856371E-01
  35.300    0.867864E-01
  35.350    0.879240E-01
  35.400    0.890495E-01
  35.450    0.901628E-01
  35.500    0.912637E-01
  35.550    0.923520E-01
  35.600    0.934274E-01
  35.650    0.944898E-01
  35.700    0.955390E-01
  35.750    0.965749E-01
  35.800    0.975973E-01
  35.850    0.986060E-01
  35.900    0.996009E-01
  35.950    0.100582    
  36.000    0.101549    
  36.050    0.102501    
  36.100    0.103440    
  36.150    0.104364    
  36.200    0.105274    
  36.250    0.106169    
  36.300    0.107049    
  36.350    0.107915    
  36.400    0.108766    
  36.450    0.109602    
  36.500    0.110423    
  36.550    0.111230    
  36.600    0.112021    
  36.650    0.112798    
  36.700    0.113560    
  36.750    0.114307    
  36.800    0.115039    
  36.850    0.115756    
  36.900    0.116458    
  36.950    0.117145    
  37.000    0.117818    
  37.050    0.118476    
  37.100    0.119119    
  37.150    0.119748    
  37.200    0.120362    
  37.250    0.120962    
  37.300    0.121547    
  37.350    0.122119    
  37.400    0.122676    
  37.450    0.123219    
  37.500    0.123748    
  37.550    0.124263    
  37.600    0.124765    
  37.650    0.125253    
  37.700    0.125728    
  37.750    0.126189    
  37.800    0.126638    
  37.850    0.127073    
  37.900    0.127496    
  37.950    0.127906    
  38.000    0.128304    
  38.050    0.128690    
  38.100    0.129063    
  38.150    0.129425    
  38.200    0.129775    
  38.250    0.130114    
  38.300    0.130442    
  38.350    0.130759    
  38.400    0.131064    
  38.450    0.131360    
  38.500    0.131645    
  38.550    0.131920    
  38.600    0.132185    
  38.650    0.132440    
  38.700    0.132686    
  38.750    0.132923    
  38.800    0.133151    
  38.850    0.133370    
  38.900    0.133581    
  38.950    0.133784    
  39.000    0.133979    
  39.050    0.134166    
  39.100    0.134346    
  39.150    0.134519    
  39.200    0.134685    
  39.250    0.134844    
  39.300    0.134997    
  39.350    0.135143    
  39.400    0.135284    
  39.450    0.135420    
  39.500    0.135550    
  39.550    0.135675    
  39.600    0.135795    
  39.650    0.135910    
  39.700    0.136022    
  39.750    0.136129    
  39.800    0.136233    
  39.850    0.136333    
  39.900    0.136430    
  39.950    0.136524    
  40.000    0.136615    
  40.050    0.136704    
  40.100    0.136791    
  40.150    0.136875    
  40.200    0.136958    
  40.250    0.137039    
  40.300    0.137119    
  40.350    0.137198    
  40.400    0.137277    
  40.450    0.137354    
  40.500    0.137432    
  40.550    0.137509    
  40.600    0.137586    
  40.650    0.137664    
  40.700    0.137742    
  40.750    0.137822    
  40.800    0.137902    
  40.850    0.137983    
  40.900    0.138065    
  40.950    0.138150    
  41.000    0.138236    
  41.050    0.138323    
  41.100    0.138413    
  41.150    0.138506    
  41.200    0.138600    
  41.250    0.138698    
  41.300    0.138798    
  41.350    0.138901    
  41.400    0.139007    
  41.450    0.139116    
  41.500    0.139229    
  41.550    0.139346    
  41.600    0.139466    
  41.650    0.139589    
  41.700    0.139717    
  41.750    0.139848    
  41.800    0.139984    
  41.850    0.140124    
  41.900    0.140268    
  41.950    0.140417    
  42.000    0.140570    
  42.050    0.140727    
  42.100    0.140890    
  42.150    0.141057    
  42.200    0.141228    
  42.250    0.141405    
  42.300    0.141586    
  42.350    0.141772    
  42.400    0.141963    
  42.450    0.142159    
  42.500    0.142360    
  42.550    0.142566    
  42.600    0.142777    
  42.650    0.142993    
  42.700    0.143214    
  42.750    0.143440    
  42.800    0.143671    
  42.850    0.143907    
  42.900    0.144148    
  42.950    0.144394    
  43.000    0.144645    
  43.050    0.144900    
  43.100    0.145161    
  43.150    0.145426    
  43.200    0.145695    
  43.250    0.145970    
  43.300    0.146249    
  43.350    0.146532    
  43.400    0.146820    
  43.450    0.147112    
  43.500    0.147408    
  43.550    0.147708    
  43.600    0.148012    
  43.650    0.148321    
  43.700    0.148632    
  43.750    0.148948    
  43.800    0.149267    
  43.850    0.149590    
  43.900    0.149915    
  43.950    0.150244    
  44.000    0.150576    
  44.050    0.150911    
  44.100    0.151248    
  44.150    0.151588    
  44.200    0.151930    
  44.250    0.152275    
  44.300    0.152621    
  44.350    0.152970    
  44.400    0.153320    
  44.450    0.153671    
  44.500    0.154024    
  44.550    0.154378    
  44.600    0.154733    
  44.650    0.155088    
  44.700    0.155444    
  44.750    0.155801    
  44.800    0.156157    
  44.850    0.156514    
  44.900    0.156870    
  44.950    0.157226    
  45.000    0.157581    
  45.050    0.157934    
  45.100    0.158287    
  45.150    0.158639    
  45.200    0.158988    
  45.250    0.159336    
  45.300    0.159682    
  45.350    0.160026    
  45.400    0.160367    
  45.450    0.160705    
  45.500    0.161040    
  45.550    0.161372    
  45.600    0.161700    
  45.650    0.162025    
  45.700    0.162345    
  45.750    0.162662    
  45.800    0.162974    
  45.850    0.163281    
  45.900    0.163583    
  45.950    0.163880    
  46.000    0.164172    
  46.050    0.164457    
  46.100    0.164737    
  46.150    0.165011    
  46.200    0.165278    
  46.250    0.165539    
  46.300    0.165792    
  46.350    0.166039    
  46.400    0.166277    
  46.450    0.166509    
  46.500    0.166732    
  46.550    0.166947    
  46.600    0.167154    
  46.650    0.167352    
  46.700    0.167541    
  46.750    0.167721    
  46.800    0.167892    
  46.850    0.168053    
  46.900    0.168204    
  46.950    0.168346    
  47.000    0.168477    
  47.050    0.168597    
  47.100    0.168707    
  47.150    0.168805    
  47.200    0.168893    
  47.250    0.168969    
  47.300    0.169033    
  47.350    0.169086    
  47.400    0.169126    
  47.450    0.169155    
  47.500    0.169170    
  47.550    0.169173    
  47.600    0.169164    
  47.650    0.169141    
  47.700    0.169105    
  47.750    0.169055    
  47.800    0.168992    
  47.850    0.168914    
  47.900    0.168823    
  47.950    0.168718    
  48.000    0.168598    
  48.050    0.168464    
  48.100    0.168315    
  48.150    0.168151    
  48.200    0.167972    
  48.250    0.167778    
  48.300    0.167569    
  48.350    0.167344    
  48.400    0.167103    
  48.450    0.166847    
  48.500    0.166575    
  48.550    0.166287    
  48.600    0.165982    
  48.650    0.165662    
  48.700    0.165324    
  48.750    0.164971    
  48.800    0.164601    
  48.850    0.164214    
  48.900    0.163810    
  48.950    0.163389    
  49.000    0.162951    
  49.050    0.162496    
  49.100    0.162024    
  49.150    0.161535    
  49.200    0.161028    
  49.250    0.160504    
  49.300    0.159962    
  49.350    0.159403    
  49.400    0.158826    
  49.450    0.158232    
  49.500    0.157620    
  49.550    0.156990    
  49.600    0.156342    
  49.650    0.155677    
  49.700    0.154994    
  49.750    0.154293    
  49.800    0.153574    
  49.850    0.152837    
  49.900    0.152082    
  49.950    0.151310    
  50.000    0.150519    
  50.050    0.149711    
  50.100    0.148885    
  50.150    0.148041    
  50.200    0.147180    
  50.250    0.146300    
  50.300    0.145403    
  50.350    0.144488    
  50.400    0.143555    
  50.450    0.142605    
  50.500    0.141637    
  50.550    0.140652    
  50.600    0.139649    
  50.650    0.138629    
  50.700    0.137592    
  50.750    0.136537    
  50.800    0.135465    
  50.850    0.134376    
  50.900    0.133270    
  50.950    0.132148    
  51.000    0.131008    
  51.050    0.129852    
  51.100    0.128679    
  51.150    0.127489    
  51.200    0.126284    
  51.250    0.125062    
  51.300    0.123823    
  51.350    0.122569    
  51.400    0.121299    
  51.450    0.120014    
  51.500    0.118712    
  51.550    0.117396    
  51.600    0.116063    
  51.650    0.114716    
  51.700    0.113354    
  51.750    0.111977    
  51.800    0.110585    
  51.850    0.109179    
  51.900    0.107758    
  51.950    0.106324    
  52.000    0.104875    
  52.050    0.103412    
  52.100    0.101936    
  52.150    0.100446    
  52.200    0.989434E-01
  52.250    0.974274E-01
  52.300    0.958986E-01
  52.350    0.943571E-01
  52.400    0.928031E-01
  52.450    0.912369E-01
  52.500    0.896587E-01
  52.550    0.880686E-01
  52.600    0.864668E-01
  52.650    0.848537E-01
  52.700    0.832294E-01
  52.750    0.815941E-01
  52.800    0.799481E-01
  52.850    0.782915E-01
  52.900    0.766247E-01
  52.950    0.749478E-01
  53.000    0.732611E-01
  53.050    0.715648E-01
  53.100    0.698591E-01
  53.150    0.681444E-01
  53.200    0.664207E-01
  53.250    0.646885E-01
  53.300    0.629479E-01
  53.350    0.611991E-01
  53.400    0.594425E-01
  53.450    0.576782E-01
  53.500    0.559066E-01
  53.550    0.541278E-01
  53.600    0.523422E-01
  53.650    0.505499E-01
  53.700    0.487513E-01
  53.750    0.469466E-01
  53.800    0.451361E-01
  53.850    0.433200E-01
  53.900    0.414985E-01
  53.950    0.396721E-01
  54.000    0.378408E-01
  54.050    0.360050E-01
  54.100    0.341650E-01
  54.150    0.323209E-01
  54.200    0.304732E-01
  54.250    0.286220E-01
  54.300    0.267676E-01
  54.350    0.249102E-01
  54.400    0.230503E-01
  54.450    0.211879E-01
  54.500    0.193234E-01
  54.550    0.174571E-01
  54.600    0.155892E-01
  54.650    0.137200E-01
  54.700    0.118497E-01
  54.750    0.997871E-02
  54.800    0.810719E-02
  54.850    0.623544E-02
  54.900    0.436372E-02
  54.950    0.249230E-02
  55.000    0.621453E-03
  55.050   -0.124856E-02
  55.100   -0.311747E-02
  55.150   -0.498502E-02
  55.200   -0.685093E-02
  55.250   -0.871495E-02
  55.300   -0.105768E-01
  55.350   -0.124362E-01
  55.400   -0.142930E-01
  55.450   -0.161468E-01
  55.500   -0.179974E-01
  55.550   -0.198446E-01
  55.600   -0.216880E-01
  55.650   -0.235274E-01
  55.700   -0.253627E-01
  55.750   -0.271934E-01
  55.800   -0.290194E-01
  55.850   -0.308404E-01
  55.900   -0.326562E-01
  55.950   -0.344665E-01
  56.000   -0.362711E-01
  56.050   -0.380697E-01
  56.100   -0.398621E-01
  56.150   -0.416480E-01
  56.200   -0.434273E-01
  56.250   -0.451996E-01
  56.300   -0.469647E-01
  56.350   -0.487224E-01
  56.400   -0.504725E-01
  56.450   -0.522148E-01
  56.500   -0.539489E-01
  56.550   -0.556747E-01
  56.600   -0.573920E-01
  56.650   -0.591005E-01
  56.700   -0.608000E-01
  56.750   -0.624903E-01
  56.800   -0.641712E-01
  56.850   -0.658425E-01
  56.900   -0.675039E-01
  56.950   -0.691553E-01
  57.000   -0.707964E-01
  57.050   -0.724271E-01
  57.100   -0.740471E-01
  57.150   -0.756563E-01
  57.200   -0.772543E-01
  57.250   -0.788412E-01
  57.300   -0.804166E-01
  57.350   -0.819804E-01
  57.400   -0.835323E-01
  57.450   -0.850723E-01
  57.500   -0.866001E-01
  57.550   -0.881155E-01
  57.600   -0.896184E-01
  57.650   -0.911086E-01
  57.700   -0.925859E-01
  57.750   -0.940502E-01
  57.800   -0.955012E-01
  57.850   -0.969389E-01
  57.900   -0.983631E-01
  57.950   -0.997736E-01
  58.000   -0.101170    
  58.050   -0.102553    
  58.100   -0.103922    
  58.150   -0.105276    
  58.200   -0.106616    
  58.250   -0.107941    
  58.300   -0.109252    
  58.350   -0.110547    
  58.400   -0.111828    
  58.450   -0.113094    
  58.500   -0.114345    
  58.550   -0.115580    
  58.600   -0.116800    
  58.650   -0.118004    
  58.700   -0.119193    
  58.750   -0.120365    
  58.800   -0.121522    
  58.850   -0.122663    
  58.900   -0.123788    
  58.950   -0.124897    
  59.000   -0.125989    
  59.050   -0.127065    
  59.100   -0.128125    
  59.150   -0.129168    
  59.200   -0.130195    
  59.250   -0.131204    
  59.300   -0.132197    
  59.350   -0.133174    
  59.400   -0.134133    
  59.450   -0.135075    
  59.500   -0.136000    
  59.550   -0.136909    
  59.600   -0.137800    
  59.650   -0.138673    
  59.700   -0.139530    
  59.750   -0.140369    
  59.800   -0.141191    
  59.850   -0.141995    
  59.900   -0.142783    
  59.950   -0.143552    
 & 
