 # Cross sections for state #  4 Ex=  0.225 MeV J/pi=  0.0+
    0.100     256.26    
    0.600     249.55    
    1.100     233.83    
    1.600     210.46    
    2.100     181.44    
    2.600     149.14    
    3.100     116.08    
    3.600     84.635    
    4.100     56.806    
    4.600     34.049    
    5.100     17.166    
    5.600     6.2929    
    6.100    0.96074    
    6.600    0.22535    
    7.100     2.8382    
    7.600     7.4336    
    8.100     12.705    
    8.600     17.550    
    9.100     21.170    
    9.600     23.111    
   10.100     23.257    
   10.600     21.777    
   11.100     19.047    
   11.600     15.553    
   12.100     11.800    
   12.600     8.2339    
   13.100     5.1914    
   13.600     2.8706    
   14.100     1.3327    
   14.600    0.52205    
   15.100    0.29983    
   15.600    0.48361    
   16.100    0.88436    
   16.600     1.3363    
   17.100     1.7156    
   17.600     1.9489    
   18.100     2.0102    
   18.600     1.9119    
   19.100     1.6920    
   19.600     1.3995    
   20.100     1.0832    
   20.600    0.78308    
   21.100    0.52600    
   21.600    0.32513    
   22.100    0.18186    
   22.600    0.89363E-01
   23.100    0.36482E-01
   23.600    0.11062E-01
   24.100    0.23423E-02
   24.600    0.21897E-02
   25.100    0.53674E-02
   25.600    0.91440E-02
   26.100    0.12583E-01
   26.600    0.15798E-01
   27.100    0.19344E-01
   27.600    0.23808E-01
   28.100    0.29577E-01
   28.600    0.36733E-01
   29.100    0.45005E-01
   29.600    0.53770E-01
   30.100    0.62085E-01
   30.600    0.68793E-01
   31.100    0.72706E-01
   31.600    0.72858E-01
   32.100    0.68796E-01
   32.600    0.60821E-01
   33.100    0.50121E-01
   33.600    0.38710E-01
   34.100    0.29162E-01
   34.600    0.24167E-01
   35.100    0.25986E-01
   35.600    0.35923E-01
   36.100    0.53955E-01
   36.600    0.78595E-01
   37.100    0.10706    
   37.600    0.13571    
   38.100    0.16069    
   38.600    0.17862    
   39.100    0.18719    
   39.600    0.18560    
   40.100    0.17464    
   40.600    0.15648    
   41.100    0.13421    
   41.600    0.11126    
   42.100    0.90732E-01
   42.600    0.74879E-01
   43.100    0.64824E-01
   43.600    0.60477E-01
   44.100    0.60726E-01
   44.600    0.63789E-01
   45.100    0.67658E-01
   45.600    0.70522E-01
   46.100    0.71085E-01
   46.600    0.68732E-01
   47.100    0.63535E-01
   47.600    0.56115E-01
   48.100    0.47427E-01
   48.600    0.38524E-01
   49.100    0.30347E-01
   49.600    0.23598E-01
   50.100    0.18684E-01
   50.600    0.15733E-01
   51.100    0.14656E-01
   51.600    0.15217E-01
   52.100    0.17094E-01
   52.600    0.19917E-01
   53.100    0.23280E-01
   53.600    0.26744E-01
   54.100    0.29850E-01
   54.600    0.32150E-01
   55.100    0.33256E-01
   55.600    0.32916E-01
   56.100    0.31073E-01
   56.600    0.27912E-01
   57.100    0.23858E-01
   57.600    0.19518E-01
   58.100    0.15583E-01
   58.600    0.12694E-01
   59.100    0.11310E-01
   59.600    0.11608E-01
   60.100    0.13438E-01
   60.600    0.16345E-01
   61.100    0.19663E-01
   61.600    0.22650E-01
   62.100    0.24643E-01
   62.600    0.25188E-01
   63.100    0.24124E-01
   63.600    0.21607E-01
   64.100    0.18054E-01
   64.600    0.14039E-01
   65.100    0.10170E-01
   65.600    0.69540E-02
   66.100    0.47095E-02
   66.600    0.35235E-02
   67.100    0.32652E-02
   67.600    0.36483E-02
   68.100    0.43186E-02
   68.600    0.49453E-02
   69.100    0.52921E-02
   69.600    0.52532E-02
   70.100    0.48499E-02
   70.600    0.41952E-02
   71.100    0.34406E-02
   71.600    0.27226E-02
   72.100    0.21247E-02
   72.600    0.16655E-02
   73.100    0.13102E-02
   73.600    0.10023E-02
   74.100    0.69885E-03
   74.600    0.39868E-03
   75.100    0.15211E-03
   75.600    0.48619E-04
   76.100    0.18642E-03
   76.600    0.63387E-03
   77.100    0.13956E-02
   77.600    0.23950E-02
   78.100    0.34806E-02
   78.600    0.44557E-02
   79.100    0.51248E-02
   79.600    0.53435E-02
   80.100    0.50592E-02
   80.600    0.43290E-02
   81.100    0.33108E-02
   81.600    0.22272E-02
   82.100    0.13129E-02
   82.600    0.75776E-03
   83.100    0.66120E-03
   83.600    0.10094E-02
   84.100    0.16813E-02
   84.600    0.24814E-02
   85.100    0.31905E-02
   85.600    0.36208E-02
   86.100    0.36612E-02
   86.600    0.33014E-02
   87.100    0.26286E-02
   87.600    0.17998E-02
   88.100    0.99796E-03
   88.600    0.38329E-03
   89.100    0.54103E-04
   89.600    0.26555E-04
   90.100    0.23778E-03
   90.600    0.57031E-03
   91.100    0.88970E-03
   91.600    0.10843E-02
   92.100    0.10954E-02
   92.600    0.93083E-03
   93.100    0.65686E-03
   93.600    0.37434E-03
   94.100    0.18475E-03
   94.600    0.15762E-03
   95.100    0.30878E-03
   95.600    0.59567E-03
   96.100    0.93076E-03
   96.600    0.12089E-02
   97.100    0.13399E-02
   97.600    0.12774E-02
   98.100    0.10339E-02
   98.600    0.67860E-03
   99.100    0.31862E-03
   99.600    0.67815E-04
  100.100    0.13479E-04
  100.600    0.18994E-03
  101.100    0.56698E-03
  101.600    0.10565E-02
  102.100    0.15360E-02
  102.600    0.18817E-02
  103.100    0.20028E-02
  103.600    0.18671E-02
  104.100    0.15097E-02
  104.600    0.10242E-02
  105.100    0.53696E-03
  105.600    0.17298E-03
  106.100    0.21903E-04
  106.600    0.11431E-03
  107.100    0.41425E-03
  107.600    0.83023E-03
  108.100    0.12413E-02
  108.600    0.15308E-02
  109.100    0.16186E-02
  109.600    0.14820E-02
  110.100    0.11614E-02
  110.600    0.74681E-03
  111.100    0.35216E-03
  111.600    0.82410E-04
  112.100    0.43537E-05
  112.600    0.12859E-03
  113.100    0.40786E-03
  113.600    0.75185E-03
  114.100    0.10541E-02
  114.600    0.12231E-02
  115.100    0.12088E-02
  115.600    0.10163E-02
  116.100    0.70424E-03
  116.600    0.36712E-03
  117.100    0.10719E-03
  117.600    0.45860E-05
  118.100    0.93671E-04
  118.600    0.35277E-03
  119.100    0.71017E-03
  119.600    0.10646E-02
  120.100    0.13146E-02
  120.600    0.13876E-02
  121.100    0.12618E-02
  121.600    0.97223E-03
  122.100    0.60175E-03
  122.600    0.25746E-03
  123.100    0.40235E-04
  123.600    0.15751E-04
  124.100    0.19538E-03
  124.600    0.53239E-03
  125.100    0.93474E-03
  125.600    0.12908E-02
  126.100    0.15010E-02
  126.600    0.15060E-02
  127.100    0.13038E-02
  127.600    0.95060E-03
  128.100    0.54543E-03
  128.600    0.20196E-03
  129.100    0.16653E-04
  129.600    0.41282E-04
  130.100    0.26819E-03
  130.600    0.63231E-03
  131.100    0.10295E-02
  131.600    0.13462E-02
  132.100    0.14915E-02
  132.600    0.14235E-02
  133.100    0.11613E-02
  133.600    0.77985E-03
  134.100    0.38869E-03
  134.600    0.10087E-03
  135.100    0.44870E-06
  135.600    0.11821E-03
  136.100    0.42241E-03
  136.600    0.82738E-03
  137.100    0.12177E-02
  137.600    0.14813E-02
  138.100    0.15415E-02
  138.600    0.13797E-02
  139.100    0.10415E-02
  139.600    0.62424E-03
  140.100    0.24963E-03
  140.600    0.29007E-04
  141.100    0.31044E-04
  141.600    0.26126E-03
  142.100    0.65938E-03
  142.600    0.11156E-02
  143.100    0.15014E-02
  143.600    0.17063E-02
  144.100    0.16698E-02
  144.600    0.14002E-02
  145.100    0.97318E-03
  145.600    0.51161E-03
  146.100    0.15102E-03
  146.600    0.88705E-06
  147.100    0.11250E-03
  147.600    0.46292E-03
  148.100    0.95989E-03
  148.600    0.14668E-02
  149.100    0.18408E-02
  149.600    0.19742E-02
  150.100    0.18258E-02
  150.600    0.14348E-02
  151.100    0.91163E-03
  151.600    0.40779E-03
  152.100    0.73581E-04
  152.600    0.14677E-04
  153.100    0.26045E-03
  153.600    0.75328E-03
  154.100    0.13626E-02
  154.600    0.19204E-02
  155.100    0.22682E-02
  155.600    0.23036E-02
  156.100    0.20114E-02
  156.600    0.14708E-02
  157.100    0.83624E-03
  157.600    0.29530E-03
  158.100    0.15719E-04
  158.600    0.96229E-04
  159.100    0.53530E-03
  159.600    0.12276E-02
  160.100    0.19899E-02
  160.600    0.26114E-02
  161.100    0.29128E-02
  161.600    0.28004E-02
  162.100    0.22971E-02
  162.600    0.15415E-02
  163.100    0.75385E-03
  163.600    0.17663E-03
  164.100    0.52652E-05
  164.600    0.32903E-03
  165.100    0.10989E-02
  165.600    0.21335E-02
  166.100    0.31632E-02
  166.600    0.39028E-02
  167.100    0.41331E-02
  167.600    0.37695E-02
  168.100    0.28967E-02
  168.600    0.17576E-02
  169.100    0.69611E-03
  169.600    0.66648E-04
  170.100    0.13326E-03
  170.600    0.98534E-03
  171.100    0.24953E-02
  171.600    0.43332E-02
  172.100    0.60404E-02
  172.600    0.71461E-02
  173.100    0.73013E-02
  173.600    0.63955E-02
  174.100    0.46230E-02
  174.600    0.24791E-02
  175.100    0.67749E-03
  175.600    0.51784E-05
  176.100    0.11422E-02
  176.600    0.44881E-02
  177.100    0.10036E-01
  177.600    0.17328E-01
  178.100    0.25502E-01
  178.600    0.33436E-01
  179.100    0.39947E-01
