 # Cross sections for state #  6 Ex=  1.089 MeV J/pi=  0.0+
    0.100     605.52    
    0.600     591.02    
    1.100     556.96    
    1.600     506.06    
    2.100     442.29    
    2.600     370.50    
    3.100     295.87    
    3.600     223.43    
    4.100     157.58    
    4.600     101.73    
    5.100     58.046    
    5.600     27.370    
    6.100     9.2831    
    6.600     2.2914    
    7.100     4.1214    
    7.600     12.060    
    8.100     23.304    
    8.600     35.274    
    9.100     45.855    
    9.600     53.556    
   10.100     57.562    
   10.600     57.706    
   11.100     54.361    
   11.600     48.288    
   12.100     40.463    
   12.600     31.909    
   13.100     23.553    
   13.600     16.126    
   14.100     10.106    
   14.600     5.7099    
   15.100     2.9179    
   15.600     1.5290    
   16.100     1.2266    
   16.600     1.6466    
   17.100     2.4357    
   17.600     3.2955    
   18.100     4.0083    
   18.600     4.4448    
   19.100     4.5576    
   19.600     4.3653    
   20.100     3.9306    
   20.600     3.3384    
   21.100     2.6765    
   21.600     2.0219    
   22.100     1.4323    
   22.600    0.94299    
   23.100    0.56859    
   23.600    0.30678    
   24.100    0.14379    
   24.600    0.59760E-01
   25.100    0.33247E-01
   25.600    0.44441E-01
   26.100    0.77027E-01
   26.600    0.11885    
   27.100    0.16171    
   27.600    0.20064    
   28.100    0.23303    
   28.600    0.25768    
   29.100    0.27419    
   29.600    0.28248    
   30.100    0.28262    
   30.600    0.27484    
   31.100    0.25974    
   31.600    0.23842    
   32.100    0.21270    
   32.600    0.18517    
   33.100    0.15908    
   33.600    0.13809    
   34.100    0.12584    
   34.600    0.12541    
   35.100    0.13879    
   35.600    0.16643    
   36.100    0.20704    
   36.600    0.25751    
   37.100    0.31330    
   37.600    0.36893    
   38.100    0.41872    
   38.600    0.45762    
   39.100    0.48186    
   39.600    0.48951    
   40.100    0.48066    
   40.600    0.45734    
   41.100    0.42310    
   41.600    0.38243    
   42.100    0.34002    
   42.600    0.30007    
   43.100    0.26575    
   43.600    0.23889    
   44.100    0.21991    
   44.600    0.20797    
   45.100    0.20133    
   45.600    0.19782    
   46.100    0.19524    
   46.600    0.19177    
   47.100    0.18620    
   47.600    0.17806    
   48.100    0.16752    
   48.600    0.15531    
   49.100    0.14247    
   49.600    0.13011    
   50.100    0.11927    
   50.600    0.11071    
   51.100    0.10485    
   51.600    0.10173    
   52.100    0.10103    
   52.600    0.10217    
   53.100    0.10433    
   53.600    0.10663    
   54.100    0.10819    
   54.600    0.10827    
   55.100    0.10633    
   55.600    0.10216    
   56.100    0.95853E-01
   56.600    0.87837E-01
   57.100    0.78805E-01
   57.600    0.69616E-01
   58.100    0.61168E-01
   58.600    0.54248E-01
   59.100    0.49410E-01
   59.600    0.46878E-01
   60.100    0.46513E-01
   60.600    0.47841E-01
   61.100    0.50138E-01
   61.600    0.52566E-01
   62.100    0.54315E-01
   62.600    0.54747E-01
   63.100    0.53493E-01
   63.600    0.50502E-01
   64.100    0.46022E-01
   64.600    0.40534E-01
   65.100    0.34644E-01
   65.600    0.28967E-01
   66.100    0.24013E-01
   66.600    0.20116E-01
   67.100    0.17399E-01
   67.600    0.15786E-01
   68.100    0.15044E-01
   68.600    0.14856E-01
   69.100    0.14892E-01
   69.600    0.14867E-01
   70.100    0.14580E-01
   70.600    0.13932E-01
   71.100    0.12914E-01
   71.600    0.11589E-01
   72.100    0.10061E-01
   72.600    0.84519E-02
   73.100    0.68822E-02
   73.600    0.54633E-02
   74.100    0.42924E-02
   74.600    0.34514E-02
   75.100    0.30029E-02
   75.600    0.29825E-02
   76.100    0.33881E-02
   76.600    0.41705E-02
   77.100    0.52277E-02
   77.600    0.64105E-02
   78.100    0.75386E-02
   78.600    0.84281E-02
   79.100    0.89238E-02
   79.600    0.89310E-02
   80.100    0.84369E-02
   80.600    0.75172E-02
   81.100    0.63239E-02
   81.600    0.50560E-02
   82.100    0.39195E-02
   82.600    0.30851E-02
   83.100    0.26536E-02
   83.600    0.26371E-02
   84.100    0.29598E-02
   84.600    0.34787E-02
   85.100    0.40179E-02
   85.600    0.44097E-02
   86.100    0.45306E-02
   86.600    0.43254E-02
   87.100    0.38145E-02
   87.600    0.30826E-02
   88.100    0.22538E-02
   88.600    0.14597E-02
   89.100    0.80907E-03
   89.600    0.36637E-03
   90.100    0.14360E-03
   90.600    0.10605E-03
   91.100    0.18911E-03
   91.600    0.32027E-03
   92.100    0.43974E-03
   92.600    0.51416E-03
   93.100    0.54019E-03
   93.600    0.53816E-03
   94.100    0.53880E-03
   94.600    0.56804E-03
   95.100    0.63494E-03
   95.600    0.72689E-03
   96.100    0.81328E-03
   96.600    0.85638E-03
   97.100    0.82571E-03
   97.600    0.71098E-03
   98.100    0.52922E-03
   98.600    0.32332E-03
   99.100    0.15194E-03
   99.600    0.73496E-04
  100.100    0.12865E-03
  100.600    0.32667E-03
  101.100    0.63979E-03
  101.600    0.10077E-02
  102.100    0.13513E-02
  102.600    0.15925E-02
  103.100    0.16741E-02
  103.600    0.15758E-02
  104.100    0.13192E-02
  104.600    0.96392E-03
  105.100    0.59190E-03
  105.600    0.28717E-03
  106.100    0.11440E-03
  106.600    0.10303E-03
  107.100    0.24065E-03
  107.600    0.47756E-03
  108.100    0.74091E-03
  108.600    0.95461E-03
  109.100    0.10594E-02
  109.600    0.10278E-02
  110.100    0.87001E-03
  110.600    0.62920E-03
  111.100    0.36836E-03
  111.600    0.15194E-03
  112.100    0.28101E-04
  112.600    0.16127E-04
  113.100    0.10262E-03
  113.600    0.24714E-03
  114.100    0.39537E-03
  114.600    0.49591E-03
  115.100    0.51558E-03
  115.600    0.44896E-03
  116.100    0.31932E-03
  116.600    0.17094E-03
  117.100    0.55181E-04
  117.600    0.14419E-04
  118.100    0.68725E-04
  118.600    0.20923E-03
  119.100    0.40014E-03
  119.600    0.58894E-03
  120.100    0.72170E-03
  120.600    0.75917E-03
  121.100    0.68880E-03
  121.600    0.52922E-03
  122.100    0.32562E-03
  122.600    0.13736E-03
  123.100    0.21172E-04
  123.600    0.14819E-04
  124.100    0.12584E-03
  124.600    0.32873E-03
  125.100    0.57149E-03
  125.600    0.78972E-03
  126.100    0.92452E-03
  126.600    0.93895E-03
  127.100    0.82862E-03
  127.600    0.62309E-03
  128.100    0.37795E-03
  128.600    0.15942E-03
  129.100    0.25960E-04
  129.600    0.12073E-04
  130.100    0.11870E-03
  130.600    0.31310E-03
  131.100    0.53823E-03
  131.600    0.72888E-03
  132.100    0.83022E-03
  132.600    0.81325E-03
  133.100    0.68303E-03
  133.600    0.47710E-03
  134.100    0.25466E-03
  134.600    0.79623E-04
  135.100    0.21712E-05
  135.600    0.44325E-04
  136.100    0.19352E-03
  136.600    0.40613E-03
  137.100    0.62001E-03
  137.600    0.77244E-03
  138.100    0.81838E-03
  138.600    0.74373E-03
  139.100    0.56986E-03
  139.600    0.34773E-03
  140.100    0.14343E-03
  140.600    0.19142E-04
  141.100    0.14901E-04
  141.600    0.13649E-03
  142.100    0.35310E-03
  142.600    0.60555E-03
  143.100    0.82289E-03
  143.600    0.94276E-03
  144.100    0.92966E-03
  144.600    0.78586E-03
  145.100    0.55159E-03
  145.600    0.29436E-03
  146.100    0.90023E-04
  146.600    0.11509E-05
  147.100    0.58603E-04
  147.600    0.25186E-03
  148.100    0.53101E-03
  148.600    0.82011E-03
  149.100    0.10384E-02
  149.600    0.11233E-02
  150.100    0.10491E-02
  150.600    0.83493E-03
  151.100    0.54085E-03
  151.600    0.25137E-03
  152.100    0.51947E-04
  152.600    0.44302E-05
  153.100    0.12861E-03
  153.600    0.39539E-03
  154.100    0.73377E-03
  154.600    0.10501E-02
  155.100    0.12546E-02
  155.600    0.12869E-02
  156.100    0.11352E-02
  156.600    0.84064E-03
  157.100    0.48734E-03
  157.600    0.17974E-03
  158.100    0.12903E-04
  158.600    0.44685E-04
  159.100    0.27755E-03
  159.600    0.65565E-03
  160.100    0.10787E-02
  160.600    0.14292E-02
  161.100    0.16058E-02
  161.600    0.15538E-02
  162.100    0.12829E-02
  162.600    0.86780E-03
  163.100    0.43000E-03
  163.600    0.10460E-03
  164.100    0.19998E-05
  164.600    0.17431E-03
  165.100    0.59677E-03
  165.600    0.11703E-02
  166.100    0.17455E-02
  166.600    0.21631E-02
  167.100    0.22992E-02
  167.600    0.21044E-02
  168.100    0.16237E-02
  168.600    0.99074E-03
  169.100    0.39679E-03
  169.600    0.40231E-04
  170.100    0.70042E-04
  170.600    0.53835E-03
  171.100    0.13761E-02
  171.600    0.24008E-02
  172.100    0.33567E-02
  172.600    0.39804E-02
  173.100    0.40753E-02
  173.600    0.35772E-02
  174.100    0.25926E-02
  174.600    0.13963E-02
  175.100    0.38622E-03
  175.600    0.23016E-05
  176.100    0.62566E-03
  176.600    0.24813E-02
  177.100    0.55675E-02
  177.600    0.96293E-02
  178.100    0.14187E-01
  178.600    0.18613E-01
  179.100    0.22246E-01
