 # Cross sections for state # 10 Ex=  6.176 MeV J/pi=  0.0+
    0.100     126.97    
    0.600     124.91    
    1.100     120.02    
    1.600     112.54    
    2.100     102.84    
    2.600     91.420    
    3.100     78.837    
    3.600     65.716    
    4.100     52.691    
    4.600     40.380    
    5.100     29.341    
    5.600     20.044    
    6.100     12.839    
    6.600     7.9369    
    7.100     5.3949    
    7.600     5.1166    
    8.100     6.8608    
    8.600     10.261    
    9.100     14.857    
    9.600     20.128    
   10.100     25.537    
   10.600     30.574    
   11.100     34.792    
   11.600     37.844    
   12.100     39.503    
   12.600     39.678    
   13.100     38.411    
   13.600     35.865    
   14.100     32.303    
   14.600     28.051    
   15.100     23.471    
   15.600     18.914    
   16.100     14.698    
   16.600     11.071    
   17.100     8.1995    
   17.600     6.1599    
   18.100     4.9397    
   18.600     4.4497    
   19.100     4.5431    
   19.600     5.0383    
   20.100     5.7425    
   20.600     6.4742    
   21.100     7.0817    
   21.600     7.4546    
   22.100     7.5309    
   22.600     7.2953    
   23.100     6.7741    
   23.600     6.0248    
   24.100     5.1244    
   24.600     4.1566    
   25.100     3.2008    
   25.600     2.3236    
   26.100     1.5726    
   26.600    0.97506    
   27.100    0.53769    
   27.600    0.25044    
   28.100    0.90825E-01
   28.600    0.29251E-01
   29.100    0.33998E-01
   29.600    0.75447E-01
   30.100    0.12906    
   30.600    0.17704    
   31.100    0.20870    
   31.600    0.21982    
   32.100    0.21134    
   32.600    0.18767    
   33.100    0.15503    
   33.600    0.11998    
   34.100    0.88326E-01
   34.600    0.64480E-01
   35.100    0.51166E-01
   35.600    0.49481E-01
   36.100    0.59162E-01
   36.600    0.78946E-01
   37.100    0.10695    
   37.600    0.14102    
   38.100    0.17894    
   38.600    0.21860    
   39.100    0.25809    
   39.600    0.29567    
   40.100    0.32984    
   40.600    0.35926    
   41.100    0.38282    
   41.600    0.39968    
   42.100    0.40928    
   42.600    0.41144    
   43.100    0.40641    
   43.600    0.39486    
   44.100    0.37792    
   44.600    0.35704    
   45.100    0.33392    
   45.600    0.31037    
   46.100    0.28811    
   46.600    0.26864    
   47.100    0.25305    
   47.600    0.24198    
   48.100    0.23550    
   48.600    0.23323    
   49.100    0.23431    
   49.600    0.23764    
   50.100    0.24194    
   50.600    0.24598    
   51.100    0.24870    
   51.600    0.24931    
   52.100    0.24739    
   52.600    0.24283    
   53.100    0.23587    
   53.600    0.22695    
   54.100    0.21666    
   54.600    0.20560    
   55.100    0.19433    
   55.600    0.18327    
   56.100    0.17266    
   56.600    0.16262    
   57.100    0.15311    
   57.600    0.14403    
   58.100    0.13522    
   58.600    0.12657    
   59.100    0.11800    
   59.600    0.10953    
   60.100    0.10125    
   60.600    0.93329E-01
   61.100    0.85957E-01
   61.600    0.79335E-01
   62.100    0.73632E-01
   62.600    0.68955E-01
   63.100    0.65330E-01
   63.600    0.62695E-01
   64.100    0.60902E-01
   64.600    0.59740E-01
   65.100    0.58951E-01
   65.600    0.58271E-01
   66.100    0.57449E-01
   66.600    0.56287E-01
   67.100    0.54653E-01
   67.600    0.52494E-01
   68.100    0.49841E-01
   68.600    0.46793E-01
   69.100    0.43503E-01
   69.600    0.40151E-01
   70.100    0.36916E-01
   70.600    0.33949E-01
   71.100    0.31356E-01
   71.600    0.29182E-01
   72.100    0.27414E-01
   72.600    0.25984E-01
   73.100    0.24789E-01
   73.600    0.23709E-01
   74.100    0.22634E-01
   74.600    0.21474E-01
   75.100    0.20181E-01
   75.600    0.18747E-01
   76.100    0.17208E-01
   76.600    0.15626E-01
   77.100    0.14082E-01
   77.600    0.12655E-01
   78.100    0.11412E-01
   78.600    0.10393E-01
   79.100    0.96095E-02
   79.600    0.90424E-02
   80.100    0.86496E-02
   80.600    0.83736E-02
   81.100    0.81517E-02
   81.600    0.79257E-02
   82.100    0.76498E-02
   82.600    0.72951E-02
   83.100    0.68519E-02
   83.600    0.63278E-02
   84.100    0.57453E-02
   84.600    0.51366E-02
   85.100    0.45388E-02
   85.600    0.39885E-02
   86.100    0.35176E-02
   86.600    0.31489E-02
   87.100    0.28942E-02
   87.600    0.27525E-02
   88.100    0.27102E-02
   88.600    0.27429E-02
   89.100    0.28187E-02
   89.600    0.29019E-02
   90.100    0.29586E-02
   90.600    0.29616E-02
   91.100    0.28941E-02
   91.600    0.27526E-02
   92.100    0.25466E-02
   92.600    0.22974E-02
   93.100    0.20330E-02
   93.600    0.17837E-02
   94.100    0.15757E-02
   94.600    0.14267E-02
   95.100    0.13426E-02
   95.600    0.13173E-02
   96.100    0.13338E-02
   96.600    0.13687E-02
   97.100    0.13966E-02
   97.600    0.13956E-02
   98.100    0.13510E-02
   98.600    0.12577E-02
   99.100    0.11204E-02
   99.600    0.95204E-03
  100.100    0.77024E-03
  100.600    0.59366E-03
  101.100    0.43845E-03
  101.600    0.31565E-03
  102.100    0.23007E-03
  102.600    0.18055E-03
  103.100    0.16138E-03
  103.600    0.16433E-03
  104.100    0.18062E-03
  104.600    0.20256E-03
  105.100    0.22436E-03
  105.600    0.24218E-03
  106.100    0.25378E-03
  106.600    0.25784E-03
  107.100    0.25353E-03
  107.600    0.24041E-03
  108.100    0.21865E-03
  108.600    0.18958E-03
  109.100    0.15607E-03
  109.600    0.12268E-03
  110.100    0.95175E-04
  110.600    0.79507E-04
  111.100    0.80460E-04
  111.600    0.10024E-03
  112.100    0.13747E-03
  112.600    0.18697E-03
  113.100    0.24038E-03
  113.600    0.28776E-03
  114.100    0.31963E-03
  114.600    0.32914E-03
  115.100    0.31368E-03
  115.600    0.27568E-03
  116.100    0.22209E-03
  116.600    0.16296E-03
  117.100    0.10913E-03
  117.600    0.69821E-04
  118.100    0.50586E-04
  118.600    0.52178E-04
  119.100    0.70601E-04
  119.600    0.98287E-04
  120.100    0.12611E-03
  120.600    0.14565E-03
  121.100    0.15123E-03
  121.600    0.14105E-03
  122.100    0.11740E-03
  122.600    0.85672E-04
  123.100    0.52780E-04
  123.600    0.25192E-04
  124.100    0.73034E-05
  124.600    0.48207E-06
  125.100    0.30400E-05
  125.600    0.11073E-04
  126.100    0.19873E-04
  126.600    0.25473E-04
  127.100    0.25849E-04
  127.600    0.21434E-04
  128.100    0.14817E-04
  128.600    0.97372E-05
  129.100    0.97054E-05
  129.600    0.16701E-04
  130.100    0.30354E-04
  130.600    0.47880E-04
  131.100    0.64816E-04
  131.600    0.76340E-04
  132.100    0.78785E-04
  132.600    0.70892E-04
  133.100    0.54390E-04
  133.600    0.33711E-04
  134.100    0.14879E-04
  134.600    0.38551E-05
  135.100    0.48153E-05
  135.600    0.18851E-04
  136.100    0.43486E-04
  136.600    0.73183E-04
  137.100    0.10073E-03
  137.600    0.11916E-03
  138.100    0.12362E-03
  138.600    0.11282E-03
  139.100    0.89369E-04
  139.600    0.59237E-04
  140.100    0.30145E-04
  140.600    0.95206E-05
  141.100    0.24932E-05
  141.600    0.10500E-04
  142.100    0.30898E-04
  142.600    0.57699E-04
  143.100    0.83227E-04
  143.600    0.10024E-03
  144.100    0.10395E-03
  144.600    0.93323E-04
  145.100    0.71343E-04
  145.600    0.44157E-04
  146.100    0.19301E-04
  146.600    0.35482E-05
  147.100    0.97358E-06
  147.600    0.11798E-04
  148.100    0.32338E-04
  148.600    0.56097E-04
  149.100    0.75680E-04
  149.600    0.84986E-04
  150.100    0.81053E-04
  150.600    0.64996E-04
  151.100    0.41750E-04
  151.600    0.18675E-04
  152.100    0.34058E-05
  152.600    0.15512E-05
  153.100    0.14928E-04
  153.600    0.40857E-04
  154.100    0.72769E-04
  154.600    0.10199E-03
  155.100    0.12019E-03
  155.600    0.12191E-03
  156.100    0.10624E-03
  156.600    0.77367E-04
  157.100    0.43550E-04
  157.600    0.14938E-04
  158.100    0.70342E-06
  158.600    0.63268E-05
  159.100    0.31832E-04
  159.600    0.71507E-04
  160.100    0.11526E-03
  160.600    0.15132E-03
  161.100    0.16952E-03
  161.600    0.16433E-03
  162.100    0.13665E-03
  162.600    0.93902E-04
  163.100    0.48244E-04
  163.600    0.13319E-04
  164.100    0.42750E-06
  164.600    0.15155E-04
  165.100    0.55456E-04
  165.600    0.11181E-03
  166.100    0.16952E-03
  166.600    0.21265E-03
  167.100    0.22855E-03
  167.600    0.21175E-03
  168.100    0.16601E-03
  168.600    0.10397E-03
  169.100    0.44126E-04
  169.600    0.60063E-05
  170.100    0.46031E-05
  170.600    0.45659E-04
  171.100    0.12317E-03
  171.600    0.21999E-03
  172.100    0.31165E-03
  172.600    0.37261E-03
  173.100    0.38359E-03
  173.600    0.33794E-03
  174.100    0.24543E-03
  174.600    0.13222E-03
  175.100    0.36506E-04
  175.600    0.70793E-06
  176.100    0.61742E-04
  176.600    0.24154E-03
  177.100    0.54013E-03
  177.600    0.93304E-03
  178.100    0.13740E-02
  178.600    0.18022E-02
  179.100    0.21539E-02
