 # Cross sections for state #  7 Ex=  1.870 MeV J/pi=  0.0+
    0.100     555.32    
    0.600     542.98    
    1.100     513.91    
    1.600     470.29    
    2.100     415.29    
    2.600     352.83    
    3.100     287.16    
    3.600     222.48    
    4.100     162.58    
    4.600     110.53    
    5.100     68.457    
    5.600     37.442    
    6.100     17.527    
    6.600     7.8200    
    7.100     6.6878    
    7.600     12.003    
    8.100     21.417    
    8.600     32.618    
    9.100     43.560    
    9.600     52.627    
   10.100     58.731    
   10.600     61.340    
   11.100     60.438    
   11.600     56.435    
   12.100     50.040    
   12.600     42.132    
   13.100     33.617    
   13.600     25.323    
   14.100     17.911    
   14.600     11.831    
   15.100     7.3035    
   15.600     4.3424    
   16.100     2.7897    
   16.600     2.3702    
   17.100     2.7474    
   17.600     3.5768    
   18.100     4.5487    
   18.600     5.4174    
   19.100     6.0170    
   19.600     6.2623    
   20.100     6.1404    
   20.600     5.6947    
   21.100     5.0050    
   21.600     4.1683    
   22.100     3.2818    
   22.600     2.4298    
   23.100     1.6760    
   23.600     1.0602    
   24.100    0.59880    
   24.600    0.28864    
   25.100    0.11192    
   25.600    0.42038E-01
   26.100    0.48813E-01
   26.600    0.10284    
   27.100    0.17851    
   27.600    0.25581    
   28.100    0.32084    
   28.600    0.36564    
   29.100    0.38722    
   29.600    0.38647    
   30.100    0.36692    
   30.600    0.33362    
   31.100    0.29223    
   31.600    0.24832    
   32.100    0.20689    
   32.600    0.17209    
   33.100    0.14710    
   33.600    0.13399    
   34.100    0.13381    
   34.600    0.14657    
   35.100    0.17136    
   35.600    0.20639    
   36.100    0.24919    
   36.600    0.29676    
   37.100    0.34578    
   37.600    0.39286    
   38.100    0.43483    
   38.600    0.46898    
   39.100    0.49326    
   39.600    0.50649    
   40.100    0.50840    
   40.600    0.49961    
   41.100    0.48157    
   41.600    0.45631    
   42.100    0.42623    
   42.600    0.39384    
   43.100    0.36145    
   43.600    0.33104    
   44.100    0.30402    
   44.600    0.28123    
   45.100    0.26294    
   45.600    0.24889    
   46.100    0.23847    
   46.600    0.23084    
   47.100    0.22511    
   47.600    0.22044    
   48.100    0.21615    
   48.600    0.21176    
   49.100    0.20701    
   49.600    0.20182    
   50.100    0.19622    
   50.600    0.19032    
   51.100    0.18426    
   51.600    0.17810    
   52.100    0.17190    
   52.600    0.16560    
   53.100    0.15914    
   53.600    0.15240    
   54.100    0.14528    
   54.600    0.13771    
   55.100    0.12969    
   55.600    0.12128    
   56.100    0.11265    
   56.600    0.10400    
   57.100    0.95588E-01
   57.600    0.87686E-01
   58.100    0.80544E-01
   58.600    0.74357E-01
   59.100    0.69244E-01
   59.600    0.65227E-01
   60.100    0.62230E-01
   60.600    0.60091E-01
   61.100    0.58580E-01
   61.600    0.57434E-01
   62.100    0.56386E-01
   62.600    0.55202E-01
   63.100    0.53708E-01
   63.600    0.51806E-01
   64.100    0.49475E-01
   64.600    0.46771E-01
   65.100    0.43802E-01
   65.600    0.40711E-01
   66.100    0.37642E-01
   66.600    0.34722E-01
   67.100    0.32042E-01
   67.600    0.29648E-01
   68.100    0.27538E-01
   68.600    0.25674E-01
   69.100    0.23993E-01
   69.600    0.22424E-01
   70.100    0.20900E-01
   70.600    0.19376E-01
   71.100    0.17830E-01
   71.600    0.16267E-01
   72.100    0.14715E-01
   72.600    0.13220E-01
   73.100    0.11832E-01
   73.600    0.10599E-01
   74.100    0.95616E-02
   74.600    0.87407E-02
   75.100    0.81399E-02
   75.600    0.77436E-02
   76.100    0.75191E-02
   76.600    0.74211E-02
   77.100    0.73972E-02
   77.600    0.73934E-02
   78.100    0.73609E-02
   78.600    0.72607E-02
   79.100    0.70681E-02
   79.600    0.67747E-02
   80.100    0.63889E-02
   80.600    0.59337E-02
   81.100    0.54424E-02
   81.600    0.49533E-02
   82.100    0.45033E-02
   82.600    0.41215E-02
   83.100    0.38251E-02
   83.600    0.36164E-02
   84.100    0.34834E-02
   84.600    0.34023E-02
   85.100    0.33426E-02
   85.600    0.32727E-02
   86.100    0.31663E-02
   86.600    0.30066E-02
   87.100    0.27891E-02
   87.600    0.25216E-02
   88.100    0.22220E-02
   88.600    0.19143E-02
   89.100    0.16234E-02
   89.600    0.13707E-02
   90.100    0.11704E-02
   90.600    0.10277E-02
   91.100    0.93921E-03
   91.600    0.89411E-03
   92.100    0.87754E-03
   92.600    0.87359E-03
   93.100    0.86817E-03
   93.600    0.85098E-03
   94.100    0.81644E-03
   94.600    0.76346E-03
   95.100    0.69460E-03
   95.600    0.61471E-03
   96.100    0.52979E-03
   96.600    0.44591E-03
   97.100    0.36876E-03
   97.600    0.30325E-03
   98.100    0.25349E-03
   98.600    0.22255E-03
   99.100    0.21215E-03
   99.600    0.22226E-03
  100.100    0.25060E-03
  100.600    0.29246E-03
  101.100    0.34091E-03
  101.600    0.38758E-03
  102.100    0.42385E-03
  102.600    0.44248E-03
  103.100    0.43905E-03
  103.600    0.41306E-03
  104.100    0.36824E-03
  104.600    0.31197E-03
  105.100    0.25385E-03
  105.600    0.20373E-03
  106.100    0.16959E-03
  106.600    0.15584E-03
  107.100    0.16236E-03
  107.600    0.18465E-03
  108.100    0.21485E-03
  108.600    0.24366E-03
  109.100    0.26242E-03
  109.600    0.26504E-03
  110.100    0.24923E-03
  110.600    0.21679E-03
  111.100    0.17295E-03
  111.600    0.12492E-03
  112.100    0.80066E-04
  112.600    0.44296E-04
  113.100    0.20843E-04
  113.600    0.98983E-05
  114.100    0.90216E-05
  114.600    0.14177E-04
  115.100    0.21050E-04
  115.600    0.26257E-04
  116.100    0.28117E-04
  116.600    0.26815E-04
  117.100    0.23951E-04
  117.600    0.21691E-04
  118.100    0.21808E-04
  118.600    0.24938E-04
  119.100    0.30296E-04
  119.600    0.35927E-04
  120.100    0.39410E-04
  120.600    0.38777E-04
  121.100    0.33323E-04
  121.600    0.24055E-04
  122.100    0.13585E-04
  122.600    0.54744E-05
  123.100    0.32112E-05
  123.600    0.91119E-05
  124.100    0.23479E-04
  124.600    0.44292E-04
  125.100    0.67553E-04
  125.600    0.88224E-04
  126.100    0.10152E-03
  126.600    0.10420E-03
  127.100    0.95489E-04
  127.600    0.77401E-04
  128.100    0.54256E-04
  128.600    0.31623E-04
  129.100    0.14881E-04
  129.600    0.78167E-05
  130.100    0.11640E-04
  130.600    0.24689E-04
  131.100    0.42900E-04
  131.600    0.60932E-04
  132.100    0.73618E-04
  132.600    0.77357E-04
  133.100    0.71062E-04
  133.600    0.56396E-04
  134.100    0.37253E-04
  134.600    0.18630E-04
  135.100    0.52029E-05
  135.600    0.35422E-07
  136.100    0.37563E-05
  136.600    0.14454E-04
  137.100    0.28298E-04
  137.600    0.40708E-04
  138.100    0.47717E-04
  138.600    0.47144E-04
  139.100    0.39223E-04
  139.600    0.26512E-04
  140.100    0.13107E-04
  140.600    0.33936E-05
  141.100    0.70186E-06
  141.600    0.62700E-05
  142.100    0.18821E-04
  142.600    0.34896E-04
  143.100    0.49845E-04
  143.600    0.59213E-04
  144.100    0.60090E-04
  144.600    0.52050E-04
  145.100    0.37368E-04
  145.600    0.20439E-04
  146.100    0.65559E-05
  146.600    0.36630E-06
  147.100    0.44752E-05
  147.600    0.18590E-04
  148.100    0.39486E-04
  148.600    0.61822E-04
  149.100    0.79600E-04
  149.600    0.87869E-04
  150.100    0.84181E-04
  150.600    0.69381E-04
  151.100    0.47471E-04
  151.600    0.24569E-04
  152.100    0.72329E-05
  152.600    0.60424E-06
  153.100    0.69045E-05
  153.600    0.24725E-04
  154.100    0.49335E-04
  154.600    0.73948E-04
  155.100    0.91614E-04
  155.600    0.97211E-04
  156.100    0.88965E-04
  156.600    0.69058E-04
  157.100    0.43107E-04
  157.600    0.18642E-04
  158.100    0.29854E-05
  158.600    0.11204E-05
  159.100    0.14172E-04
  159.600    0.38954E-04
  160.100    0.68747E-04
  160.600    0.95140E-04
  161.100    0.11043E-03
  161.600    0.10992E-03
  162.100    0.93413E-04
  162.600    0.65504E-04
  163.100    0.34435E-04
  163.600    0.98566E-05
  164.100    0.60073E-07
  164.600    0.94528E-05
  165.100    0.37035E-04
  165.600    0.76370E-04
  166.100    0.11714E-03
  166.600    0.14793E-03
  167.100    0.15955E-03
  167.600    0.14788E-03
  168.100    0.11552E-03
  168.600    0.71545E-04
  169.100    0.29408E-04
  169.600    0.33816E-05
  170.100    0.44618E-05
  170.600    0.36855E-04
  171.100    0.96078E-04
  171.600    0.16936E-03
  172.100    0.23844E-03
  172.600    0.28425E-03
  173.100    0.29234E-03
  173.600    0.25768E-03
  174.100    0.18760E-03
  174.600    0.10169E-03
  175.100    0.28648E-04
  175.600    0.42356E-06
  176.100    0.44866E-04
  176.600    0.17860E-03
  177.100    0.40177E-03
  177.600    0.69611E-03
  178.100    0.10268E-02
  178.600    0.13483E-02
  179.100    0.16124E-02
