#  1 Channels, Eigenvalue: 1 Energy:  -2.2174
# J:0.00 parity: 1
 #  channel core Jc (l sn) jn
#  1 : 1 0.0 0 0.0 0.0
#  1200 points
   0.000     0.00000    
   0.050    0.300369E-01
   0.100    0.599534E-01
   0.150    0.896299E-01
   0.200    0.118949    
   0.250    0.147796    
   0.300    0.176061    
   0.350    0.203637    
   0.400    0.230425    
   0.450    0.256333    
   0.500    0.281276    
   0.550    0.305179    
   0.600    0.327974    
   0.650    0.349606    
   0.700    0.370030    
   0.750    0.389212    
   0.800    0.407126    
   0.850    0.423761    
   0.900    0.439112    
   0.950    0.453187    
   1.000    0.466002    
   1.050    0.477579    
   1.100    0.487951    
   1.150    0.497153    
   1.200    0.505228    
   1.250    0.512224    
   1.300    0.518190    
   1.350    0.523179    
   1.400    0.527245    
   1.450    0.530442    
   1.500    0.532828    
   1.550    0.534456    
   1.600    0.535380    
   1.650    0.535655    
   1.700    0.535330    
   1.750    0.534456    
   1.800    0.533080    
   1.850    0.531247    
   1.900    0.528999    
   1.950    0.526379    
   2.000    0.523423    
   2.050    0.520167    
   2.100    0.516644    
   2.150    0.512885    
   2.200    0.508920    
   2.250    0.504774    
   2.300    0.500472    
   2.350    0.496036    
   2.400    0.491487    
   2.450    0.486844    
   2.500    0.482123    
   2.550    0.477340    
   2.600    0.472510    
   2.650    0.467644    
   2.700    0.462754    
   2.750    0.457850    
   2.800    0.452942    
   2.850    0.448037    
   2.900    0.443142    
   2.950    0.438263    
   3.000    0.433407    
   3.050    0.428577    
   3.100    0.423778    
   3.150    0.419013    
   3.200    0.414286    
   3.250    0.409598    
   3.300    0.404952    
   3.350    0.400350    
   3.400    0.395792    
   3.450    0.391281    
   3.500    0.386816    
   3.550    0.382398    
   3.600    0.378028    
   3.650    0.373706    
   3.700    0.369431    
   3.750    0.365204    
   3.800    0.361025    
   3.850    0.356893    
   3.900    0.352808    
   3.950    0.348769    
   4.000    0.344776    
   4.050    0.340828    
   4.100    0.336926    
   4.150    0.333067    
   4.200    0.329253    
   4.250    0.325481    
   4.300    0.321753    
   4.350    0.318066    
   4.400    0.314421    
   4.450    0.310816    
   4.500    0.307252    
   4.550    0.303728    
   4.600    0.300244    
   4.650    0.296798    
   4.700    0.293391    
   4.750    0.290021    
   4.800    0.286690    
   4.850    0.283395    
   4.900    0.280137    
   4.950    0.276915    
   5.000    0.273730    
   5.050    0.270580    
   5.100    0.267465    
   5.150    0.264385    
   5.200    0.261340    
   5.250    0.258329    
   5.300    0.255352    
   5.350    0.252409    
   5.400    0.249499    
   5.450    0.246622    
   5.500    0.243778    
   5.550    0.240966    
   5.600    0.238187    
   5.650    0.235439    
   5.700    0.232723    
   5.750    0.230039    
   5.800    0.227385    
   5.850    0.224763    
   5.900    0.222171    
   5.950    0.219609    
   6.000    0.217077    
   6.050    0.214574    
   6.100    0.212101    
   6.150    0.209657    
   6.200    0.207241    
   6.250    0.204854    
   6.300    0.202496    
   6.350    0.200164    
   6.400    0.197861    
   6.450    0.195584    
   6.500    0.193335    
   6.550    0.191112    
   6.600    0.188915    
   6.650    0.186744    
   6.700    0.184599    
   6.750    0.182479    
   6.800    0.180384    
   6.850    0.178313    
   6.900    0.176267    
   6.950    0.174245    
   7.000    0.172247    
   7.050    0.170272    
   7.100    0.168320    
   7.150    0.166391    
   7.200    0.164484    
   7.250    0.162600    
   7.300    0.160737    
   7.350    0.158896    
   7.400    0.157076    
   7.450    0.155277    
   7.500    0.153499    
   7.550    0.151741    
   7.600    0.150004    
   7.650    0.148286    
   7.700    0.146588    
   7.750    0.144909    
   7.800    0.143249    
   7.850    0.141608    
   7.900    0.139986    
   7.950    0.138382    
   8.000    0.136796    
   8.050    0.135228    
   8.100    0.133678    
   8.150    0.132145    
   8.200    0.130629    
   8.250    0.129131    
   8.300    0.127649    
   8.350    0.126183    
   8.400    0.124735    
   8.450    0.123302    
   8.500    0.121885    
   8.550    0.120484    
   8.600    0.119099    
   8.650    0.117730    
   8.700    0.116375    
   8.750    0.115036    
   8.800    0.113712    
   8.850    0.112403    
   8.900    0.111108    
   8.950    0.109828    
   9.000    0.108562    
   9.050    0.107310    
   9.100    0.106073    
   9.150    0.104849    
   9.200    0.103640    
   9.250    0.102443    
   9.300    0.101261    
   9.350    0.100092    
   9.400    0.989360E-01
   9.450    0.977933E-01
   9.500    0.966636E-01
   9.550    0.955469E-01
   9.600    0.944429E-01
   9.650    0.933515E-01
   9.700    0.922727E-01
   9.750    0.912063E-01
   9.800    0.901522E-01
   9.850    0.891103E-01
   9.900    0.880804E-01
   9.950    0.870625E-01
  10.000    0.860564E-01
  10.050    0.850620E-01
  10.100    0.840791E-01
  10.150    0.831078E-01
  10.200    0.821478E-01
  10.250    0.811991E-01
  10.300    0.802615E-01
  10.350    0.793349E-01
  10.400    0.784192E-01
  10.450    0.775143E-01
  10.500    0.766201E-01
  10.550    0.757365E-01
  10.600    0.748632E-01
  10.650    0.740004E-01
  10.700    0.731477E-01
  10.750    0.723052E-01
  10.800    0.714726E-01
  10.850    0.706500E-01
  10.900    0.698370E-01
  10.950    0.690338E-01
  11.000    0.682401E-01
  11.050    0.674558E-01
  11.100    0.666808E-01
  11.150    0.659151E-01
  11.200    0.651584E-01
  11.250    0.644107E-01
  11.300    0.636719E-01
  11.350    0.629418E-01
  11.400    0.622204E-01
  11.450    0.615075E-01
  11.500    0.608031E-01
  11.550    0.601069E-01
  11.600    0.594190E-01
  11.650    0.587392E-01
  11.700    0.580674E-01
  11.750    0.574035E-01
  11.800    0.567474E-01
  11.850    0.560989E-01
  11.900    0.554581E-01
  11.950    0.548247E-01
  12.000    0.541987E-01
  12.050    0.535800E-01
  12.100    0.529685E-01
  12.150    0.523640E-01
  12.200    0.517666E-01
  12.250    0.511760E-01
  12.300    0.505922E-01
  12.350    0.500152E-01
  12.400    0.494447E-01
  12.450    0.488808E-01
  12.500    0.483233E-01
  12.550    0.477721E-01
  12.600    0.472273E-01
  12.650    0.466886E-01
  12.700    0.461560E-01
  12.750    0.456294E-01
  12.800    0.451087E-01
  12.850    0.445939E-01
  12.900    0.440848E-01
  12.950    0.435815E-01
  13.000    0.430838E-01
  13.050    0.425916E-01
  13.100    0.421049E-01
  13.150    0.416237E-01
  13.200    0.411477E-01
  13.250    0.406771E-01
  13.300    0.402116E-01
  13.350    0.397513E-01
  13.400    0.392961E-01
  13.450    0.388459E-01
  13.500    0.384006E-01
  13.550    0.379603E-01
  13.600    0.375248E-01
  13.650    0.370940E-01
  13.700    0.366681E-01
  13.750    0.362467E-01
  13.800    0.358300E-01
  13.850    0.354179E-01
  13.900    0.350103E-01
  13.950    0.346072E-01
  14.000    0.342085E-01
  14.050    0.338141E-01
  14.100    0.334241E-01
  14.150    0.330384E-01
  14.200    0.326570E-01
  14.250    0.322797E-01
  14.300    0.319066E-01
  14.350    0.315376E-01
  14.400    0.311727E-01
  14.450    0.308118E-01
  14.500    0.304549E-01
  14.550    0.301020E-01
  14.600    0.297530E-01
  14.650    0.294079E-01
  14.700    0.290666E-01
  14.750    0.287291E-01
  14.800    0.283955E-01
  14.850    0.280655E-01
  14.900    0.277393E-01
  14.950    0.274168E-01
  15.000    0.270979E-01
  15.050    0.267826E-01
  15.100    0.264709E-01
  15.150    0.261627E-01
  15.200    0.258581E-01
  15.250    0.255570E-01
  15.300    0.252593E-01
  15.350    0.249650E-01
  15.400    0.246742E-01
  15.450    0.243867E-01
  15.500    0.241025E-01
  15.550    0.238216E-01
  15.600    0.235441E-01
  15.650    0.232697E-01
  15.700    0.229986E-01
  15.750    0.227307E-01
  15.800    0.224659E-01
  15.850    0.222043E-01
  15.900    0.219458E-01
  15.950    0.216903E-01
  16.000    0.214379E-01
  16.050    0.211885E-01
  16.100    0.209421E-01
  16.150    0.206986E-01
  16.200    0.204581E-01
  16.250    0.202205E-01
  16.300    0.199858E-01
  16.350    0.197539E-01
  16.400    0.195248E-01
  16.450    0.192985E-01
  16.500    0.190749E-01
  16.550    0.188541E-01
  16.600    0.186360E-01
  16.650    0.184205E-01
  16.700    0.182077E-01
  16.750    0.179975E-01
  16.800    0.177899E-01
  16.850    0.175848E-01
  16.900    0.173822E-01
  16.950    0.171822E-01
  17.000    0.169846E-01
  17.050    0.167894E-01
  17.100    0.165967E-01
  17.150    0.164063E-01
  17.200    0.162183E-01
  17.250    0.160326E-01
  17.300    0.158492E-01
  17.350    0.156680E-01
  17.400    0.154891E-01
  17.450    0.153123E-01
  17.500    0.151378E-01
  17.550    0.149654E-01
  17.600    0.147951E-01
  17.650    0.146269E-01
  17.700    0.144607E-01
  17.750    0.142966E-01
  17.800    0.141345E-01
  17.850    0.139744E-01
  17.900    0.138162E-01
  17.950    0.136599E-01
  18.000    0.135055E-01
  18.050    0.133530E-01
  18.100    0.132023E-01
  18.150    0.130534E-01
  18.200    0.129063E-01
  18.250    0.127610E-01
  18.300    0.126173E-01
  18.350    0.124754E-01
  18.400    0.123352E-01
  18.450    0.121966E-01
  18.500    0.120596E-01
  18.550    0.119243E-01
  18.600    0.117905E-01
  18.650    0.116583E-01
  18.700    0.115276E-01
  18.750    0.113984E-01
  18.800    0.112706E-01
  18.850    0.111444E-01
  18.900    0.110196E-01
  18.950    0.108961E-01
  19.000    0.107741E-01
  19.050    0.106535E-01
  19.100    0.105341E-01
  19.150    0.104162E-01
  19.200    0.102995E-01
  19.250    0.101841E-01
  19.300    0.100700E-01
  19.350    0.995709E-02
  19.400    0.984544E-02
  19.450    0.973500E-02
  19.500    0.962574E-02
  19.550    0.951766E-02
  19.600    0.941073E-02
  19.650    0.930495E-02
  19.700    0.920028E-02
  19.750    0.909671E-02
  19.800    0.899424E-02
  19.850    0.889283E-02
  19.900    0.879249E-02
  19.950    0.869318E-02
  20.000    0.859491E-02
  20.050    0.849765E-02
  20.100    0.840139E-02
  20.150    0.830612E-02
  20.200    0.821182E-02
  20.250    0.811849E-02
  20.300    0.802610E-02
  20.350    0.793465E-02
  20.400    0.784413E-02
  20.450    0.775452E-02
  20.500    0.766582E-02
  20.550    0.757801E-02
  20.600    0.749109E-02
  20.650    0.740503E-02
  20.700    0.731985E-02
  20.750    0.723552E-02
  20.800    0.715203E-02
  20.850    0.706938E-02
  20.900    0.698756E-02
  20.950    0.690656E-02
  21.000    0.682638E-02
  21.050    0.674700E-02
  21.100    0.666842E-02
  21.150    0.659063E-02
  21.200    0.651363E-02
  21.250    0.643740E-02
  21.300    0.636195E-02
  21.350    0.628726E-02
  21.400    0.621333E-02
  21.450    0.614016E-02
  21.500    0.606773E-02
  21.550    0.599605E-02
  21.600    0.592510E-02
  21.650    0.585489E-02
  21.700    0.578541E-02
  21.750    0.571665E-02
  21.800    0.564860E-02
  21.850    0.558128E-02
  21.900    0.551466E-02
  21.950    0.544875E-02
  22.000    0.538354E-02
  22.050    0.531903E-02
  22.100    0.525521E-02
  22.150    0.519209E-02
  22.200    0.512965E-02
  22.250    0.506789E-02
  22.300    0.500681E-02
  22.350    0.494641E-02
  22.400    0.488668E-02
  22.450    0.482762E-02
  22.500    0.476922E-02
  22.550    0.471148E-02
  22.600    0.465441E-02
  22.650    0.459798E-02
  22.700    0.454221E-02
  22.750    0.448709E-02
  22.800    0.443262E-02
  22.850    0.437878E-02
  22.900    0.432558E-02
  22.950    0.427302E-02
  23.000    0.422109E-02
  23.050    0.416978E-02
  23.100    0.411911E-02
  23.150    0.406905E-02
  23.200    0.401961E-02
  23.250    0.397078E-02
  23.300    0.392256E-02
  23.350    0.387495E-02
  23.400    0.382794E-02
  23.450    0.378153E-02
  23.500    0.373572E-02
  23.550    0.369049E-02
  23.600    0.364586E-02
  23.650    0.360180E-02
  23.700    0.355833E-02
  23.750    0.351542E-02
  23.800    0.347309E-02
  23.850    0.343133E-02
  23.900    0.339013E-02
  23.950    0.334948E-02
  24.000    0.330939E-02
  24.050    0.326984E-02
  24.100    0.323084E-02
  24.150    0.319237E-02
  24.200    0.315444E-02
  24.250    0.311704E-02
  24.300    0.308016E-02
  24.350    0.304380E-02
  24.400    0.300796E-02
  24.450    0.297262E-02
  24.500    0.293779E-02
  24.550    0.290345E-02
  24.600    0.286960E-02
  24.650    0.283625E-02
  24.700    0.280337E-02
  24.750    0.277097E-02
  24.800    0.273904E-02
  24.850    0.270757E-02
  24.900    0.267656E-02
  24.950    0.264600E-02
  25.000    0.261589E-02
  25.050    0.258623E-02
  25.100    0.255699E-02
  25.150    0.252819E-02
  25.200    0.249981E-02
  25.250    0.247184E-02
  25.300    0.244429E-02
  25.350    0.241714E-02
  25.400    0.239039E-02
  25.450    0.236403E-02
  25.500    0.233806E-02
  25.550    0.231247E-02
  25.600    0.228725E-02
  25.650    0.226240E-02
  25.700    0.223791E-02
  25.750    0.221377E-02
  25.800    0.218999E-02
  25.850    0.216654E-02
  25.900    0.214343E-02
  25.950    0.212066E-02
  26.000    0.209820E-02
  26.050    0.207606E-02
  26.100    0.205424E-02
  26.150    0.203271E-02
  26.200    0.201149E-02
  26.250    0.199056E-02
  26.300    0.196992E-02
  26.350    0.194956E-02
  26.400    0.192947E-02
  26.450    0.190965E-02
  26.500    0.189009E-02
  26.550    0.187079E-02
  26.600    0.185174E-02
  26.650    0.183294E-02
  26.700    0.181437E-02
  26.750    0.179604E-02
  26.800    0.177794E-02
  26.850    0.176006E-02
  26.900    0.174239E-02
  26.950    0.172494E-02
  27.000    0.170770E-02
  27.050    0.169065E-02
  27.100    0.167380E-02
  27.150    0.165715E-02
  27.200    0.164068E-02
  27.250    0.162438E-02
  27.300    0.160827E-02
  27.350    0.159233E-02
  27.400    0.157655E-02
  27.450    0.156093E-02
  27.500    0.154547E-02
  27.550    0.153017E-02
  27.600    0.151501E-02
  27.650    0.150000E-02
  27.700    0.148513E-02
  27.750    0.147039E-02
  27.800    0.145579E-02
  27.850    0.144132E-02
  27.900    0.142697E-02
  27.950    0.141274E-02
  28.000    0.139863E-02
  28.050    0.138463E-02
  28.100    0.137074E-02
  28.150    0.135696E-02
  28.200    0.134329E-02
  28.250    0.132972E-02
  28.300    0.131624E-02
  28.350    0.130287E-02
  28.400    0.128958E-02
  28.450    0.127639E-02
  28.500    0.126328E-02
  28.550    0.125026E-02
  28.600    0.123732E-02
  28.650    0.122446E-02
  28.700    0.121169E-02
  28.750    0.119899E-02
  28.800    0.118636E-02
  28.850    0.117381E-02
  28.900    0.116133E-02
  28.950    0.114892E-02
  29.000    0.113658E-02
  29.050    0.112430E-02
  29.100    0.111209E-02
  29.150    0.109995E-02
  29.200    0.108787E-02
  29.250    0.107585E-02
  29.300    0.106390E-02
  29.350    0.105200E-02
  29.400    0.104017E-02
  29.450    0.102839E-02
  29.500    0.101667E-02
  29.550    0.100502E-02
  29.600    0.993415E-03
  29.650    0.981871E-03
  29.700    0.970384E-03
  29.750    0.958955E-03
  29.800    0.947582E-03
  29.850    0.936266E-03
  29.900    0.925006E-03
  29.950    0.913804E-03
  30.000    0.902658E-03
  30.050    0.891569E-03
  30.100    0.880538E-03
  30.150    0.869564E-03
  30.200    0.858648E-03
  30.250    0.847791E-03
  30.300    0.836993E-03
  30.350    0.826254E-03
  30.400    0.815575E-03
  30.450    0.804957E-03
  30.500    0.794399E-03
  30.550    0.783904E-03
  30.600    0.773472E-03
  30.650    0.763103E-03
  30.700    0.752798E-03
  30.750    0.742558E-03
  30.800    0.732385E-03
  30.850    0.722278E-03
  30.900    0.712239E-03
  30.950    0.702268E-03
  31.000    0.692368E-03
  31.050    0.682538E-03
  31.100    0.672780E-03
  31.150    0.663094E-03
  31.200    0.653482E-03
  31.250    0.643945E-03
  31.300    0.634484E-03
  31.350    0.625100E-03
  31.400    0.615793E-03
  31.450    0.606566E-03
  31.500    0.597419E-03
  31.550    0.588352E-03
  31.600    0.579368E-03
  31.650    0.570468E-03
  31.700    0.561651E-03
  31.750    0.552920E-03
  31.800    0.544276E-03
  31.850    0.535719E-03
  31.900    0.527250E-03
  31.950    0.518871E-03
  32.000    0.510582E-03
  32.050    0.502384E-03
  32.100    0.494279E-03
  32.150    0.486268E-03
  32.200    0.478350E-03
  32.250    0.470527E-03
  32.300    0.462801E-03
  32.350    0.455171E-03
  32.400    0.447638E-03
  32.450    0.440204E-03
  32.500    0.432869E-03
  32.550    0.425634E-03
  32.600    0.418499E-03
  32.650    0.411465E-03
  32.700    0.404533E-03
  32.750    0.397703E-03
  32.800    0.390976E-03
  32.850    0.384353E-03
  32.900    0.377833E-03
  32.950    0.371418E-03
  33.000    0.365108E-03
  33.050    0.358902E-03
  33.100    0.352802E-03
  33.150    0.346807E-03
  33.200    0.340919E-03
  33.250    0.335136E-03
  33.300    0.329460E-03
  33.350    0.323891E-03
  33.400    0.318427E-03
  33.450    0.313071E-03
  33.500    0.307820E-03
  33.550    0.302677E-03
  33.600    0.297639E-03
  33.650    0.292708E-03
  33.700    0.287883E-03
  33.750    0.283164E-03
  33.800    0.278551E-03
  33.850    0.274042E-03
  33.900    0.269639E-03
  33.950    0.265341E-03
  34.000    0.261146E-03
  34.050    0.257055E-03
  34.100    0.253068E-03
  34.150    0.249183E-03
  34.200    0.245400E-03
  34.250    0.241718E-03
  34.300    0.238137E-03
  34.350    0.234656E-03
  34.400    0.231275E-03
  34.450    0.227992E-03
  34.500    0.224806E-03
  34.550    0.221718E-03
  34.600    0.218725E-03
  34.650    0.215827E-03
  34.700    0.213023E-03
  34.750    0.210312E-03
  34.800    0.207693E-03
  34.850    0.205165E-03
  34.900    0.202727E-03
  34.950    0.200377E-03
  35.000    0.198115E-03
  35.050    0.195939E-03
  35.100    0.193847E-03
  35.150    0.191840E-03
  35.200    0.189915E-03
  35.250    0.188071E-03
  35.300    0.186307E-03
  35.350    0.184622E-03
  35.400    0.183013E-03
  35.450    0.181480E-03
  35.500    0.180021E-03
  35.550    0.178635E-03
  35.600    0.177321E-03
  35.650    0.176076E-03
  35.700    0.174899E-03
  35.750    0.173789E-03
  35.800    0.172744E-03
  35.850    0.171763E-03
  35.900    0.170843E-03
  35.950    0.169984E-03
  36.000    0.169184E-03
  36.050    0.168442E-03
  36.100    0.167754E-03
  36.150    0.167121E-03
  36.200    0.166540E-03
  36.250    0.166009E-03
  36.300    0.165528E-03
  36.350    0.165094E-03
  36.400    0.164706E-03
  36.450    0.164361E-03
  36.500    0.164059E-03
  36.550    0.163797E-03
  36.600    0.163575E-03
  36.650    0.163390E-03
  36.700    0.163240E-03
  36.750    0.163124E-03
  36.800    0.163041E-03
  36.850    0.162988E-03
  36.900    0.162964E-03
  36.950    0.162968E-03
  37.000    0.162997E-03
  37.050    0.163050E-03
  37.100    0.163126E-03
  37.150    0.163222E-03
  37.200    0.163338E-03
  37.250    0.163471E-03
  37.300    0.163620E-03
  37.350    0.163784E-03
  37.400    0.163961E-03
  37.450    0.164149E-03
  37.500    0.164346E-03
  37.550    0.164553E-03
  37.600    0.164766E-03
  37.650    0.164984E-03
  37.700    0.165206E-03
  37.750    0.165431E-03
  37.800    0.165657E-03
  37.850    0.165883E-03
  37.900    0.166107E-03
  37.950    0.166328E-03
  38.000    0.166544E-03
  38.050    0.166755E-03
  38.100    0.166959E-03
  38.150    0.167155E-03
  38.200    0.167342E-03
  38.250    0.167517E-03
  38.300    0.167681E-03
  38.350    0.167832E-03
  38.400    0.167969E-03
  38.450    0.168091E-03
  38.500    0.168197E-03
  38.550    0.168285E-03
  38.600    0.168355E-03
  38.650    0.168405E-03
  38.700    0.168435E-03
  38.750    0.168444E-03
  38.800    0.168431E-03
  38.850    0.168395E-03
  38.900    0.168335E-03
  38.950    0.168251E-03
  39.000    0.168141E-03
  39.050    0.168005E-03
  39.100    0.167842E-03
  39.150    0.167651E-03
  39.200    0.167432E-03
  39.250    0.167184E-03
  39.300    0.166907E-03
  39.350    0.166599E-03
  39.400    0.166261E-03
  39.450    0.165892E-03
  39.500    0.165491E-03
  39.550    0.165058E-03
  39.600    0.164592E-03
  39.650    0.164094E-03
  39.700    0.163563E-03
  39.750    0.162998E-03
  39.800    0.162399E-03
  39.850    0.161766E-03
  39.900    0.161098E-03
  39.950    0.160396E-03
  40.000    0.159660E-03
  40.050    0.158888E-03
  40.100    0.158082E-03
  40.150    0.157240E-03
  40.200    0.156363E-03
  40.250    0.155452E-03
  40.300    0.154504E-03
  40.350    0.153522E-03
  40.400    0.152505E-03
  40.450    0.151452E-03
  40.500    0.150365E-03
  40.550    0.149243E-03
  40.600    0.148087E-03
  40.650    0.146895E-03
  40.700    0.145670E-03
  40.750    0.144411E-03
  40.800    0.143118E-03
  40.850    0.141791E-03
  40.900    0.140432E-03
  40.950    0.139040E-03
  41.000    0.137615E-03
  41.050    0.136158E-03
  41.100    0.134670E-03
  41.150    0.133150E-03
  41.200    0.131600E-03
  41.250    0.130019E-03
  41.300    0.128408E-03
  41.350    0.126768E-03
  41.400    0.125100E-03
  41.450    0.123403E-03
  41.500    0.121678E-03
  41.550    0.119927E-03
  41.600    0.118149E-03
  41.650    0.116345E-03
  41.700    0.114515E-03
  41.750    0.112662E-03
  41.800    0.110784E-03
  41.850    0.108883E-03
  41.900    0.106959E-03
  41.950    0.105014E-03
  42.000    0.103047E-03
  42.050    0.101060E-03
  42.100    0.990538E-04
  42.150    0.970284E-04
  42.200    0.949848E-04
  42.250    0.929238E-04
  42.300    0.908463E-04
  42.350    0.887530E-04
  42.400    0.866448E-04
  42.450    0.845224E-04
  42.500    0.823867E-04
  42.550    0.802385E-04
  42.600    0.780786E-04
  42.650    0.759079E-04
  42.700    0.737272E-04
  42.750    0.715374E-04
  42.800    0.693393E-04
  42.850    0.671339E-04
  42.900    0.649219E-04
  42.950    0.627042E-04
  43.000    0.604817E-04
  43.050    0.582552E-04
  43.100    0.560257E-04
  43.150    0.537940E-04
  43.200    0.515610E-04
  43.250    0.493275E-04
  43.300    0.470945E-04
  43.350    0.448627E-04
  43.400    0.426331E-04
  43.450    0.404066E-04
  43.500    0.381839E-04
  43.550    0.359660E-04
  43.600    0.337537E-04
  43.650    0.315479E-04
  43.700    0.293493E-04
  43.750    0.271590E-04
  43.800    0.249777E-04
  43.850    0.228062E-04
  43.900    0.206453E-04
  43.950    0.184960E-04
  44.000    0.163589E-04
  44.050    0.142350E-04
  44.100    0.121249E-04
  44.150    0.100296E-04
  44.200    0.794971E-05
  44.250    0.588611E-05
  44.300    0.383952E-05
  44.350    0.181072E-05
  44.400   -0.199570E-06
  44.450   -0.219060E-05
  44.500   -0.416164E-05
  44.550   -0.611199E-05
  44.600   -0.804094E-05
  44.650   -0.994779E-05
  44.700   -0.118319E-04
  44.750   -0.136925E-04
  44.800   -0.155290E-04
  44.850   -0.173408E-04
  44.900   -0.191273E-04
  44.950   -0.208877E-04
  45.000   -0.226215E-04
  45.050   -0.243282E-04
  45.100   -0.260070E-04
  45.150   -0.276576E-04
  45.200   -0.292792E-04
  45.250   -0.308715E-04
  45.300   -0.324338E-04
  45.350   -0.339656E-04
  45.400   -0.354665E-04
  45.450   -0.369360E-04
  45.500   -0.383736E-04
  45.550   -0.397789E-04
  45.600   -0.411514E-04
  45.650   -0.424907E-04
  45.700   -0.437964E-04
  45.750   -0.450682E-04
  45.800   -0.463056E-04
  45.850   -0.475083E-04
  45.900   -0.486760E-04
  45.950   -0.498083E-04
  46.000   -0.509049E-04
  46.050   -0.519656E-04
  46.100   -0.529901E-04
  46.150   -0.539780E-04
  46.200   -0.549292E-04
  46.250   -0.558434E-04
  46.300   -0.567204E-04
  46.350   -0.575601E-04
  46.400   -0.583622E-04
  46.450   -0.591265E-04
  46.500   -0.598530E-04
  46.550   -0.605415E-04
  46.600   -0.611918E-04
  46.650   -0.618039E-04
  46.700   -0.623777E-04
  46.750   -0.629132E-04
  46.800   -0.634101E-04
  46.850   -0.638687E-04
  46.900   -0.642887E-04
  46.950   -0.646702E-04
  47.000   -0.650132E-04
  47.050   -0.653177E-04
  47.100   -0.655838E-04
  47.150   -0.658115E-04
  47.200   -0.660010E-04
  47.250   -0.661521E-04
  47.300   -0.662652E-04
  47.350   -0.663402E-04
  47.400   -0.663773E-04
  47.450   -0.663766E-04
  47.500   -0.663384E-04
  47.550   -0.662627E-04
  47.600   -0.661498E-04
  47.650   -0.659998E-04
  47.700   -0.658129E-04
  47.750   -0.655895E-04
  47.800   -0.653296E-04
  47.850   -0.650336E-04
  47.900   -0.647017E-04
  47.950   -0.643342E-04
  48.000   -0.639313E-04
  48.050   -0.634934E-04
  48.100   -0.630209E-04
  48.150   -0.625139E-04
  48.200   -0.619728E-04
  48.250   -0.613980E-04
  48.300   -0.607898E-04
  48.350   -0.601486E-04
  48.400   -0.594748E-04
  48.450   -0.587688E-04
  48.500   -0.580309E-04
  48.550   -0.572615E-04
  48.600   -0.564611E-04
  48.650   -0.556302E-04
  48.700   -0.547690E-04
  48.750   -0.538781E-04
  48.800   -0.529579E-04
  48.850   -0.520090E-04
  48.900   -0.510316E-04
  48.950   -0.500264E-04
  49.000   -0.489938E-04
  49.050   -0.479344E-04
  49.100   -0.468485E-04
  49.150   -0.457367E-04
  49.200   -0.445995E-04
  49.250   -0.434375E-04
  49.300   -0.422512E-04
  49.350   -0.410410E-04
  49.400   -0.398076E-04
  49.450   -0.385515E-04
  49.500   -0.372732E-04
  49.550   -0.359732E-04
  49.600   -0.346522E-04
  49.650   -0.333107E-04
  49.700   -0.319493E-04
  49.750   -0.305685E-04
  49.800   -0.291689E-04
  49.850   -0.277511E-04
  49.900   -0.263156E-04
  49.950   -0.248632E-04
  50.000   -0.233942E-04
  50.050   -0.219094E-04
  50.100   -0.204093E-04
  50.150   -0.188945E-04
  50.200   -0.173657E-04
  50.250   -0.158233E-04
  50.300   -0.142681E-04
  50.350   -0.127005E-04
  50.400   -0.111213E-04
  50.450   -0.953098E-05
  50.500   -0.793018E-05
  50.550   -0.631949E-05
  50.600   -0.469952E-05
  50.650   -0.307088E-05
  50.700   -0.143415E-05
  50.750    0.210046E-06
  50.800    0.186112E-05
  50.850    0.351847E-05
  50.900    0.518150E-05
  50.950    0.684962E-05
  51.000    0.852222E-05
  51.050    0.101987E-04
  51.100    0.118785E-04
  51.150    0.135610E-04
  51.200    0.152457E-04
  51.250    0.169318E-04
  51.300    0.186190E-04
  51.350    0.203065E-04
  51.400    0.219939E-04
  51.450    0.236805E-04
  51.500    0.253657E-04
  51.550    0.270491E-04
  51.600    0.287300E-04
  51.650    0.304079E-04
  51.700    0.320823E-04
  51.750    0.337526E-04
  51.800    0.354182E-04
  51.850    0.370786E-04
  51.900    0.387334E-04
  51.950    0.403818E-04
  52.000    0.420236E-04
  52.050    0.436580E-04
  52.100    0.452846E-04
  52.150    0.469030E-04
  52.200    0.485125E-04
  52.250    0.501128E-04
  52.300    0.517032E-04
  52.350    0.532834E-04
  52.400    0.548529E-04
  52.450    0.564111E-04
  52.500    0.579577E-04
  52.550    0.594922E-04
  52.600    0.610140E-04
  52.650    0.625229E-04
  52.700    0.640182E-04
  52.750    0.654997E-04
  52.800    0.669669E-04
  52.850    0.684193E-04
  52.900    0.698566E-04
  52.950    0.712784E-04
  53.000    0.726842E-04
  53.050    0.740738E-04
  53.100    0.754466E-04
  53.150    0.768023E-04
  53.200    0.781407E-04
  53.250    0.794612E-04
  53.300    0.807636E-04
  53.350    0.820475E-04
  53.400    0.833126E-04
  53.450    0.845586E-04
  53.500    0.857851E-04
  53.550    0.869919E-04
  53.600    0.881786E-04
  53.650    0.893450E-04
  53.700    0.904907E-04
  53.750    0.916156E-04
  53.800    0.927192E-04
  53.850    0.938014E-04
  53.900    0.948619E-04
  53.950    0.959005E-04
  54.000    0.969169E-04
  54.050    0.979110E-04
  54.100    0.988824E-04
  54.150    0.998310E-04
  54.200    0.100757E-03
  54.250    0.101659E-03
  54.300    0.102538E-03
  54.350    0.103393E-03
  54.400    0.104225E-03
  54.450    0.105032E-03
  54.500    0.105816E-03
  54.550    0.106575E-03
  54.600    0.107310E-03
  54.650    0.108021E-03
  54.700    0.108707E-03
  54.750    0.109368E-03
  54.800    0.110005E-03
  54.850    0.110616E-03
  54.900    0.111203E-03
  54.950    0.111764E-03
  55.000    0.112300E-03
  55.050    0.112811E-03
  55.100    0.113297E-03
  55.150    0.113758E-03
  55.200    0.114193E-03
  55.250    0.114602E-03
  55.300    0.114987E-03
  55.350    0.115345E-03
  55.400    0.115679E-03
  55.450    0.115987E-03
  55.500    0.116269E-03
  55.550    0.116526E-03
  55.600    0.116757E-03
  55.650    0.116964E-03
  55.700    0.117144E-03
  55.750    0.117300E-03
  55.800    0.117430E-03
  55.850    0.117535E-03
  55.900    0.117615E-03
  55.950    0.117669E-03
  56.000    0.117699E-03
  56.050    0.117703E-03
  56.100    0.117683E-03
  56.150    0.117638E-03
  56.200    0.117569E-03
  56.250    0.117474E-03
  56.300    0.117356E-03
  56.350    0.117213E-03
  56.400    0.117045E-03
  56.450    0.116854E-03
  56.500    0.116639E-03
  56.550    0.116400E-03
  56.600    0.116137E-03
  56.650    0.115851E-03
  56.700    0.115541E-03
  56.750    0.115208E-03
  56.800    0.114853E-03
  56.850    0.114474E-03
  56.900    0.114073E-03
  56.950    0.113649E-03
  57.000    0.113203E-03
  57.050    0.112735E-03
  57.100    0.112245E-03
  57.150    0.111733E-03
  57.200    0.111200E-03
  57.250    0.110646E-03
  57.300    0.110070E-03
  57.350    0.109474E-03
  57.400    0.108857E-03
  57.450    0.108219E-03
  57.500    0.107562E-03
  57.550    0.106884E-03
  57.600    0.106187E-03
  57.650    0.105471E-03
  57.700    0.104735E-03
  57.750    0.103981E-03
  57.800    0.103208E-03
  57.850    0.102416E-03
  57.900    0.101606E-03
  57.950    0.100778E-03
  58.000    0.999331E-04
  58.050    0.990705E-04
  58.100    0.981907E-04
  58.150    0.972942E-04
  58.200    0.963812E-04
  58.250    0.954519E-04
  58.300    0.945067E-04
  58.350    0.935457E-04
  58.400    0.925694E-04
  58.450    0.915780E-04
  58.500    0.905718E-04
  58.550    0.895511E-04
  58.600    0.885162E-04
  58.650    0.874673E-04
  58.700    0.864048E-04
  58.750    0.853290E-04
  58.800    0.842402E-04
  58.850    0.831386E-04
  58.900    0.820246E-04
  58.950    0.808985E-04
  59.000    0.797606E-04
  59.050    0.786112E-04
  59.100    0.774506E-04
  59.150    0.762791E-04
  59.200    0.750970E-04
  59.250    0.739047E-04
  59.300    0.727024E-04
  59.350    0.714904E-04
  59.400    0.702691E-04
  59.450    0.690388E-04
  59.500    0.677997E-04
  59.550    0.665523E-04
  59.600    0.652967E-04
  59.650    0.640334E-04
  59.700    0.627625E-04
  59.750    0.614845E-04
  59.800    0.601997E-04
  59.850    0.589083E-04
  59.900    0.576107E-04
  59.950    0.563071E-04
 & 
