 # Cross sections for state #  5 Ex=  0.563 MeV J/pi=  0.0+
    0.100     460.76    
    0.600     449.18    
    1.100     422.00    
    1.600     381.49    
    2.100     330.99    
    2.600     274.50    
    3.100     216.25    
    3.600     160.32    
    4.100     110.19    
    4.600     68.463    
    5.100     36.683    
    5.600     15.279    
    6.100     3.6526    
    6.600    0.37231    
    7.100     3.4366    
    7.600     10.576    
    8.100     19.547    
    8.600     28.381    
    9.100     35.563    
    9.600     40.132    
   10.100     41.689    
   10.600     40.336    
   11.100     36.563    
   11.600     31.103    
   12.100     24.780    
   12.600     18.381    
   13.100     12.549    
   13.600     7.7269    
   14.100     4.1395    
   14.600     1.8068    
   15.100    0.58844    
   15.600    0.24028    
   16.100    0.47335    
   16.600     1.0059    
   17.100     1.6018    
   17.600     2.0925    
   18.100     2.3832    
   18.600     2.4456    
   19.100     2.3024    
   19.600     2.0079    
   20.100     1.6290    
   20.600     1.2296    
   21.100    0.86036    
   21.600    0.55402    
   22.100    0.32497    
   22.600    0.17261    
   23.100    0.86129E-01
   23.600    0.49585E-01
   24.100    0.46264E-01
   24.600    0.61640E-01
   25.100    0.84907E-01
   25.600    0.10928    
   26.100    0.13145    
   26.600    0.15060    
   27.100    0.16732    
   27.600    0.18271    
   28.100    0.19771    
   28.600    0.21265    
   29.100    0.22716    
   29.600    0.24013    
   30.100    0.24996    
   30.600    0.25487    
   31.100    0.25326    
   31.600    0.24417    
   32.100    0.22770    
   32.600    0.20518    
   33.100    0.17933    
   33.600    0.15394    
   34.100    0.13344    
   34.600    0.12215    
   35.100    0.12354    
   35.600    0.13945    
   36.100    0.16962    
   36.600    0.21152    
   37.100    0.26062    
   37.600    0.31102    
   38.100    0.35636    
   38.600    0.39088    
   39.100    0.41029    
   39.600    0.41249    
   40.100    0.39780    
   40.600    0.36880    
   41.100    0.32981    
   41.600    0.28605    
   42.100    0.24274    
   42.600    0.20430    
   43.100    0.17373    
   43.600    0.15235    
   44.100    0.13979    
   44.600    0.13441    
   45.100    0.13374    
   45.600    0.13505    
   46.100    0.13591    
   46.600    0.13453    
   47.100    0.12994    
   47.600    0.12203    
   48.100    0.11134    
   48.600    0.98907E-01
   49.100    0.85976E-01
   49.600    0.73774E-01
   50.100    0.63352E-01
   50.600    0.55481E-01
   51.100    0.50610E-01
   51.600    0.48853E-01
   52.100    0.50013E-01
   52.600    0.53606E-01
   53.100    0.58902E-01
   53.600    0.64985E-01
   54.100    0.70839E-01
   54.600    0.75457E-01
   55.100    0.77974E-01
   55.600    0.77803E-01
   56.100    0.74741E-01
   56.600    0.69028E-01
   57.100    0.61328E-01
   57.600    0.52636E-01
   58.100    0.44109E-01
   58.600    0.36866E-01
   59.100    0.31780E-01
   59.600    0.29322E-01
   60.100    0.29471E-01
   60.600    0.31733E-01
   61.100    0.35250E-01
   61.600    0.38970E-01
   62.100    0.41868E-01
   62.600    0.43132E-01
   63.100    0.42314E-01
   63.600    0.39381E-01
   64.100    0.34697E-01
   64.600    0.28907E-01
   65.100    0.22792E-01
   65.600    0.17099E-01
   66.100    0.12409E-01
   66.600    0.90473E-02
   67.100    0.70637E-02
   67.600    0.62740E-02
   68.100    0.63409E-02
   68.600    0.68734E-02
   69.100    0.75167E-02
   69.600    0.80131E-02
   70.100    0.82251E-02
   70.600    0.81230E-02
   71.100    0.77485E-02
   71.600    0.71718E-02
   72.100    0.64564E-02
   72.600    0.56434E-02
   73.100    0.47553E-02
   73.600    0.38162E-02
   74.100    0.28750E-02
   74.600    0.20203E-02
   75.100    0.13786E-02
   75.600    0.10916E-02
   76.100    0.12789E-02
   76.600    0.19963E-02
   77.100    0.32036E-02
   77.600    0.47526E-02
   78.100    0.64042E-02
   78.600    0.78713E-02
   79.100    0.88791E-02
   79.600    0.92281E-02
   80.100    0.88431E-02
   80.600    0.77950E-02
   81.100    0.62886E-02
   81.600    0.46180E-02
   82.100    0.31004E-02
   82.600    0.20051E-02
   83.100    0.14935E-02
   83.600    0.15869E-02
   84.100    0.21683E-02
   84.600    0.30167E-02
   85.100    0.38656E-02
   85.600    0.44692E-02
   86.100    0.46593E-02
   86.600    0.43806E-02
   87.100    0.36942E-02
   87.600    0.27534E-02
   88.100    0.17566E-02
   88.600    0.89403E-03
   89.100    0.30033E-03
   89.600    0.26883E-04
   90.100    0.38698E-04
   90.600    0.23530E-03
   91.100    0.48771E-03
   91.600    0.67984E-03
   92.100    0.74208E-03
   92.600    0.66772E-03
   93.100    0.50852E-03
   93.600    0.35187E-03
   94.100    0.28764E-03
   94.600    0.37526E-03
   95.100    0.62153E-03
   95.600    0.97590E-03
   96.100    0.13446E-02
   96.600    0.16191E-02
   97.100    0.17108E-02
   97.600    0.15802E-02
   98.100    0.12522E-02
   98.600    0.81293E-03
   99.100    0.38742E-03
   99.600    0.10520E-03
  100.100    0.63184E-04
  100.600    0.29660E-03
  101.100    0.76647E-03
  101.600    0.13677E-02
  102.100    0.19556E-02
  102.600    0.23842E-02
  103.100    0.25452E-02
  103.600    0.23971E-02
  104.100    0.19771E-02
  104.600    0.13906E-02
  105.100    0.78339E-03
  105.600    0.30290E-03
  106.100    0.58993E-04
  106.600    0.95904E-04
  107.100    0.38213E-03
  107.600    0.82103E-03
  108.100    0.12789E-02
  108.600    0.16225E-02
  109.100    0.17554E-02
  109.600    0.16431E-02
  110.100    0.13207E-02
  110.600    0.88061E-03
  111.100    0.44489E-03
  111.600    0.12964E-03
  112.100    0.12427E-04
  112.600    0.11132E-03
  113.100    0.38154E-03
  113.600    0.73020E-03
  114.100    0.10447E-02
  114.600    0.12263E-02
  115.100    0.12190E-02
  115.600    0.10257E-02
  116.100    0.70698E-03
  116.600    0.36234E-03
  117.100    0.10077E-03
  117.600    0.80111E-05
  118.100    0.12081E-03
  118.600    0.41537E-03
  119.100    0.81354E-03
  119.600    0.12049E-02
  120.100    0.14787E-02
  120.600    0.15558E-02
  121.100    0.14125E-02
  121.600    0.10880E-02
  122.100    0.67399E-03
  122.600    0.28941E-03
  123.100    0.46527E-04
  123.600    0.18960E-04
  124.100    0.22018E-03
  124.600    0.59900E-03
  125.100    0.10533E-02
  125.600    0.14586E-02
  126.100    0.17025E-02
  126.600    0.17170E-02
  127.100    0.14975E-02
  127.600    0.11044E-02
  128.100    0.64683E-03
  128.600    0.25144E-03
  129.100    0.27274E-04
  129.600    0.34895E-04
  130.100    0.26932E-03
  130.600    0.66147E-03
  131.100    0.10978E-02
  131.600    0.14527E-02
  132.100    0.16240E-02
  132.600    0.15623E-02
  133.100    0.12853E-02
  133.600    0.87267E-03
  134.100    0.44326E-03
  134.600    0.12140E-03
  135.100    0.95296E-06
  135.600    0.11820E-03
  136.100    0.44100E-03
  136.600    0.87762E-03
  137.100    0.13027E-02
  137.600    0.15933E-02
  138.100    0.16644E-02
  138.600    0.14940E-02
  139.100    0.11303E-02
  139.600    0.67860E-03
  140.100    0.27167E-03
  140.600    0.31679E-04
  141.100    0.34640E-04
  141.600    0.28758E-03
  142.100    0.72525E-03
  142.600    0.12277E-02
  143.100    0.16537E-02
  143.600    0.18815E-02
  144.100    0.18437E-02
  144.600    0.15486E-02
  145.100    0.10788E-02
  145.600    0.56932E-03
  146.100    0.16966E-03
  146.600    0.12744E-05
  147.100    0.12185E-03
  147.600    0.50729E-03
  148.100    0.10567E-02
  148.600    0.16196E-02
  149.100    0.20381E-02
  149.600    0.21919E-02
  150.100    0.20338E-02
  150.600    0.16056E-02
  151.100    0.10276E-02
  151.600    0.46657E-03
  152.100    0.88972E-04
  152.600    0.12856E-04
  153.100    0.27271E-03
  153.600    0.80718E-03
  154.100    0.14740E-02
  154.600    0.20886E-02
  155.100    0.24761E-02
  155.600    0.25224E-02
  156.100    0.22085E-02
  156.600    0.16199E-02
  157.100    0.92506E-03
  157.600    0.32970E-03
  158.100    0.18790E-04
  158.600    0.10212E-03
  159.100    0.57959E-03
  159.600    0.13368E-02
  160.100    0.21735E-02
  160.600    0.28578E-02
  161.100    0.31925E-02
  161.600    0.30732E-02
  162.100    0.25239E-02
  162.600    0.16960E-02
  163.100    0.83108E-03
  163.600    0.19572E-03
  164.100    0.55104E-05
  164.600    0.35964E-03
  165.100    0.12053E-02
  165.600    0.23437E-02
  166.100    0.34786E-02
  166.600    0.42959E-02
  167.100    0.45536E-02
  167.600    0.41574E-02
  168.100    0.31993E-02
  168.600    0.19456E-02
  169.100    0.77435E-03
  169.600    0.76168E-04
  170.100    0.14258E-03
  170.600    0.10734E-02
  171.100    0.27296E-02
  171.600    0.47493E-02
  172.100    0.66283E-02
  172.600    0.78482E-02
  173.100    0.80242E-02
  173.600    0.70332E-02
  174.100    0.50877E-02
  174.600    0.27312E-02
  175.100    0.74851E-03
  175.600    0.54004E-05
  176.100    0.12506E-02
  176.600    0.49246E-02
  177.100    0.11021E-01
  177.600    0.19036E-01
  178.100    0.28024E-01
  178.600    0.36748E-01
  179.100    0.43909E-01
