 # Cross sections for state #  3 Ex=  0.033 MeV J/pi=  0.0+
    0.100     50.482    
    0.600     49.163    
    1.100     46.073    
    1.600     41.482    
    2.100     35.780    
    2.600     29.435    
    3.100     22.941    
    3.600     16.763    
    4.100     11.293    
    4.600     6.8124    
    5.100     3.4771    
    5.600     1.3109    
    6.100    0.22056    
    6.600    0.21077E-01
    7.100    0.46980    
    7.600     1.3029    
    8.100     2.2697    
    8.600     3.1604    
    9.100     3.8242    
    9.600     4.1771    
   10.100     4.1992    
   10.600     3.9243    
   11.100     3.4234    
   11.600     2.7871    
   12.100     2.1077    
   12.600     1.4652    
   13.100    0.91838    
   13.600    0.50018    
   14.100    0.21877    
   14.600    0.61939E-01
   15.100    0.38363E-02
   15.600    0.12276E-01
   16.100    0.55385E-01
   16.600    0.10656    
   17.100    0.14730    
   17.600    0.16794    
   18.100    0.16662    
   18.600    0.14716    
   19.100    0.11651    
   19.600    0.82304E-01
   20.100    0.51051E-01
   20.600    0.27025E-01
   21.100    0.11998E-01
   21.600    0.55575E-02
   22.100    0.58028E-02
   22.600    0.10166E-01
   23.100    0.16136E-01
   23.600    0.21754E-01
   24.100    0.25847E-01
   24.600    0.28017E-01
   25.100    0.28466E-01
   25.600    0.27749E-01
   26.100    0.26540E-01
   26.600    0.25452E-01
   27.100    0.24933E-01
   27.600    0.25239E-01
   28.100    0.26442E-01
   28.600    0.28462E-01
   29.100    0.31096E-01
   29.600    0.34040E-01
   30.100    0.36912E-01
   30.600    0.39283E-01
   31.100    0.40730E-01
   31.600    0.40901E-01
   32.100    0.39602E-01
   32.600    0.36860E-01
   33.100    0.32969E-01
   33.600    0.28477E-01
   34.100    0.24120E-01
   34.600    0.20699E-01
   35.100    0.18935E-01
   35.600    0.19314E-01
   36.100    0.21982E-01
   36.600    0.26685E-01
   37.100    0.32797E-01
   37.600    0.39424E-01
   38.100    0.45555E-01
   38.600    0.50244E-01
   39.100    0.52775E-01
   39.600    0.52781E-01
   40.100    0.50293E-01
   40.600    0.45714E-01
   41.100    0.39722E-01
   41.600    0.33133E-01
   42.100    0.26750E-01
   42.600    0.21232E-01
   43.100    0.17001E-01
   43.600    0.14209E-01
   44.100    0.12755E-01
   44.600    0.12350E-01
   45.100    0.12602E-01
   45.600    0.13109E-01
   46.100    0.13526E-01
   46.600    0.13619E-01
   47.100    0.13272E-01
   47.600    0.12483E-01
   48.100    0.11329E-01
   48.600    0.99333E-02
   49.100    0.84373E-02
   49.600    0.69752E-02
   50.100    0.56651E-02
   50.600    0.46059E-02
   51.100    0.38770E-02
   51.600    0.35368E-02
   52.100    0.36166E-02
   52.600    0.41115E-02
   53.100    0.49704E-02
   53.600    0.60910E-02
   54.100    0.73241E-02
   54.600    0.84891E-02
   55.100    0.94010E-02
   55.600    0.99024E-02
   56.100    0.98952E-02
   56.600    0.93634E-02
   57.100    0.83801E-02
   57.600    0.70971E-02
   58.100    0.57170E-02
   58.600    0.44535E-02
   59.100    0.34897E-02
   59.600    0.29424E-02
   60.100    0.28407E-02
   60.600    0.31238E-02
   61.100    0.36583E-02
   61.600    0.42701E-02
   62.100    0.47826E-02
   62.600    0.50539E-02
   63.100    0.50033E-02
   63.600    0.46229E-02
   64.100    0.39712E-02
   64.600    0.31546E-02
   65.100    0.22990E-02
   65.600    0.15210E-02
   66.100    0.90546E-03
   66.600    0.49294E-03
   67.100    0.27931E-03
   67.600    0.22612E-03
   68.100    0.27698E-03
   68.600    0.37517E-03
   69.100    0.47739E-03
   69.600    0.56064E-03
   70.100    0.62132E-03
   70.600    0.66836E-03
   71.100    0.71335E-03
   71.600    0.76172E-03
   72.100    0.80794E-03
   72.600    0.83632E-03
   73.100    0.82684E-03
   73.600    0.76387E-03
   74.100    0.64461E-03
   74.600    0.48395E-03
   75.100    0.31382E-03
   75.600    0.17673E-03
   76.100    0.11496E-03
   76.600    0.15841E-03
   77.100    0.31475E-03
   77.600    0.56485E-03
   78.100    0.86513E-03
   78.600    0.11566E-02
   79.100    0.13787E-02
   79.600    0.14834E-02
   80.100    0.14475E-02
   80.600    0.12787E-02
   81.100    0.10131E-02
   81.600    0.70741E-03
   82.100    0.42433E-03
   82.600    0.21803E-03
   83.100    0.12149E-03
   83.600    0.13963E-03
   84.100    0.24976E-03
   84.600    0.40885E-03
   85.100    0.56555E-03
   85.600    0.67371E-03
   86.100    0.70363E-03
   86.600    0.64842E-03
   87.100    0.52395E-03
   87.600    0.36278E-03
   88.100    0.20408E-03
   88.600    0.82539E-04
   89.100    0.19275E-04
   89.600    0.17258E-04
   90.100    0.62157E-04
   90.600    0.12810E-03
   91.100    0.18640E-03
   91.600    0.21457E-03
   92.100    0.20290E-03
   92.600    0.15692E-03
   93.100    0.94913E-04
   93.600    0.41638E-04
   94.100    0.20071E-04
   94.600    0.43796E-04
   95.100    0.11232E-03
   95.600    0.21072E-03
   96.100    0.31376E-03
   96.600    0.39318E-03
   97.100    0.42613E-03
   97.600    0.40215E-03
   98.100    0.32663E-03
   98.600    0.21983E-03
   99.100    0.11143E-03
   99.600    0.32425E-04
  100.100    0.63594E-05
  100.600    0.42647E-04
  101.100    0.13369E-03
  101.600    0.25677E-03
  102.100    0.38006E-03
  102.600    0.47133E-03
  103.100    0.50661E-03
  103.600    0.47673E-03
  104.100    0.38969E-03
  104.600    0.26838E-03
  105.100    0.14420E-03
  105.600    0.48482E-04
  106.100    0.40187E-05
  106.600    0.19081E-04
  107.100    0.85532E-04
  107.600    0.18149E-03
  108.100    0.27776E-03
  108.600    0.34610E-03
  109.100    0.36708E-03
  109.600    0.33531E-03
  110.100    0.26056E-03
  110.600    0.16462E-03
  111.100    0.74807E-04
  111.600    0.16034E-04
  112.100    0.37211E-05
  112.600    0.39540E-04
  113.100    0.11118E-03
  113.600    0.19615E-03
  114.100    0.26847E-03
  114.600    0.30629E-03
  115.100    0.29827E-03
  115.600    0.24685E-03
  116.100    0.16748E-03
  116.600    0.84060E-04
  117.100    0.21989E-04
  117.600    0.66978E-06
  118.100    0.27804E-04
  118.600    0.97035E-04
  119.100    0.18965E-03
  119.600    0.27988E-03
  120.100    0.34225E-03
  120.600    0.35894E-03
  121.100    0.32496E-03
  121.600    0.24970E-03
  122.100    0.15443E-03
  122.600    0.66296E-04
  123.100    0.10654E-04
  123.600    0.38610E-05
  124.100    0.48545E-04
  124.600    0.13277E-03
  125.100    0.23331E-03
  125.600    0.32217E-03
  126.100    0.37446E-03
  126.600    0.37545E-03
  127.100    0.32478E-03
  127.600    0.23660E-03
  128.100    0.13562E-03
  128.600    0.50140E-04
  129.100    0.40777E-05
  129.600    0.10165E-04
  130.100    0.66340E-04
  130.600    0.15632E-03
  131.100    0.25422E-03
  131.600    0.33190E-03
  132.100    0.36702E-03
  132.600    0.34942E-03
  133.100    0.28408E-03
  133.600    0.18975E-03
  134.100    0.93632E-04
  134.600    0.23622E-04
  135.100    0.28359E-06
  135.600    0.30887E-04
  136.100    0.10721E-03
  136.600    0.20777E-03
  137.100    0.30390E-03
  137.600    0.36794E-03
  138.100    0.38121E-03
  138.600    0.33957E-03
  139.100    0.25473E-03
  139.600    0.15115E-03
  140.100    0.59129E-04
  140.600    0.61632E-05
  141.100    0.89544E-05
  141.600    0.68411E-04
  142.100    0.16910E-03
  142.600    0.28342E-03
  143.100    0.37927E-03
  143.600    0.42929E-03
  144.100    0.41874E-03
  144.600    0.35005E-03
  145.100    0.24247E-03
  145.600    0.12684E-03
  146.100    0.37013E-04
  146.600    0.16826E-06
  147.100    0.28868E-04
  147.600    0.11712E-03
  148.100    0.24168E-03
  148.600    0.36834E-03
  149.100    0.46150E-03
  149.600    0.49435E-03
  150.100    0.45680E-03
  150.600    0.35879E-03
  151.100    0.22794E-03
  151.600    0.10205E-03
  152.100    0.18523E-04
  152.600    0.35579E-05
  153.100    0.64337E-04
  153.600    0.18641E-03
  154.100    0.33724E-03
  154.600    0.47506E-03
  155.100    0.56063E-03
  155.600    0.56867E-03
  156.100    0.49560E-03
  156.600    0.36134E-03
  157.100    0.20435E-03
  157.600    0.71208E-04
  158.100    0.34208E-05
  158.600    0.25229E-04
  159.100    0.13591E-03
  159.600    0.30896E-03
  160.100    0.49871E-03
  160.600    0.65266E-03
  161.100    0.72646E-03
  161.600    0.69710E-03
  162.100    0.57062E-03
  162.600    0.38187E-03
  163.100    0.18585E-03
  163.600    0.42895E-04
  164.100    0.15100E-05
  164.600    0.83634E-04
  165.100    0.27674E-03
  165.600    0.53535E-03
  166.100    0.79219E-03
  166.600    0.97618E-03
  167.100    0.10329E-02
  167.600    0.94138E-03
  168.100    0.72306E-03
  168.600    0.43857E-03
  169.100    0.17367E-03
  169.600    0.16644E-04
  170.100    0.33164E-04
  170.600    0.24534E-03
  171.100    0.62126E-03
  171.600    0.10787E-02
  172.100    0.15034E-02
  172.600    0.17782E-02
  173.100    0.18164E-02
  173.600    0.15905E-02
  174.100    0.11492E-02
  174.600    0.61575E-03
  175.100    0.16787E-03
  175.600    0.13651E-05
  176.100    0.28539E-03
  176.600    0.11193E-02
  177.100    0.25011E-02
  177.600    0.43168E-02
  178.100    0.63518E-02
  178.600    0.83267E-02
  179.100    0.99475E-02
