 # Cross sections for state #  9 Ex=  4.336 MeV J/pi=  0.0+
    0.100     231.79    
    0.600     227.70    
    1.100     218.00    
    1.600     203.26    
    2.100     184.32    
    2.600     162.27    
    3.100     138.33    
    3.600     113.80    
    4.100     89.931    
    4.600     67.897    
    5.100     48.665    
    5.600     32.965    
    6.100     21.241    
    6.600     13.635    
    7.100     9.9951    
    7.600     9.9040    
    8.100     12.728    
    8.600     17.680    
    9.100     23.897    
    9.600     30.510    
   10.100     36.720    
   10.600     41.856    
   11.100     45.425    
   11.600     47.135    
   12.100     46.900    
   12.600     44.832    
   13.100     41.207    
   13.600     36.421    
   14.100     30.938    
   14.600     25.239    
   15.100     19.769    
   15.600     14.899    
   16.100     10.895    
   16.600     7.9025    
   17.100     5.9498    
   17.600     4.9569    
   18.100     4.7604    
   18.600     5.1429    
   19.100     5.8643    
   19.600     6.6921    
   20.100     7.4265    
   20.600     7.9180    
   21.100     8.0766    
   21.600     7.8724    
   22.100     7.3290    
   22.600     6.5110    
   23.100     5.5094    
   23.600     4.4246    
   24.100     3.3532    
   24.600     2.3756    
   25.100     1.5490    
   25.600    0.90507    
   26.100    0.44994    
   26.600    0.16903    
   27.100    0.32797E-01
   27.600    0.35893E-02
   28.100    0.42077E-01
   28.600    0.11256    
   29.100    0.18658    
   29.600    0.24478    
   30.100    0.27698    
   30.600    0.28109    
   31.100    0.26100    
   31.600    0.22430    
   32.100    0.18000    
   32.600    0.13661    
   33.100    0.10093    
   33.600    0.77363E-01
   34.100    0.67816E-01
   34.600    0.72053E-01
   35.100    0.88269E-01
   35.600    0.11376    
   36.100    0.14556    
   36.600    0.18088    
   37.100    0.21744    
   37.600    0.25356    
   38.100    0.28812    
   38.600    0.32040    
   39.100    0.34992    
   39.600    0.37625    
   40.100    0.39886    
   40.600    0.41711    
   41.100    0.43028    
   41.600    0.43761    
   42.100    0.43854    
   42.600    0.43278    
   43.100    0.42049    
   43.600    0.40238    
   44.100    0.37969    
   44.600    0.35412    
   45.100    0.32768    
   45.600    0.30247    
   46.100    0.28042    
   46.600    0.26308    
   47.100    0.25139    
   47.600    0.24557    
   48.100    0.24513    
   48.600    0.24894    
   49.100    0.25538    
   49.600    0.26262    
   50.100    0.26885    
   50.600    0.27252    
   51.100    0.27254    
   51.600    0.26838    
   52.100    0.26008    
   52.600    0.24823    
   53.100    0.23374    
   53.600    0.21776    
   54.100    0.20145    
   54.600    0.18578    
   55.100    0.17150    
   55.600    0.15900    
   56.100    0.14836    
   56.600    0.13936    
   57.100    0.13162    
   57.600    0.12465    
   58.100    0.11800    
   58.600    0.11129    
   59.100    0.10432    
   59.600    0.97042E-01
   60.100    0.89574E-01
   60.600    0.82158E-01
   61.100    0.75108E-01
   61.600    0.68754E-01
   62.100    0.63385E-01
   62.600    0.59203E-01
   63.100    0.56292E-01
   63.600    0.54603E-01
   64.100    0.53959E-01
   64.600    0.54076E-01
   65.100    0.54596E-01
   65.600    0.55133E-01
   66.100    0.55325E-01
   66.600    0.54876E-01
   67.100    0.53594E-01
   67.600    0.51416E-01
   68.100    0.48413E-01
   68.600    0.44770E-01
   69.100    0.40761E-01
   69.600    0.36698E-01
   70.100    0.32888E-01
   70.600    0.29578E-01
   71.100    0.26930E-01
   71.600    0.24990E-01
   72.100    0.23700E-01
   72.600    0.22907E-01
   73.100    0.22404E-01
   73.600    0.21966E-01
   74.100    0.21391E-01
   74.600    0.20536E-01
   75.100    0.19331E-01
   75.600    0.17789E-01
   76.100    0.15992E-01
   76.600    0.14069E-01
   77.100    0.12169E-01
   77.600    0.10433E-01
   78.100    0.89690E-02
   78.600    0.78409E-02
   79.100    0.70611E-02
   79.600    0.65971E-02
   80.100    0.63824E-02
   80.600    0.63318E-02
   81.100    0.63563E-02
   81.600    0.63761E-02
   82.100    0.63287E-02
   82.600    0.61736E-02
   83.100    0.58931E-02
   83.600    0.54902E-02
   84.100    0.49859E-02
   84.600    0.44149E-02
   85.100    0.38217E-02
   85.600    0.32560E-02
   86.100    0.27669E-02
   86.600    0.23977E-02
   87.100    0.21789E-02
   87.600    0.21233E-02
   88.100    0.22220E-02
   88.600    0.24440E-02
   89.100    0.27390E-02
   89.600    0.30449E-02
   90.100    0.32974E-02
   90.600    0.34411E-02
   91.100    0.34397E-02
   91.600    0.32828E-02
   92.100    0.29878E-02
   92.600    0.25962E-02
   93.100    0.21653E-02
   93.600    0.17570E-02
   94.100    0.14247E-02
   94.600    0.12039E-02
   95.100    0.11056E-02
   95.600    0.11158E-02
   96.100    0.12002E-02
   96.600    0.13128E-02
   97.100    0.14064E-02
   97.600    0.14429E-02
   98.100    0.14006E-02
   98.600    0.12766E-02
   99.100    0.10859E-02
   99.600    0.85587E-03
  100.100    0.61867E-03
  100.600    0.40384E-03
  101.100    0.23241E-03
  101.600    0.11399E-03
  102.100    0.47080E-04
  102.600    0.22092E-04
  103.100    0.25786E-04
  103.600    0.45704E-04
  104.100    0.73270E-04
  104.600    0.10483E-03
  105.100    0.14060E-03
  105.600    0.18221E-03
  106.100    0.22980E-03
  106.600    0.28006E-03
  107.100    0.32574E-03
  107.600    0.35708E-03
  108.100    0.36475E-03
  108.600    0.34322E-03
  109.100    0.29360E-03
  109.600    0.22471E-03
  110.100    0.15193E-03
  110.600    0.93943E-04
  111.100    0.68065E-04
  111.600    0.85450E-04
  112.100    0.14754E-03
  112.600    0.24483E-03
  113.100    0.35847E-03
  113.600    0.46438E-03
  114.100    0.53897E-03
  114.600    0.56491E-03
  115.100    0.53553E-03
  115.600    0.45662E-03
  116.100    0.34505E-03
  116.600    0.22468E-03
  117.100    0.12051E-03
  117.600    0.52555E-04
  118.100    0.31132E-04
  118.600    0.54721E-04
  119.100    0.11087E-03
  119.600    0.17992E-03
  120.100    0.24037E-03
  120.600    0.27464E-03
  121.100    0.27337E-03
  121.600    0.23746E-03
  122.100    0.17719E-03
  122.600    0.10880E-03
  123.100    0.49650E-04
  123.600    0.13290E-04
  124.100    0.58211E-05
  124.600    0.24591E-04
  125.100    0.59481E-04
  125.600    0.96336E-04
  126.100    0.12148E-03
  126.600    0.12598E-03
  127.100    0.10833E-03
  127.600    0.74861E-04
  128.100    0.37723E-04
  128.600    0.11018E-04
  129.100    0.63254E-05
  129.600    0.28899E-04
  130.100    0.75726E-04
  130.600    0.13606E-03
  131.100    0.19430E-03
  131.600    0.23447E-03
  132.100    0.24492E-03
  132.600    0.22198E-03
  133.100    0.17136E-03
  133.600    0.10690E-03
  134.100    0.46927E-04
  134.600    0.91657E-05
  135.100    0.57344E-05
  135.600    0.39523E-04
  136.100    0.10311E-03
  136.600    0.18057E-03
  137.100    0.25167E-03
  137.600    0.29740E-03
  138.100    0.30529E-03
  138.600    0.27292E-03
  139.100    0.20877E-03
  139.600    0.12999E-03
  140.100    0.57766E-04
  140.600    0.11486E-04
  141.100    0.33701E-05
  141.600    0.35049E-04
  142.100    0.97084E-04
  142.600    0.17158E-03
  143.100    0.23720E-03
  143.600    0.27517E-03
  144.100    0.27458E-03
  144.600    0.23554E-03
  145.100    0.16916E-03
  145.600    0.94409E-04
  146.100    0.32780E-04
  146.600    0.20747E-05
  147.100    0.11264E-04
  147.600    0.57809E-04
  148.100    0.12828E-03
  148.600    0.20212E-03
  149.100    0.25759E-03
  149.600    0.27806E-03
  150.100    0.25706E-03
  150.600    0.20038E-03
  151.100    0.12468E-03
  151.600    0.52904E-04
  152.100    0.76850E-05
  152.600    0.47051E-05
  153.100    0.47829E-04
  153.600    0.12755E-03
  154.100    0.22324E-03
  154.600    0.30879E-03
  155.100    0.35995E-03
  155.600    0.36148E-03
  156.100    0.31193E-03
  156.600    0.22466E-03
  157.100    0.12456E-03
  157.600    0.41389E-04
  158.100    0.13713E-05
  158.600    0.19491E-04
  159.100    0.94676E-04
  159.600    0.20938E-03
  160.100    0.33390E-03
  160.600    0.43433E-03
  161.100    0.48212E-03
  161.600    0.46255E-03
  162.100    0.37962E-03
  162.600    0.25584E-03
  163.100    0.12672E-03
  163.600    0.31204E-04
  164.100    0.73271E-06
  164.600    0.49750E-04
  165.100    0.17063E-03
  165.600    0.33459E-03
  166.100    0.49875E-03
  166.600    0.61763E-03
  167.100    0.65612E-03
  167.600    0.60038E-03
  168.100    0.46339E-03
  168.600    0.28323E-03
  169.100    0.11410E-03
  169.600    0.12054E-04
  170.100    0.19007E-04
  170.600    0.14945E-03
  171.100    0.38369E-03
  171.600    0.67018E-03
  172.100    0.93694E-03
  172.600    0.11100E-02
  173.100    0.11346E-02
  173.600    0.99331E-03
  174.100    0.71660E-03
  174.600    0.38233E-03
  175.100    0.10275E-03
  175.600    0.15598E-05
  176.100    0.18561E-03
  176.600    0.71760E-03
  177.100    0.15962E-02
  177.600    0.27490E-02
  178.100    0.40402E-02
  178.600    0.52928E-02
  179.100    0.63206E-02
