    0.0      4.1912        4.2328       0.41536E-01
    1.0      12.574        12.700       0.12579    
    2.0      20.958        21.173       0.21450    
    3.0      29.345        29.658       0.31231    
    4.0      37.736        38.164       0.42751    
    5.0      46.133        46.704       0.57129    
    6.0      54.542        55.300       0.75820    
    7.0      62.958        63.962        1.0044    
    8.0      71.402        72.710        1.3079    
    9.0      79.852        81.507        1.6557    
   10.0      88.306        90.260        1.9538    
   11.0      96.794        98.819        2.0251    
   12.0      104.87        106.70        1.8346    
   13.0      112.86        114.39        1.5301    
   14.0      121.02        122.93        1.9161    
   15.0      122.81        127.31        4.5018    
   16.0      110.75        119.49        8.7400    
   17.0      88.746        100.53        11.784    
   18.0      65.677        77.835        12.158    
   19.0      46.461        57.001        10.540    
   20.0      32.057        40.238        8.1811    
   21.0      21.807        27.735        5.9288    
   22.0      14.717        18.840        4.1231    
   23.0      9.8933        12.692        2.7990    
   24.0      6.6427        8.5153        1.8726    
   25.0      4.4621        5.7028        1.2407    
   26.0      3.0013        3.8175       0.81615    
   27.0      2.0221        2.5563       0.53420    
   28.0      1.3649        1.7136       0.34871    
   29.0     0.92296        1.1505       0.22754    
   30.0     0.62537       0.77405       0.14868    
