 # Cross sections for state #  1 Ex= -2.217 MeV J/pi=  0.0+
    0.100     1.0002        0.29315E+12
    0.600     1.0078        0.22790E+09
    1.100    0.95707        0.19159E+08
    1.600    0.85212        0.38112E+07
    2.100    0.72768        0.10968E+07
    2.600    0.61682        0.39572E+06
    3.100    0.54383        0.17267E+06
    3.600    0.52251         91233.    
    4.100    0.55630         57746.    
    4.600    0.63934         41893.    
    5.100    0.75832         32895.    
    5.600    0.89486         26710.    
    6.100     1.0282         21805.    
    6.600     1.1379         17615.    
    7.100     1.2068         13954.    
    7.600     1.2226         10772.    
    8.100     1.1800         8060.4    
    8.600     1.0806         5811.5    
    9.100    0.93333         4005.7    
    9.600    0.75278         2609.7    
   10.100    0.55765         1578.7    
   10.600    0.36845         860.22    
   11.100    0.20501         398.27    
   11.600    0.84231E-01     137.27    
   12.100    0.18136E-01     24.980    
   12.600    0.12586E-01     14.753    
   13.100    0.66733E-01     66.992    
   13.600    0.17325         149.82    
   14.100    0.31928         239.15    
   14.600    0.48802         318.21    
   15.100    0.66061         376.74    
   15.600    0.81825         409.96    
   16.100    0.94425         417.33    
   16.600     1.0257         401.47    
   17.100     1.0548         366.95    
   17.600     1.0293         319.39    
   18.100    0.95310         264.63    
   18.600    0.83508         208.11    
   19.100    0.68853         154.46    
   19.600    0.52953         107.23    
   20.100    0.37541         68.805    
   20.600    0.24302         40.413    
   21.100    0.14717         22.259    
   21.600    0.99317E-01     13.693    
   22.100    0.10657         13.422    
   22.600    0.17119         19.738    
   23.100    0.29050         30.723    
   23.600    0.45724         44.440    
   24.100    0.66031         59.086    
   24.600    0.88587         73.110    
   25.100     1.1186         85.283    
   25.600     1.3429         94.740    
   26.100     1.5445         100.98    
   26.600     1.7114         103.85    
   27.100     1.8348         103.49    
   27.600     1.9098         100.27    
   28.100     1.9358         94.725    
   28.600     1.9161         87.500    
   29.100     1.8577         79.267    
   29.600     1.7704         70.673    
   30.100     1.6662         62.296    
   30.600     1.5577         54.611    
   31.100     1.4575         47.966    
   31.600     1.3770         42.583    
   32.100     1.3253         38.553    
   32.600     1.3090         35.854    
   33.100     1.3314         34.371    
   33.600     1.3926         33.916    
   34.100     1.4896         34.257    
   34.600     1.6170         35.144    
   35.100     1.7669         36.326    
   35.600     1.9304         37.572    
   36.100     2.0979         38.687    
   36.600     2.2599         39.516    
   37.100     2.4077         39.952    
   37.600     2.5340         39.932    
   38.100     2.6332         39.436    
   38.600     2.7018         38.482    
   39.100     2.7380         37.115    
   39.600     2.7422         35.401    
   40.100     2.7165         33.421    
   40.600     2.6644         31.259    
   41.100     2.5906         29.002    
   41.600     2.5005         26.728    
   42.100     2.4000         24.509    
   42.600     2.2949         22.403    
   43.100     2.1908         20.457    
   43.600     2.0930         18.703    
   44.100     2.0056         17.162    
   44.600     1.9321         15.840    
   45.100     1.8748         14.734    
   45.600     1.8349         13.830    
   46.100     1.8121         13.106    
   46.600     1.8054         12.536    
   47.100     1.8126         12.089    
   47.600     1.8306         11.733    
   48.100     1.8557         11.434    
   48.600     1.8838         11.165    
   49.100     1.9108         10.898    
   49.600     1.9328         10.613    
   50.100     1.9463         10.293    
   50.600     1.9488         9.9303    
   51.100     1.9383         9.5207    
   51.600     1.9140         9.0663    
   52.100     1.8762         8.5737    
   52.600     1.8259         8.0527    
   53.100     1.7649         7.5154    
   53.600     1.6958         6.9745    
   54.100     1.6212         6.4424    
   54.600     1.5439         5.9303    
   55.100     1.4667         5.4472    
   55.600     1.3918         4.9997    
   56.100     1.3210         4.5918    
   56.600     1.2557         4.2248    
   57.100     1.1966         3.8982    
   57.600     1.1439         3.6097    
   58.100     1.0976         3.3559    
   58.600     1.0571         3.1326    
   59.100     1.0218         2.9358    
   59.600    0.99098         2.7612    
   60.100    0.96381         2.6053    
   60.600    0.93962         2.4648    
   61.100    0.91780         2.3371    
   61.600    0.89779         2.2198    
   62.100    0.87907         2.1111    
   62.600    0.86114         2.0093    
   63.100    0.84352         1.9127    
   63.600    0.82570         1.8201    
   64.100    0.80715         1.7301    
   64.600    0.78737         1.6415    
   65.100    0.76590         1.5534    
   65.600    0.74238         1.4653    
   66.100    0.71661         1.3768    
   66.600    0.68857         1.2881    
   67.100    0.65847         1.1997    
   67.600    0.62672         1.1123    
   68.100    0.59393         1.0271    
   68.600    0.56085        0.94528    
   69.100    0.52830        0.86804    
   69.600    0.49711        0.79643    
   70.100    0.46798        0.73125    
   70.600    0.44148        0.67297    
   71.100    0.41794        0.62165    
   71.600    0.39747        0.57700    
   72.100    0.37990        0.53837    
   72.600    0.36489        0.50490    
   73.100    0.35192        0.47557    
   73.600    0.34040        0.44935    
   74.100    0.32972        0.42526    
   74.600    0.31935        0.40251    
   75.100    0.30888        0.38054    
   75.600    0.29806        0.35900    
   76.100    0.28678        0.33776    
   76.600    0.27510        0.31690    
   77.100    0.26320        0.29659    
   77.600    0.25129        0.27706    
   78.100    0.23962        0.25855    
   78.600    0.22840        0.24121    
   79.100    0.21774        0.22513    
   79.600    0.20770        0.21027    
   80.100    0.19821        0.19653    
   80.600    0.18916        0.18372    
   81.100    0.18037        0.17163    
   81.600    0.17168        0.16007    
   82.100    0.16293        0.14888    
   82.600    0.15403        0.13798    
   83.100    0.14499        0.12733    
   83.600    0.13588        0.11701    
   84.100    0.12685        0.10714    
   84.600    0.11811        0.97852E-01
   85.100    0.10990        0.89326E-01
   85.600    0.10243        0.81697E-01
   86.100    0.95897E-01    0.75062E-01
   86.600    0.90397E-01    0.69452E-01
   87.100    0.85956E-01    0.64834E-01
   87.600    0.82505E-01    0.61103E-01
   88.100    0.79888E-01    0.58103E-01
   88.600    0.77885E-01    0.55637E-01
   89.100    0.76239E-01    0.53500E-01
   89.600    0.74688E-01    0.51495E-01
   90.100    0.72998E-01    0.49457E-01
   90.600    0.70993E-01    0.47271E-01
   91.100    0.68572E-01    0.44881E-01
   91.600    0.65717E-01    0.42285E-01
   92.100    0.62491E-01    0.39536E-01
   92.600    0.59020E-01    0.36719E-01
   93.100    0.55467E-01    0.33940E-01
   93.600    0.52005E-01    0.31303E-01
   94.100    0.48788E-01    0.28891E-01
   94.600    0.45921E-01    0.26757E-01
   95.100    0.43453E-01    0.24916E-01
   95.600    0.41365E-01    0.23344E-01
   96.100    0.39580E-01    0.21988E-01
   96.600    0.37981E-01    0.20773E-01
   97.100    0.36434E-01    0.19620E-01
   97.600    0.34810E-01    0.18460E-01
   98.100    0.33012E-01    0.17243E-01
   98.600    0.30991E-01    0.15945E-01
   99.100    0.28751E-01    0.14573E-01
   99.600    0.26350E-01    0.13159E-01
  100.100    0.23884E-01    0.11754E-01
  100.600    0.21474E-01    0.10415E-01
  101.100    0.19244E-01    0.91999E-02
  101.600    0.17298E-01    0.81522E-02
  102.100    0.15709E-01    0.72991E-02
  102.600    0.14507E-01    0.66467E-02
  103.100    0.13678E-01    0.61802E-02
  103.600    0.13168E-01    0.58684E-02
  104.100    0.12894E-01    0.56684E-02
  104.600    0.12758E-01    0.55331E-02
  105.100    0.12660E-01    0.54172E-02
  105.600    0.12511E-01    0.52828E-02
  106.100    0.12246E-01    0.51031E-02
  106.600    0.11827E-01    0.48646E-02
  107.100    0.11247E-01    0.45665E-02
  107.600    0.10528E-01    0.42201E-02
  108.100    0.97162E-02    0.38453E-02
  108.600    0.88726E-02    0.34675E-02
  109.100    0.80663E-02    0.31133E-02
  109.600    0.73627E-02    0.28068E-02
  110.100    0.68143E-02    0.25661E-02
  110.600    0.64529E-02    0.24007E-02
  111.100    0.62838E-02    0.23098E-02
  111.600    0.62850E-02    0.22829E-02
  112.100    0.64088E-02    0.23005E-02
  112.600    0.65889E-02    0.23377E-02
  113.100    0.67506E-02    0.23675E-02
  113.600    0.68226E-02    0.23654E-02
  114.100    0.67490E-02    0.23134E-02
  114.600    0.64992E-02    0.22029E-02
  115.100    0.60735E-02    0.20358E-02
  115.600    0.55033E-02    0.18244E-02
  116.100    0.48454E-02    0.15888E-02
  116.600    0.41718E-02    0.13532E-02
  117.100    0.35563E-02    0.11412E-02
  117.600    0.30609E-02    0.97189E-03
  118.100    0.27248E-02    0.85612E-03
  118.600    0.25576E-02    0.79525E-03
  119.100    0.25387E-02    0.78127E-03
  119.600    0.26226E-02    0.79890E-03
  120.100    0.27492E-02    0.82904E-03
  120.600    0.28557E-02    0.85260E-03
  121.100    0.28893E-02    0.85412E-03
  121.600    0.28161E-02    0.82436E-03
  122.100    0.26263E-02    0.76137E-03
  122.600    0.23335E-02    0.67002E-03
  123.100    0.19699E-02    0.56026E-03
  123.600    0.15777E-02    0.44452E-03
  124.100    0.12004E-02    0.33508E-03
  124.600    0.87420E-03    0.24179E-03
  125.100    0.62294E-03    0.17073E-03
  125.600    0.45617E-03    0.12390E-03
  126.100    0.37066E-03    0.99782E-04
  126.600    0.35408E-03    0.94481E-04
  127.100    0.38961E-03    0.10306E-03
  127.600    0.45996E-03    0.12062E-03
  128.100    0.54981E-03    0.14296E-03
  128.600    0.64651E-03    0.16669E-03
  129.100    0.73925E-03    0.18901E-03
  129.600    0.81780E-03    0.20737E-03
  130.100    0.87170E-03    0.21924E-03
  130.600    0.89074E-03    0.22223E-03
  131.100    0.86684E-03    0.21455E-03
  131.600    0.79693E-03    0.19570E-03
  132.100    0.68578E-03    0.16709E-03
  132.600    0.54752E-03    0.13238E-03
  133.100    0.40494E-03    0.97165E-04
  133.600    0.28608E-03    0.68130E-04
  134.100    0.21855E-03    0.51663E-04
  134.600    0.22285E-03    0.52294E-04
  135.100    0.30633E-03    0.71364E-04
  135.600    0.45967E-03    0.10632E-03
  136.100    0.65707E-03    0.15091E-03
  136.600    0.86072E-03    0.19630E-03
  137.100    0.10285E-02    0.23296E-03
  137.600    0.11238E-02    0.25280E-03
  138.100    0.11238E-02    0.25112E-03
  138.600    0.10262E-02    0.22778E-03
  139.100    0.84980E-03    0.18740E-03
  139.600    0.63104E-03    0.13826E-03
  140.100    0.41541E-03    0.90438E-04
  140.600    0.24680E-03    0.53392E-04
  141.100    0.15696E-03    0.33746E-04
  141.600    0.15797E-03    0.33756E-04
  142.100    0.23960E-03    0.50892E-04
  142.600    0.37233E-03    0.78617E-04
  143.100    0.51523E-03    0.10815E-03
  143.600    0.62661E-03    0.13077E-03
  144.100    0.67471E-03    0.14001E-03
  144.600    0.64551E-03    0.13320E-03
  145.100    0.54566E-03    0.11198E-03
  145.600    0.39984E-03    0.81609E-04
  146.100    0.24335E-03    0.49402E-04
  146.600    0.11201E-03    0.22620E-04
  147.100    0.32387E-04    0.65065E-05
  147.600    0.14838E-04    0.29657E-05
  148.100    0.51547E-04    0.10251E-04
  148.600    0.11985E-03    0.23716E-04
  149.100    0.18984E-03    0.37386E-04
  149.600    0.23405E-03    0.45871E-04
  150.100    0.23608E-03    0.46051E-04
  150.600    0.19578E-03    0.38016E-04
  151.100    0.12933E-03    0.24998E-04
  151.600    0.63943E-04    0.12305E-04
  152.100    0.29060E-04    0.55676E-05
  152.600    0.46385E-04    0.88489E-05
  153.100    0.12202E-03    0.23181E-04
  153.600    0.24319E-03    0.46007E-04
  154.100    0.38075E-03    0.71741E-04
  154.600    0.49718E-03    0.93306E-04
  155.100    0.55767E-03    0.10425E-03
  155.600    0.54132E-03    0.10081E-03
  156.100    0.44887E-03    0.83282E-04
  156.600    0.30447E-03    0.56284E-04
  157.100    0.15048E-03    0.27718E-04
  157.600    0.36458E-04    0.66921E-05
  158.100    0.50692E-05    0.92732E-06
  158.600    0.78988E-04    0.14401E-04
  159.100    0.25262E-03    0.45908E-04
  159.600    0.49141E-03    0.89019E-04
  160.100    0.73950E-03    0.13355E-03
  160.600    0.93401E-03    0.16816E-03
  161.100    0.10224E-02    0.18353E-03
  161.600    0.97783E-03    0.17503E-03
  162.100    0.80882E-03    0.14438E-03
  162.600    0.55877E-03    0.99473E-04
  163.100    0.29622E-03    0.52596E-04
  163.600    0.97131E-04    0.17202E-04
  164.100    0.24016E-04    0.42428E-05
  164.600    0.10764E-03    0.18970E-04
  165.100    0.33646E-03    0.59160E-04
  165.600    0.65741E-03    0.11533E-03
  166.100    0.98837E-03    0.17302E-03
  166.600    0.12396E-02    0.21655E-03
  167.100    0.13389E-02    0.23342E-03
  167.600    0.12529E-02    0.21801E-03
  168.100    0.99956E-03    0.17361E-03
  168.600    0.64657E-03    0.11210E-03
  169.100    0.29558E-03    0.51159E-04
  169.600    0.55988E-04    0.96746E-05
  170.100    0.14308E-04    0.24685E-05
  170.600    0.20772E-03    0.35785E-04
  171.100    0.60929E-03    0.10482E-03
  171.600    0.11300E-02    0.19414E-03
  172.100    0.16384E-02    0.28113E-03
  172.600    0.19940E-02    0.34176E-03
  173.100    0.20873E-02    0.35736E-03
  173.600    0.18747E-02    0.32063E-03
  174.100    0.14006E-02    0.23932E-03
  174.600    0.79847E-03    0.13632E-03
  175.100    0.26900E-03    0.45889E-04
  175.600    0.38600E-04    0.65803E-05
  176.100    0.30737E-03    0.52364E-04
  176.600    0.11978E-02    0.20394E-03
  177.100    0.27165E-02    0.46232E-03
  177.600    0.47399E-02    0.80634E-03
  178.100    0.70266E-02    0.11950E-02
  178.600    0.92575E-02    0.15740E-02
  179.100    0.11095E-01    0.18860E-02
