  3.949383862819622E-002
  0.207973744058093     
  0.510605238888917     
  0.946639912370090     
   1.51491056174736     
   2.21388720800019     
   3.04168619417884     
   3.99607619111862     
   5.07448445949770     
   6.27400386765508     
   7.59140076070352     
   9.02312369189271     
   10.5653130033868     
   12.2138112346707     
   13.9641743322135     
   15.8116836309322     
   17.7513585755262     
   19.7779701475745     
   21.8860549623028     
   24.0699299970715     
   26.3237079119146     
   28.6413129208461     
   31.0164971711601     
   33.4428575865776     
   35.9138531288369     
   38.4228224311985     
   40.9630017563287     
   43.5275432301528     
   46.1095333025232     
   48.7020113849376     
   51.2979886150624     
   53.8904666974768     
   56.4724567698472     
   59.0369982436713     
   61.5771775688015     
   64.0861468711631     
   66.5571424134224     
   68.9835028288399     
   71.3586870791539     
   73.6762920880853     
   75.9300700029285     
   78.1139450376972     
   80.2220298524255     
   82.2486414244739     
   84.1883163690678     
   86.0358256677865     
   87.7861887653293     
   89.4346869966132     
   90.9768763081073     
   92.4085992392965     
   93.7259961323449     
   94.9255155405023     
   96.0039238088814     
   96.9583138058212     
   97.7861127919998     
   98.4850894382526     
   99.0533600876299     
   99.4893947611111     
   99.7920262559419     
   99.9605061613718     
  3.949383862819622E-002
  0.207973744058093     
  0.510605238888917     
  0.946639912370090     
   1.51491056174736     
   2.21388720800019     
   3.04168619417884     
   3.99607619111862     
   5.07448445949770     
   6.27400386765508     
   7.59140076070352     
   9.02312369189271     
   10.5653130033868     
   12.2138112346707     
   13.9641743322135     
   15.8116836309322     
   17.7513585755262     
   19.7779701475745     
   21.8860549623028     
   24.0699299970715     
   26.3237079119146     
   28.6413129208461     
   31.0164971711601     
   33.4428575865776     
   35.9138531288369     
   38.4228224311985     
   40.9630017563287     
   43.5275432301528     
   46.1095333025232     
   48.7020113849376     
   51.2979886150624     
   53.8904666974768     
   56.4724567698472     
   59.0369982436713     
   61.5771775688015     
   64.0861468711631     
   66.5571424134224     
   68.9835028288399     
   71.3586870791539     
   73.6762920880853     
   75.9300700029285     
   78.1139450376972     
   80.2220298524255     
   82.2486414244739     
   84.1883163690678     
   86.0358256677865     
   87.7861887653293     
   89.4346869966132     
   90.9768763081073     
   92.4085992392965     
   93.7259961323449     
   94.9255155405023     
   96.0039238088814     
   96.9583138058212     
   97.7861127919998     
   98.4850894382526     
   99.0533600876299     
   99.4893947611111     
   99.7920262559419     
   99.9605061613718     
  3.949383862819622E-002
  0.207973744058093     
  0.510605238888917     
  0.946639912370090     
   1.51491056174736     
   2.21388720800019     
   3.04168619417884     
   3.99607619111862     
   5.07448445949770     
   6.27400386765508     
   7.59140076070352     
   9.02312369189271     
   10.5653130033868     
   12.2138112346707     
   13.9641743322135     
   15.8116836309322     
   17.7513585755262     
   19.7779701475745     
   21.8860549623028     
   24.0699299970715     
   26.3237079119146     
   28.6413129208461     
   31.0164971711601     
   33.4428575865776     
   35.9138531288369     
   38.4228224311985     
   40.9630017563287     
   43.5275432301528     
   46.1095333025232     
   48.7020113849376     
   51.2979886150624     
   53.8904666974768     
   56.4724567698472     
   59.0369982436713     
   61.5771775688015     
   64.0861468711631     
   66.5571424134224     
   68.9835028288399     
   71.3586870791539     
   73.6762920880853     
   75.9300700029285     
   78.1139450376972     
   80.2220298524255     
   82.2486414244739     
   84.1883163690678     
   86.0358256677865     
   87.7861887653293     
   89.4346869966132     
   90.9768763081073     
   92.4085992392965     
   93.7259961323449     
   94.9255155405023     
   96.0039238088814     
   96.9583138058212     
   97.7861127919998     
   98.4850894382526     
   99.0533600876299     
   99.4893947611111     
   99.7920262559419     
   99.9605061613718     
  3.949383862819622E-002
  0.207973744058093     
  0.510605238888917     
  0.946639912370090     
   1.51491056174736     
   2.21388720800019     
   3.04168619417884     
   3.99607619111862     
   5.07448445949770     
   6.27400386765508     
   7.59140076070352     
   9.02312369189271     
   10.5653130033868     
   12.2138112346707     
   13.9641743322135     
   15.8116836309322     
   17.7513585755262     
   19.7779701475745     
   21.8860549623028     
   24.0699299970715     
   26.3237079119146     
   28.6413129208461     
   31.0164971711601     
   33.4428575865776     
   35.9138531288369     
   38.4228224311985     
   40.9630017563287     
   43.5275432301528     
   46.1095333025232     
   48.7020113849376     
   51.2979886150624     
   53.8904666974768     
   56.4724567698472     
   59.0369982436713     
   61.5771775688015     
   64.0861468711631     
   66.5571424134224     
   68.9835028288399     
   71.3586870791539     
   73.6762920880853     
   75.9300700029285     
   78.1139450376972     
   80.2220298524255     
   82.2486414244739     
   84.1883163690678     
   86.0358256677865     
   87.7861887653293     
   89.4346869966132     
   90.9768763081073     
   92.4085992392965     
   93.7259961323449     
   94.9255155405023     
   96.0039238088814     
   96.9583138058212     
   97.7861127919998     
   98.4850894382526     
   99.0533600876299     
   99.4893947611111     
   99.7920262559419     
   99.9605061613718     
  3.949383862819622E-002
  0.207973744058093     
  0.510605238888917     
  0.946639912370090     
   1.51491056174736     
   2.21388720800019     
   3.04168619417884     
   3.99607619111862     
   5.07448445949770     
   6.27400386765508     
   7.59140076070352     
   9.02312369189271     
   10.5653130033868     
   12.2138112346707     
   13.9641743322135     
   15.8116836309322     
   17.7513585755262     
   19.7779701475745     
   21.8860549623028     
   24.0699299970715     
   26.3237079119146     
   28.6413129208461     
   31.0164971711601     
   33.4428575865776     
   35.9138531288369     
   38.4228224311985     
   40.9630017563287     
   43.5275432301528     
   46.1095333025232     
   48.7020113849376     
   51.2979886150624     
   53.8904666974768     
   56.4724567698472     
   59.0369982436713     
   61.5771775688015     
   64.0861468711631     
   66.5571424134224     
   68.9835028288399     
   71.3586870791539     
   73.6762920880853     
   75.9300700029285     
   78.1139450376972     
   80.2220298524255     
   82.2486414244739     
   84.1883163690678     
   86.0358256677865     
   87.7861887653293     
   89.4346869966132     
   90.9768763081073     
   92.4085992392965     
   93.7259961323449     
   94.9255155405023     
   96.0039238088814     
   96.9583138058212     
   97.7861127919998     
   98.4850894382526     
   99.0533600876299     
   99.4893947611111     
   99.7920262559419     
   99.9605061613718     
  3.949383862819622E-002
  0.207973744058093     
  0.510605238888917     
  0.946639912370090     
   1.51491056174736     
   2.21388720800019     
   3.04168619417884     
   3.99607619111862     
   5.07448445949770     
   6.27400386765508     
   7.59140076070352     
   9.02312369189271     
   10.5653130033868     
   12.2138112346707     
   13.9641743322135     
   15.8116836309322     
   17.7513585755262     
   19.7779701475745     
   21.8860549623028     
   24.0699299970715     
   26.3237079119146     
   28.6413129208461     
   31.0164971711601     
   33.4428575865776     
   35.9138531288369     
   38.4228224311985     
   40.9630017563287     
   43.5275432301528     
   46.1095333025232     
   48.7020113849376     
   51.2979886150624     
   53.8904666974768     
   56.4724567698472     
   59.0369982436713     
   61.5771775688015     
   64.0861468711631     
   66.5571424134224     
   68.9835028288399     
   71.3586870791539     
   73.6762920880853     
   75.9300700029285     
   78.1139450376972     
   80.2220298524255     
   82.2486414244739     
   84.1883163690678     
   86.0358256677865     
   87.7861887653293     
   89.4346869966132     
   90.9768763081073     
   92.4085992392965     
   93.7259961323449     
   94.9255155405023     
   96.0039238088814     
   96.9583138058212     
   97.7861127919998     
   98.4850894382526     
   99.0533600876299     
   99.4893947611111     
   99.7920262559419     
   99.9605061613718     
  3.949383862819622E-002
  0.207973744058093     
  0.510605238888917     
  0.946639912370090     
   1.51491056174736     
   2.21388720800019     
   3.04168619417884     
   3.99607619111862     
   5.07448445949770     
   6.27400386765508     
   7.59140076070352     
   9.02312369189271     
   10.5653130033868     
   12.2138112346707     
   13.9641743322135     
   15.8116836309322     
   17.7513585755262     
   19.7779701475745     
   21.8860549623028     
   24.0699299970715     
   26.3237079119146     
   28.6413129208461     
   31.0164971711601     
   33.4428575865776     
   35.9138531288369     
   38.4228224311985     
   40.9630017563287     
   43.5275432301528     
   46.1095333025232     
   48.7020113849376     
   51.2979886150624     
   53.8904666974768     
   56.4724567698472     
   59.0369982436713     
   61.5771775688015     
   64.0861468711631     
   66.5571424134224     
   68.9835028288399     
   71.3586870791539     
   73.6762920880853     
   75.9300700029285     
   78.1139450376972     
   80.2220298524255     
   82.2486414244739     
   84.1883163690678     
   86.0358256677865     
   87.7861887653293     
   89.4346869966132     
   90.9768763081073     
   92.4085992392965     
   93.7259961323449     
   94.9255155405023     
   96.0039238088814     
   96.9583138058212     
   97.7861127919998     
   98.4850894382526     
   99.0533600876299     
   99.4893947611111     
   99.7920262559419     
   99.9605061613718     
  3.949383862819622E-002
  0.207973744058093     
  0.510605238888917     
  0.946639912370090     
   1.51491056174736     
   2.21388720800019     
   3.04168619417884     
   3.99607619111862     
   5.07448445949770     
   6.27400386765508     
   7.59140076070352     
   9.02312369189271     
   10.5653130033868     
   12.2138112346707     
   13.9641743322135     
   15.8116836309322     
   17.7513585755262     
   19.7779701475745     
   21.8860549623028     
   24.0699299970715     
   26.3237079119146     
   28.6413129208461     
   31.0164971711601     
   33.4428575865776     
   35.9138531288369     
   38.4228224311985     
   40.9630017563287     
   43.5275432301528     
   46.1095333025232     
   48.7020113849376     
   51.2979886150624     
   53.8904666974768     
   56.4724567698472     
   59.0369982436713     
   61.5771775688015     
   64.0861468711631     
   66.5571424134224     
   68.9835028288399     
   71.3586870791539     
   73.6762920880853     
   75.9300700029285     
   78.1139450376972     
   80.2220298524255     
   82.2486414244739     
   84.1883163690678     
   86.0358256677865     
   87.7861887653293     
   89.4346869966132     
   90.9768763081073     
   92.4085992392965     
   93.7259961323449     
   94.9255155405023     
   96.0039238088814     
   96.9583138058212     
   97.7861127919998     
   98.4850894382526     
   99.0533600876299     
   99.4893947611111     
   99.7920262559419     
   99.9605061613718     
  3.949383862819622E-002
  0.207973744058093     
  0.510605238888917     
  0.946639912370090     
   1.51491056174736     
   2.21388720800019     
   3.04168619417884     
   3.99607619111862     
   5.07448445949770     
   6.27400386765508     
   7.59140076070352     
   9.02312369189271     
   10.5653130033868     
   12.2138112346707     
   13.9641743322135     
   15.8116836309322     
   17.7513585755262     
   19.7779701475745     
   21.8860549623028     
   24.0699299970715     
   26.3237079119146     
   28.6413129208461     
   31.0164971711601     
   33.4428575865776     
   35.9138531288369     
   38.4228224311985     
   40.9630017563287     
   43.5275432301528     
   46.1095333025232     
   48.7020113849376     
   51.2979886150624     
   53.8904666974768     
   56.4724567698472     
   59.0369982436713     
   61.5771775688015     
   64.0861468711631     
   66.5571424134224     
   68.9835028288399     
   71.3586870791539     
   73.6762920880853     
   75.9300700029285     
   78.1139450376972     
   80.2220298524255     
   82.2486414244739     
   84.1883163690678     
   86.0358256677865     
   87.7861887653293     
   89.4346869966132     
   90.9768763081073     
   92.4085992392965     
   93.7259961323449     
   94.9255155405023     
   96.0039238088814     
   96.9583138058212     
   97.7861127919998     
   98.4850894382526     
   99.0533600876299     
   99.4893947611111     
   99.7920262559419     
   99.9605061613718     
  3.949383862819622E-002
  0.207973744058093     
  0.510605238888917     
  0.946639912370090     
   1.51491056174736     
   2.21388720800019     
   3.04168619417884     
   3.99607619111862     
   5.07448445949770     
   6.27400386765508     
   7.59140076070352     
   9.02312369189271     
   10.5653130033868     
   12.2138112346707     
   13.9641743322135     
   15.8116836309322     
   17.7513585755262     
   19.7779701475745     
   21.8860549623028     
   24.0699299970715     
   26.3237079119146     
   28.6413129208461     
   31.0164971711601     
   33.4428575865776     
   35.9138531288369     
   38.4228224311985     
   40.9630017563287     
   43.5275432301528     
   46.1095333025232     
   48.7020113849376     
   51.2979886150624     
   53.8904666974768     
   56.4724567698472     
   59.0369982436713     
   61.5771775688015     
   64.0861468711631     
   66.5571424134224     
   68.9835028288399     
   71.3586870791539     
   73.6762920880853     
   75.9300700029285     
   78.1139450376972     
   80.2220298524255     
   82.2486414244739     
   84.1883163690678     
   86.0358256677865     
   87.7861887653293     
   89.4346869966132     
   90.9768763081073     
   92.4085992392965     
   93.7259961323449     
   94.9255155405023     
   96.0039238088814     
   96.9583138058212     
   97.7861127919998     
   98.4850894382526     
   99.0533600876299     
   99.4893947611111     
   99.7920262559419     
   99.9605061613718     
  3.949383862819622E-002
  0.207973744058093     
  0.510605238888917     
  0.946639912370090     
   1.51491056174736     
   2.21388720800019     
   3.04168619417884     
   3.99607619111862     
   5.07448445949770     
   6.27400386765508     
   7.59140076070352     
   9.02312369189271     
   10.5653130033868     
   12.2138112346707     
   13.9641743322135     
   15.8116836309322     
   17.7513585755262     
   19.7779701475745     
   21.8860549623028     
   24.0699299970715     
   26.3237079119146     
   28.6413129208461     
   31.0164971711601     
   33.4428575865776     
   35.9138531288369     
   38.4228224311985     
   40.9630017563287     
   43.5275432301528     
   46.1095333025232     
   48.7020113849376     
   51.2979886150624     
   53.8904666974768     
   56.4724567698472     
   59.0369982436713     
   61.5771775688015     
   64.0861468711631     
   66.5571424134224     
   68.9835028288399     
   71.3586870791539     
   73.6762920880853     
   75.9300700029285     
   78.1139450376972     
   80.2220298524255     
   82.2486414244739     
   84.1883163690678     
   86.0358256677865     
   87.7861887653293     
   89.4346869966132     
   90.9768763081073     
   92.4085992392965     
   93.7259961323449     
   94.9255155405023     
   96.0039238088814     
   96.9583138058212     
   97.7861127919998     
   98.4850894382526     
   99.0533600876299     
   99.4893947611111     
   99.7920262559419     
   99.9605061613718     
  3.949383862819622E-002
  0.207973744058093     
  0.510605238888917     
  0.946639912370090     
   1.51491056174736     
   2.21388720800019     
   3.04168619417884     
   3.99607619111862     
   5.07448445949770     
   6.27400386765508     
   7.59140076070352     
   9.02312369189271     
   10.5653130033868     
   12.2138112346707     
   13.9641743322135     
   15.8116836309322     
   17.7513585755262     
   19.7779701475745     
   21.8860549623028     
   24.0699299970715     
   26.3237079119146     
   28.6413129208461     
   31.0164971711601     
   33.4428575865776     
   35.9138531288369     
   38.4228224311985     
   40.9630017563287     
   43.5275432301528     
   46.1095333025232     
   48.7020113849376     
   51.2979886150624     
   53.8904666974768     
   56.4724567698472     
   59.0369982436713     
   61.5771775688015     
   64.0861468711631     
   66.5571424134224     
   68.9835028288399     
   71.3586870791539     
   73.6762920880853     
   75.9300700029285     
   78.1139450376972     
   80.2220298524255     
   82.2486414244739     
   84.1883163690678     
   86.0358256677865     
   87.7861887653293     
   89.4346869966132     
   90.9768763081073     
   92.4085992392965     
   93.7259961323449     
   94.9255155405023     
   96.0039238088814     
   96.9583138058212     
   97.7861127919998     
   98.4850894382526     
   99.0533600876299     
   99.4893947611111     
   99.7920262559419     
   99.9605061613718     
  3.949383862819622E-002
  0.207973744058093     
  0.510605238888917     
  0.946639912370090     
   1.51491056174736     
   2.21388720800019     
   3.04168619417884     
   3.99607619111862     
   5.07448445949770     
   6.27400386765508     
   7.59140076070352     
   9.02312369189271     
   10.5653130033868     
   12.2138112346707     
   13.9641743322135     
   15.8116836309322     
   17.7513585755262     
   19.7779701475745     
   21.8860549623028     
   24.0699299970715     
   26.3237079119146     
   28.6413129208461     
   31.0164971711601     
   33.4428575865776     
   35.9138531288369     
   38.4228224311985     
   40.9630017563287     
   43.5275432301528     
   46.1095333025232     
   48.7020113849376     
   51.2979886150624     
   53.8904666974768     
   56.4724567698472     
   59.0369982436713     
   61.5771775688015     
   64.0861468711631     
   66.5571424134224     
   68.9835028288399     
   71.3586870791539     
   73.6762920880853     
   75.9300700029285     
   78.1139450376972     
   80.2220298524255     
   82.2486414244739     
   84.1883163690678     
   86.0358256677865     
   87.7861887653293     
   89.4346869966132     
   90.9768763081073     
   92.4085992392965     
   93.7259961323449     
   94.9255155405023     
   96.0039238088814     
   96.9583138058212     
   97.7861127919998     
   98.4850894382526     
   99.0533600876299     
   99.4893947611111     
   99.7920262559419     
   99.9605061613718     
  3.949383862819622E-002
  0.207973744058093     
  0.510605238888917     
  0.946639912370090     
   1.51491056174736     
   2.21388720800019     
   3.04168619417884     
   3.99607619111862     
   5.07448445949770     
   6.27400386765508     
   7.59140076070352     
   9.02312369189271     
   10.5653130033868     
   12.2138112346707     
   13.9641743322135     
   15.8116836309322     
   17.7513585755262     
   19.7779701475745     
   21.8860549623028     
   24.0699299970715     
   26.3237079119146     
   28.6413129208461     
   31.0164971711601     
   33.4428575865776     
   35.9138531288369     
   38.4228224311985     
   40.9630017563287     
   43.5275432301528     
   46.1095333025232     
   48.7020113849376     
   51.2979886150624     
   53.8904666974768     
   56.4724567698472     
   59.0369982436713     
   61.5771775688015     
   64.0861468711631     
   66.5571424134224     
   68.9835028288399     
   71.3586870791539     
   73.6762920880853     
   75.9300700029285     
   78.1139450376972     
   80.2220298524255     
   82.2486414244739     
   84.1883163690678     
   86.0358256677865     
   87.7861887653293     
   89.4346869966132     
   90.9768763081073     
   92.4085992392965     
   93.7259961323449     
   94.9255155405023     
   96.0039238088814     
   96.9583138058212     
   97.7861127919998     
   98.4850894382526     
   99.0533600876299     
   99.4893947611111     
   99.7920262559419     
   99.9605061613718     
  3.949383862819622E-002
  0.207973744058093     
  0.510605238888917     
  0.946639912370090     
   1.51491056174736     
   2.21388720800019     
   3.04168619417884     
   3.99607619111862     
   5.07448445949770     
   6.27400386765508     
   7.59140076070352     
   9.02312369189271     
   10.5653130033868     
   12.2138112346707     
   13.9641743322135     
   15.8116836309322     
   17.7513585755262     
   19.7779701475745     
   21.8860549623028     
   24.0699299970715     
   26.3237079119146     
   28.6413129208461     
   31.0164971711601     
   33.4428575865776     
   35.9138531288369     
   38.4228224311985     
   40.9630017563287     
   43.5275432301528     
   46.1095333025232     
   48.7020113849376     
   51.2979886150624     
   53.8904666974768     
   56.4724567698472     
   59.0369982436713     
   61.5771775688015     
   64.0861468711631     
   66.5571424134224     
   68.9835028288399     
   71.3586870791539     
   73.6762920880853     
   75.9300700029285     
   78.1139450376972     
   80.2220298524255     
   82.2486414244739     
   84.1883163690678     
   86.0358256677865     
   87.7861887653293     
   89.4346869966132     
   90.9768763081073     
   92.4085992392965     
   93.7259961323449     
   94.9255155405023     
   96.0039238088814     
   96.9583138058212     
   97.7861127919998     
   98.4850894382526     
   99.0533600876299     
   99.4893947611111     
   99.7920262559419     
   99.9605061613718     
  3.949383862819622E-002
  0.207973744058093     
  0.510605238888917     
  0.946639912370090     
   1.51491056174736     
   2.21388720800019     
   3.04168619417884     
   3.99607619111862     
   5.07448445949770     
   6.27400386765508     
   7.59140076070352     
   9.02312369189271     
   10.5653130033868     
   12.2138112346707     
   13.9641743322135     
   15.8116836309322     
   17.7513585755262     
   19.7779701475745     
   21.8860549623028     
   24.0699299970715     
   26.3237079119146     
   28.6413129208461     
   31.0164971711601     
   33.4428575865776     
   35.9138531288369     
   38.4228224311985     
   40.9630017563287     
   43.5275432301528     
   46.1095333025232     
   48.7020113849376     
   51.2979886150624     
   53.8904666974768     
   56.4724567698472     
   59.0369982436713     
   61.5771775688015     
   64.0861468711631     
   66.5571424134224     
   68.9835028288399     
   71.3586870791539     
   73.6762920880853     
   75.9300700029285     
   78.1139450376972     
   80.2220298524255     
   82.2486414244739     
   84.1883163690678     
   86.0358256677865     
   87.7861887653293     
   89.4346869966132     
   90.9768763081073     
   92.4085992392965     
   93.7259961323449     
   94.9255155405023     
   96.0039238088814     
   96.9583138058212     
   97.7861127919998     
   98.4850894382526     
   99.0533600876299     
   99.4893947611111     
   99.7920262559419     
   99.9605061613718     
  3.949383862819622E-002
  0.207973744058093     
  0.510605238888917     
  0.946639912370090     
   1.51491056174736     
   2.21388720800019     
   3.04168619417884     
   3.99607619111862     
   5.07448445949770     
   6.27400386765508     
   7.59140076070352     
   9.02312369189271     
   10.5653130033868     
   12.2138112346707     
   13.9641743322135     
   15.8116836309322     
   17.7513585755262     
   19.7779701475745     
   21.8860549623028     
   24.0699299970715     
   26.3237079119146     
   28.6413129208461     
   31.0164971711601     
   33.4428575865776     
   35.9138531288369     
   38.4228224311985     
   40.9630017563287     
   43.5275432301528     
   46.1095333025232     
   48.7020113849376     
   51.2979886150624     
   53.8904666974768     
   56.4724567698472     
   59.0369982436713     
   61.5771775688015     
   64.0861468711631     
   66.5571424134224     
   68.9835028288399     
   71.3586870791539     
   73.6762920880853     
   75.9300700029285     
   78.1139450376972     
   80.2220298524255     
   82.2486414244739     
   84.1883163690678     
   86.0358256677865     
   87.7861887653293     
   89.4346869966132     
   90.9768763081073     
   92.4085992392965     
   93.7259961323449     
   94.9255155405023     
   96.0039238088814     
   96.9583138058212     
   97.7861127919998     
   98.4850894382526     
   99.0533600876299     
   99.4893947611111     
   99.7920262559419     
   99.9605061613718     
  3.949383862819622E-002
  0.207973744058093     
  0.510605238888917     
  0.946639912370090     
   1.51491056174736     
   2.21388720800019     
   3.04168619417884     
   3.99607619111862     
   5.07448445949770     
   6.27400386765508     
   7.59140076070352     
   9.02312369189271     
   10.5653130033868     
   12.2138112346707     
   13.9641743322135     
   15.8116836309322     
   17.7513585755262     
   19.7779701475745     
   21.8860549623028     
   24.0699299970715     
   26.3237079119146     
   28.6413129208461     
   31.0164971711601     
   33.4428575865776     
   35.9138531288369     
   38.4228224311985     
   40.9630017563287     
   43.5275432301528     
   46.1095333025232     
   48.7020113849376     
   51.2979886150624     
   53.8904666974768     
   56.4724567698472     
   59.0369982436713     
   61.5771775688015     
   64.0861468711631     
   66.5571424134224     
   68.9835028288399     
   71.3586870791539     
   73.6762920880853     
   75.9300700029285     
   78.1139450376972     
   80.2220298524255     
   82.2486414244739     
   84.1883163690678     
   86.0358256677865     
   87.7861887653293     
   89.4346869966132     
   90.9768763081073     
   92.4085992392965     
   93.7259961323449     
   94.9255155405023     
   96.0039238088814     
   96.9583138058212     
   97.7861127919998     
   98.4850894382526     
   99.0533600876299     
   99.4893947611111     
   99.7920262559419     
   99.9605061613718     
  3.949383862819622E-002
  0.207973744058093     
  0.510605238888917     
  0.946639912370090     
   1.51491056174736     
   2.21388720800019     
   3.04168619417884     
   3.99607619111862     
   5.07448445949770     
   6.27400386765508     
   7.59140076070352     
   9.02312369189271     
   10.5653130033868     
   12.2138112346707     
   13.9641743322135     
   15.8116836309322     
   17.7513585755262     
   19.7779701475745     
   21.8860549623028     
   24.0699299970715     
   26.3237079119146     
   28.6413129208461     
   31.0164971711601     
   33.4428575865776     
   35.9138531288369     
   38.4228224311985     
   40.9630017563287     
   43.5275432301528     
   46.1095333025232     
   48.7020113849376     
   51.2979886150624     
   53.8904666974768     
   56.4724567698472     
   59.0369982436713     
   61.5771775688015     
   64.0861468711631     
   66.5571424134224     
   68.9835028288399     
   71.3586870791539     
   73.6762920880853     
   75.9300700029285     
   78.1139450376972     
   80.2220298524255     
   82.2486414244739     
   84.1883163690678     
   86.0358256677865     
   87.7861887653293     
   89.4346869966132     
   90.9768763081073     
   92.4085992392965     
   93.7259961323449     
   94.9255155405023     
   96.0039238088814     
   96.9583138058212     
   97.7861127919998     
   98.4850894382526     
   99.0533600876299     
   99.4893947611111     
   99.7920262559419     
   99.9605061613718     
  3.949383862819622E-002
  0.207973744058093     
  0.510605238888917     
  0.946639912370090     
   1.51491056174736     
   2.21388720800019     
   3.04168619417884     
   3.99607619111862     
   5.07448445949770     
   6.27400386765508     
   7.59140076070352     
   9.02312369189271     
   10.5653130033868     
   12.2138112346707     
   13.9641743322135     
   15.8116836309322     
   17.7513585755262     
   19.7779701475745     
   21.8860549623028     
   24.0699299970715     
   26.3237079119146     
   28.6413129208461     
   31.0164971711601     
   33.4428575865776     
   35.9138531288369     
   38.4228224311985     
   40.9630017563287     
   43.5275432301528     
   46.1095333025232     
   48.7020113849376     
   51.2979886150624     
   53.8904666974768     
   56.4724567698472     
   59.0369982436713     
   61.5771775688015     
   64.0861468711631     
   66.5571424134224     
   68.9835028288399     
   71.3586870791539     
   73.6762920880853     
   75.9300700029285     
   78.1139450376972     
   80.2220298524255     
   82.2486414244739     
   84.1883163690678     
   86.0358256677865     
   87.7861887653293     
   89.4346869966132     
   90.9768763081073     
   92.4085992392965     
   93.7259961323449     
   94.9255155405023     
   96.0039238088814     
   96.9583138058212     
   97.7861127919998     
   98.4850894382526     
   99.0533600876299     
   99.4893947611111     
   99.7920262559419     
   99.9605061613718     
  3.949383862819622E-002
  0.207973744058093     
  0.510605238888917     
  0.946639912370090     
   1.51491056174736     
   2.21388720800019     
   3.04168619417884     
   3.99607619111862     
   5.07448445949770     
   6.27400386765508     
   7.59140076070352     
   9.02312369189271     
   10.5653130033868     
   12.2138112346707     
   13.9641743322135     
   15.8116836309322     
   17.7513585755262     
   19.7779701475745     
   21.8860549623028     
   24.0699299970715     
   26.3237079119146     
   28.6413129208461     
   31.0164971711601     
   33.4428575865776     
   35.9138531288369     
   38.4228224311985     
   40.9630017563287     
   43.5275432301528     
   46.1095333025232     
   48.7020113849376     
   51.2979886150624     
   53.8904666974768     
   56.4724567698472     
   59.0369982436713     
   61.5771775688015     
   64.0861468711631     
   66.5571424134224     
   68.9835028288399     
   71.3586870791539     
   73.6762920880853     
   75.9300700029285     
   78.1139450376972     
   80.2220298524255     
   82.2486414244739     
   84.1883163690678     
   86.0358256677865     
   87.7861887653293     
   89.4346869966132     
   90.9768763081073     
   92.4085992392965     
   93.7259961323449     
   94.9255155405023     
   96.0039238088814     
   96.9583138058212     
   97.7861127919998     
   98.4850894382526     
   99.0533600876299     
   99.4893947611111     
   99.7920262559419     
   99.9605061613718     
  3.949383862819622E-002
  0.207973744058093     
  0.510605238888917     
  0.946639912370090     
   1.51491056174736     
   2.21388720800019     
   3.04168619417884     
   3.99607619111862     
   5.07448445949770     
   6.27400386765508     
   7.59140076070352     
   9.02312369189271     
   10.5653130033868     
   12.2138112346707     
   13.9641743322135     
   15.8116836309322     
   17.7513585755262     
   19.7779701475745     
   21.8860549623028     
   24.0699299970715     
   26.3237079119146     
   28.6413129208461     
   31.0164971711601     
   33.4428575865776     
   35.9138531288369     
   38.4228224311985     
   40.9630017563287     
   43.5275432301528     
   46.1095333025232     
   48.7020113849376     
   51.2979886150624     
   53.8904666974768     
   56.4724567698472     
   59.0369982436713     
   61.5771775688015     
   64.0861468711631     
   66.5571424134224     
   68.9835028288399     
   71.3586870791539     
   73.6762920880853     
   75.9300700029285     
   78.1139450376972     
   80.2220298524255     
   82.2486414244739     
   84.1883163690678     
   86.0358256677865     
   87.7861887653293     
   89.4346869966132     
   90.9768763081073     
   92.4085992392965     
   93.7259961323449     
   94.9255155405023     
   96.0039238088814     
   96.9583138058212     
   97.7861127919998     
   98.4850894382526     
   99.0533600876299     
   99.4893947611111     
   99.7920262559419     
   99.9605061613718     
  3.949383862819622E-002
  0.207973744058093     
  0.510605238888917     
  0.946639912370090     
   1.51491056174736     
   2.21388720800019     
   3.04168619417884     
   3.99607619111862     
   5.07448445949770     
   6.27400386765508     
   7.59140076070352     
   9.02312369189271     
   10.5653130033868     
   12.2138112346707     
   13.9641743322135     
   15.8116836309322     
   17.7513585755262     
   19.7779701475745     
   21.8860549623028     
   24.0699299970715     
   26.3237079119146     
   28.6413129208461     
   31.0164971711601     
   33.4428575865776     
   35.9138531288369     
   38.4228224311985     
   40.9630017563287     
   43.5275432301528     
   46.1095333025232     
   48.7020113849376     
   51.2979886150624     
   53.8904666974768     
   56.4724567698472     
   59.0369982436713     
   61.5771775688015     
   64.0861468711631     
   66.5571424134224     
   68.9835028288399     
   71.3586870791539     
   73.6762920880853     
   75.9300700029285     
   78.1139450376972     
   80.2220298524255     
   82.2486414244739     
   84.1883163690678     
   86.0358256677865     
   87.7861887653293     
   89.4346869966132     
   90.9768763081073     
   92.4085992392965     
   93.7259961323449     
   94.9255155405023     
   96.0039238088814     
   96.9583138058212     
   97.7861127919998     
   98.4850894382526     
   99.0533600876299     
   99.4893947611111     
   99.7920262559419     
   99.9605061613718     
  3.949383862819622E-002
  0.207973744058093     
  0.510605238888917     
  0.946639912370090     
   1.51491056174736     
   2.21388720800019     
   3.04168619417884     
   3.99607619111862     
   5.07448445949770     
   6.27400386765508     
   7.59140076070352     
   9.02312369189271     
   10.5653130033868     
   12.2138112346707     
   13.9641743322135     
   15.8116836309322     
   17.7513585755262     
   19.7779701475745     
   21.8860549623028     
   24.0699299970715     
   26.3237079119146     
   28.6413129208461     
   31.0164971711601     
   33.4428575865776     
   35.9138531288369     
   38.4228224311985     
   40.9630017563287     
   43.5275432301528     
   46.1095333025232     
   48.7020113849376     
   51.2979886150624     
   53.8904666974768     
   56.4724567698472     
   59.0369982436713     
   61.5771775688015     
   64.0861468711631     
   66.5571424134224     
   68.9835028288399     
   71.3586870791539     
   73.6762920880853     
   75.9300700029285     
   78.1139450376972     
   80.2220298524255     
   82.2486414244739     
   84.1883163690678     
   86.0358256677865     
   87.7861887653293     
   89.4346869966132     
   90.9768763081073     
   92.4085992392965     
   93.7259961323449     
   94.9255155405023     
   96.0039238088814     
   96.9583138058212     
   97.7861127919998     
   98.4850894382526     
   99.0533600876299     
   99.4893947611111     
   99.7920262559419     
   99.9605061613718     
  3.949383862819622E-002
  0.207973744058093     
  0.510605238888917     
  0.946639912370090     
   1.51491056174736     
   2.21388720800019     
   3.04168619417884     
   3.99607619111862     
   5.07448445949770     
   6.27400386765508     
   7.59140076070352     
   9.02312369189271     
   10.5653130033868     
   12.2138112346707     
   13.9641743322135     
   15.8116836309322     
   17.7513585755262     
   19.7779701475745     
   21.8860549623028     
   24.0699299970715     
   26.3237079119146     
   28.6413129208461     
   31.0164971711601     
   33.4428575865776     
   35.9138531288369     
   38.4228224311985     
   40.9630017563287     
   43.5275432301528     
   46.1095333025232     
   48.7020113849376     
   51.2979886150624     
   53.8904666974768     
   56.4724567698472     
   59.0369982436713     
   61.5771775688015     
   64.0861468711631     
   66.5571424134224     
   68.9835028288399     
   71.3586870791539     
   73.6762920880853     
   75.9300700029285     
   78.1139450376972     
   80.2220298524255     
   82.2486414244739     
   84.1883163690678     
   86.0358256677865     
   87.7861887653293     
   89.4346869966132     
   90.9768763081073     
   92.4085992392965     
   93.7259961323449     
   94.9255155405023     
   96.0039238088814     
   96.9583138058212     
   97.7861127919998     
   98.4850894382526     
   99.0533600876299     
   99.4893947611111     
   99.7920262559419     
   99.9605061613718     
  3.949383862819622E-002
  0.207973744058093     
  0.510605238888917     
  0.946639912370090     
   1.51491056174736     
   2.21388720800019     
   3.04168619417884     
   3.99607619111862     
   5.07448445949770     
   6.27400386765508     
   7.59140076070352     
   9.02312369189271     
   10.5653130033868     
   12.2138112346707     
   13.9641743322135     
   15.8116836309322     
   17.7513585755262     
   19.7779701475745     
   21.8860549623028     
   24.0699299970715     
   26.3237079119146     
   28.6413129208461     
   31.0164971711601     
   33.4428575865776     
   35.9138531288369     
   38.4228224311985     
   40.9630017563287     
   43.5275432301528     
   46.1095333025232     
   48.7020113849376     
   51.2979886150624     
   53.8904666974768     
   56.4724567698472     
   59.0369982436713     
   61.5771775688015     
   64.0861468711631     
   66.5571424134224     
   68.9835028288399     
   71.3586870791539     
   73.6762920880853     
   75.9300700029285     
   78.1139450376972     
   80.2220298524255     
   82.2486414244739     
   84.1883163690678     
   86.0358256677865     
   87.7861887653293     
   89.4346869966132     
   90.9768763081073     
   92.4085992392965     
   93.7259961323449     
   94.9255155405023     
   96.0039238088814     
   96.9583138058212     
   97.7861127919998     
   98.4850894382526     
   99.0533600876299     
   99.4893947611111     
   99.7920262559419     
   99.9605061613718     
  3.949383862819622E-002
  0.207973744058093     
  0.510605238888917     
  0.946639912370090     
   1.51491056174736     
   2.21388720800019     
   3.04168619417884     
   3.99607619111862     
   5.07448445949770     
   6.27400386765508     
   7.59140076070352     
   9.02312369189271     
   10.5653130033868     
   12.2138112346707     
   13.9641743322135     
   15.8116836309322     
   17.7513585755262     
   19.7779701475745     
   21.8860549623028     
   24.0699299970715     
   26.3237079119146     
   28.6413129208461     
   31.0164971711601     
   33.4428575865776     
   35.9138531288369     
   38.4228224311985     
   40.9630017563287     
   43.5275432301528     
   46.1095333025232     
   48.7020113849376     
   51.2979886150624     
   53.8904666974768     
   56.4724567698472     
   59.0369982436713     
   61.5771775688015     
   64.0861468711631     
   66.5571424134224     
   68.9835028288399     
   71.3586870791539     
   73.6762920880853     
   75.9300700029285     
   78.1139450376972     
   80.2220298524255     
   82.2486414244739     
   84.1883163690678     
   86.0358256677865     
   87.7861887653293     
   89.4346869966132     
   90.9768763081073     
   92.4085992392965     
   93.7259961323449     
   94.9255155405023     
   96.0039238088814     
   96.9583138058212     
   97.7861127919998     
   98.4850894382526     
   99.0533600876299     
   99.4893947611111     
   99.7920262559419     
   99.9605061613718     
  3.949383862819622E-002
  0.207973744058093     
  0.510605238888917     
  0.946639912370090     
   1.51491056174736     
   2.21388720800019     
   3.04168619417884     
   3.99607619111862     
   5.07448445949770     
   6.27400386765508     
   7.59140076070352     
   9.02312369189271     
   10.5653130033868     
   12.2138112346707     
   13.9641743322135     
   15.8116836309322     
   17.7513585755262     
   19.7779701475745     
   21.8860549623028     
   24.0699299970715     
   26.3237079119146     
   28.6413129208461     
   31.0164971711601     
   33.4428575865776     
   35.9138531288369     
   38.4228224311985     
   40.9630017563287     
   43.5275432301528     
   46.1095333025232     
   48.7020113849376     
   51.2979886150624     
   53.8904666974768     
   56.4724567698472     
   59.0369982436713     
   61.5771775688015     
   64.0861468711631     
   66.5571424134224     
   68.9835028288399     
   71.3586870791539     
   73.6762920880853     
   75.9300700029285     
   78.1139450376972     
   80.2220298524255     
   82.2486414244739     
   84.1883163690678     
   86.0358256677865     
   87.7861887653293     
   89.4346869966132     
   90.9768763081073     
   92.4085992392965     
   93.7259961323449     
   94.9255155405023     
   96.0039238088814     
   96.9583138058212     
   97.7861127919998     
   98.4850894382526     
   99.0533600876299     
   99.4893947611111     
   99.7920262559419     
   99.9605061613718     
  3.949383862819622E-002
  0.207973744058093     
  0.510605238888917     
  0.946639912370090     
   1.51491056174736     
   2.21388720800019     
   3.04168619417884     
   3.99607619111862     
   5.07448445949770     
   6.27400386765508     
   7.59140076070352     
   9.02312369189271     
   10.5653130033868     
   12.2138112346707     
   13.9641743322135     
   15.8116836309322     
   17.7513585755262     
   19.7779701475745     
   21.8860549623028     
   24.0699299970715     
   26.3237079119146     
   28.6413129208461     
   31.0164971711601     
   33.4428575865776     
   35.9138531288369     
   38.4228224311985     
   40.9630017563287     
   43.5275432301528     
   46.1095333025232     
   48.7020113849376     
   51.2979886150624     
   53.8904666974768     
   56.4724567698472     
   59.0369982436713     
   61.5771775688015     
   64.0861468711631     
   66.5571424134224     
   68.9835028288399     
   71.3586870791539     
   73.6762920880853     
   75.9300700029285     
   78.1139450376972     
   80.2220298524255     
   82.2486414244739     
   84.1883163690678     
   86.0358256677865     
   87.7861887653293     
   89.4346869966132     
   90.9768763081073     
   92.4085992392965     
   93.7259961323449     
   94.9255155405023     
   96.0039238088814     
   96.9583138058212     
   97.7861127919998     
   98.4850894382526     
   99.0533600876299     
   99.4893947611111     
   99.7920262559419     
   99.9605061613718     
  3.949383862819622E-002
  0.207973744058093     
  0.510605238888917     
  0.946639912370090     
   1.51491056174736     
   2.21388720800019     
   3.04168619417884     
   3.99607619111862     
   5.07448445949770     
   6.27400386765508     
   7.59140076070352     
   9.02312369189271     
   10.5653130033868     
   12.2138112346707     
   13.9641743322135     
   15.8116836309322     
   17.7513585755262     
   19.7779701475745     
   21.8860549623028     
   24.0699299970715     
   26.3237079119146     
   28.6413129208461     
   31.0164971711601     
   33.4428575865776     
   35.9138531288369     
   38.4228224311985     
   40.9630017563287     
   43.5275432301528     
   46.1095333025232     
   48.7020113849376     
   51.2979886150624     
   53.8904666974768     
   56.4724567698472     
   59.0369982436713     
   61.5771775688015     
   64.0861468711631     
   66.5571424134224     
   68.9835028288399     
   71.3586870791539     
   73.6762920880853     
   75.9300700029285     
   78.1139450376972     
   80.2220298524255     
   82.2486414244739     
   84.1883163690678     
   86.0358256677865     
   87.7861887653293     
   89.4346869966132     
   90.9768763081073     
   92.4085992392965     
   93.7259961323449     
   94.9255155405023     
   96.0039238088814     
   96.9583138058212     
   97.7861127919998     
   98.4850894382526     
   99.0533600876299     
   99.4893947611111     
   99.7920262559419     
   99.9605061613718     
  3.949383862819622E-002
  0.207973744058093     
  0.510605238888917     
  0.946639912370090     
   1.51491056174736     
   2.21388720800019     
   3.04168619417884     
   3.99607619111862     
   5.07448445949770     
   6.27400386765508     
   7.59140076070352     
   9.02312369189271     
   10.5653130033868     
   12.2138112346707     
   13.9641743322135     
   15.8116836309322     
   17.7513585755262     
   19.7779701475745     
   21.8860549623028     
   24.0699299970715     
   26.3237079119146     
   28.6413129208461     
   31.0164971711601     
   33.4428575865776     
   35.9138531288369     
   38.4228224311985     
   40.9630017563287     
   43.5275432301528     
   46.1095333025232     
   48.7020113849376     
   51.2979886150624     
   53.8904666974768     
   56.4724567698472     
   59.0369982436713     
   61.5771775688015     
   64.0861468711631     
   66.5571424134224     
   68.9835028288399     
   71.3586870791539     
   73.6762920880853     
   75.9300700029285     
   78.1139450376972     
   80.2220298524255     
   82.2486414244739     
   84.1883163690678     
   86.0358256677865     
   87.7861887653293     
   89.4346869966132     
   90.9768763081073     
   92.4085992392965     
   93.7259961323449     
   94.9255155405023     
   96.0039238088814     
   96.9583138058212     
   97.7861127919998     
   98.4850894382526     
   99.0533600876299     
   99.4893947611111     
   99.7920262559419     
   99.9605061613718     
