  0.0200    0.000145    0.000000    0.000000    0.000000
  0.0231    0.000208    0.000000    0.000000    0.000000
  0.0264    0.000292    0.000000    0.000000    0.000000
  0.0299    0.000400    0.000000    0.000000    0.000000
  0.0337    0.000539    0.000000    0.000000    0.000000
  0.0377    0.000714    0.000000    0.000000    0.000000
  0.0419    0.000933    0.000000    0.000000    0.000000
  0.0463    0.001202    0.000000    0.000000    0.000000
  0.0509    0.001531    0.000000    0.000000    0.000000
  0.0558    0.001929    0.000000    0.000000    0.000000
  0.0609    0.002406    0.000000    0.000000    0.000000
  0.0662    0.002975    0.000000    0.000000    0.000000
  0.0718    0.003649    0.000000    0.000000    0.000000
  0.0775    0.004441    0.000000    0.000000    0.000000
  0.0835    0.005367    0.000000    0.000000    0.000000
  0.0897    0.006445    0.000000    0.000000    0.000000
  0.0961    0.007693    0.000000    0.000000    0.000000
  0.1028    0.009130    0.000000    0.000000    0.000000
  0.1096    0.010781    0.000000    0.000000    0.000000
  0.1167    0.012667    0.000000    0.000000    0.000000
  0.1240    0.014815    0.000000    0.000000    0.000000
  0.1316    0.017254    0.000000    0.000000    0.000000
  0.1393    0.020014    0.000000    0.000000    0.000000
  0.1473    0.023128    0.000000    0.000000    0.000000
  0.1555    0.026632    0.000000    0.000000    0.000000
  0.1639    0.030563    0.000000    0.000000    0.000000
  0.1725    0.034964    0.000000    0.000000    0.000000
  0.1814    0.039880    0.000000    0.000000    0.000000
  0.1905    0.045358    0.000000    0.000000    0.000000
  0.1998    0.051452    0.000000    0.000000    0.000000
  0.2093    0.058217    0.000000    0.000000    0.000000
  0.2191    0.065715    0.000000    0.000000    0.000000
  0.2291    0.074011    0.000000    0.000000    0.000000
  0.2393    0.083176    0.000000    0.000000    0.000000
  0.2497    0.093287    0.000000    0.000000    0.000000
  0.2603    0.104426    0.000000    0.000000    0.000000
  0.2712    0.116682    0.000000    0.000000    0.000000
  0.2823    0.130153    0.000000    0.000000    0.000000
  0.2936    0.144943    0.000000    0.000000    0.000000
  0.3051    0.161166    0.000000    0.000000    0.000000
  0.3169    0.178944    0.000000    0.000000    0.000000
  0.3288    0.198412    0.000000    0.000000    0.000000
  0.3410    0.219713    0.000000    0.000000    0.000000
  0.3534    0.243007    0.000000    0.000000    0.000000
  0.3661    0.268464    0.000000    0.000000    0.000000
  0.3790    0.296273    0.000000    0.000000    0.000000
  0.3920    0.326639    0.000000    0.000000    0.000000
  0.4053    0.359785    0.000000    0.000000    0.000000
  0.4189    0.395958    0.000000    0.000000    0.000000
  0.4326    0.435427    0.000000    0.000000    0.000000
  0.4466    0.478491    0.000000    0.000000    0.000000
  0.4608    0.525476    0.000000    0.000000    0.000000
  0.4752    0.576746    0.000000    0.000000    0.000000
  0.4898    0.632700    0.000000    0.000000    0.000000
  0.5047    0.693786    0.000000    0.000000    0.000000
  0.5198    0.760500    0.000000    0.000000    0.000000
  0.5351    0.833396    0.000000    0.000000    0.000000
  0.5506    0.913096    0.000000    0.000000    0.000000
  0.5664    1.000298    0.000000    0.000000    0.000000
  0.5823    1.095790    0.000000    0.000000    0.000000
  0.5985    1.200463    0.000000    0.000000    0.000000
  0.6149    1.315332    0.000000    0.000000    0.000000
  0.6316    1.441553    0.000000    0.000000    0.000000
  0.6484    1.580452    0.000000    0.000000    0.000000
  0.6655    1.733557    0.000000    0.000000    0.000000
  0.6828    1.902636    0.000000    0.000000    0.000000
  0.7004    2.089750    0.000000    0.000000    0.000000
  0.7181    2.297310    0.000000    0.000000    0.000000
  0.7361    2.528160    0.000000    0.000000    0.000000
  0.7543    2.785678    0.000000    0.000000    0.000000
  0.7727    3.073902    0.000000    0.000000    0.000000
  0.7913    3.397703    0.000000    0.000000    0.000000
  0.8102    3.763013    0.000000    0.000000    0.000000
  0.8292    4.177121    0.000000    0.000000    0.000000
  0.8485    4.649088    0.000000    0.000000    0.000000
  0.8681    5.190312    0.000000    0.000000    0.000000
  0.8878    5.815327    0.000000    0.000000    0.000000
  0.9078    6.542946    0.000000    0.000000    0.000000
  0.9280    7.397931    0.000000    0.000000    0.000000
  0.9484    8.413509    0.000000    0.000000    0.000000
  0.9690    9.635226    0.000000    0.000000    0.000000
  0.9899   11.127060    0.000000    0.000000    0.000000
  1.0110   12.981408    0.000000    0.000000    0.000000
  1.0323   15.335945    0.000000    0.000000    0.000000
  1.0538   18.403026    0.000000    0.000000    0.000000
  1.0755   22.522226    0.000000    0.000000    0.000000
  1.0975   28.253886    0.000000    0.000000    0.000000
  1.1197   36.529474    0.000000    0.000000    0.000000
  1.1421   48.778217    0.000000    0.000000    0.000000
  1.1647   66.422008    0.000000    0.000000    0.000000
  1.1876   88.372920    0.000000    0.000000    0.000000
  1.2107  -70.693896    0.000000    0.000000    0.000000
  1.2340  -54.935537    0.000000    0.000000    0.000000
  1.2575  -44.200741    0.000000    0.000000    0.000000
  1.2812  -36.910213    0.000000    0.000000    0.000000
  1.3052  -31.800021    0.000000    0.000000    0.000000
  1.3294  -28.082385    0.000000    0.000000    0.000000
  1.3538  -25.284616    0.000000    0.000000    0.000000
  1.3784  -23.117590    0.000000    0.000000    0.000000
  1.4033  -21.398313    0.000000    0.000000    0.000000
  1.4283  -20.006724    0.000000    0.000000    0.000000
  1.4536  -18.861358    0.000000    0.000000    0.000000
  1.4792  -17.905251    0.000000    0.000000    0.000000
  1.5049  -17.097495    0.000000    0.000000    0.000000
  1.5309  -16.408014    0.000000    0.000000    0.000000
  1.5570  -15.814234    0.000000    0.000000    0.000000
  1.5835  -15.298893    0.000000    0.000000    0.000000
  1.6101  -14.848577    0.000000    0.000000    0.000000
  1.6369  -14.452705    0.000000    0.000000    0.000000
  1.6640  -14.102819    0.000000    0.000000    0.000000
  1.6913  -13.792077    0.000000    0.000000    0.000000
  1.7188  -13.514884    0.000000    0.000000    0.000000
  1.7466  -13.266612    0.000000    0.000000    0.000000
  1.7745  -13.043405    0.000000    0.000000    0.000000
  1.8027  -12.842014    0.000000    0.000000    0.000000
  1.8311  -12.659683    0.000000    0.000000    0.000000
  1.8597  -12.494054    0.000000    0.000000    0.000000
  1.8886  -12.343094    0.000000    0.000000    0.000000
  1.9177  -12.205038    0.000000    0.000000    0.000000
  1.9470  -12.078341    0.000000    0.000000    0.000000
  1.9765  -11.961642    0.000000    0.000000    0.000000
  2.0062  -11.853731    0.000000    0.000000    0.000000
  2.0362  -11.753529    0.000000    0.000000    0.000000
  2.0664  -11.660061    0.000000    0.000000    0.000000
  2.0968  -11.572444    0.000000    0.000000    0.000000
  2.1274  -11.489866    0.000000    0.000000    0.000000
  2.1582  -11.411581    0.000000    0.000000    0.000000
  2.1893  -11.336893    0.000000    0.000000    0.000000
  2.2206  -11.265146    0.000000    0.000000    0.000000
  2.2521  -11.195720    0.000000    0.000000    0.000000
  2.2839  -11.128018    0.000000    0.000000    0.000000
  2.3158  -11.061462    0.000000    0.000000    0.000000
  2.3480  -10.995486    0.000000    0.000000    0.000000
  2.3804  -10.929528    0.000000    0.000000    0.000000
  2.4130  -10.863027    0.000000    0.000000    0.000000
  2.4459  -10.795409    0.000000    0.000000    0.000000
  2.4789  -10.726090    0.000000    0.000000    0.000000
  2.5122  -10.654460    0.000000    0.000000    0.000000
  2.5457  -10.579877    0.000000    0.000000    0.000000
  2.5795  -10.501661    0.000000    0.000000    0.000000
  2.6134  -10.419077    0.000000    0.000000    0.000000
  2.6476  -10.331328    0.000000    0.000000    0.000000
  2.6820  -10.237532    0.000000    0.000000    0.000000
  2.7166  -10.136710    0.000000    0.000000    0.000000
  2.7515  -10.027757    0.000000    0.000000    0.000000
  2.7866   -9.909411    0.000000    0.000000    0.000000
  2.8219   -9.780218    0.000000    0.000000    0.000000
  2.8574   -9.638473    0.000000    0.000000    0.000000
  2.8931   -9.482157    0.000000    0.000000    0.000000
  2.9291   -9.308837    0.000000    0.000000    0.000000
  2.9652   -9.115533    0.000000    0.000000    0.000000
  3.0016   -8.898528    0.000000    0.000000    0.000000
  3.0383   -8.653080    0.000000    0.000000    0.000000
  3.0751   -8.372982    0.000000    0.000000    0.000000
  3.1122   -8.049850    0.000000    0.000000    0.000000
  3.1495   -7.671902    0.000000    0.000000    0.000000
  3.1870   -7.221711    0.000000    0.000000    0.000000
  3.2247   -6.671628    0.000000    0.000000    0.000000
  3.2627   -5.973024    0.000000    0.000000    0.000000
  3.3008   -5.024636    0.000000    0.000000    0.000000
  3.3392   -3.527262    0.000000    0.000000    0.000000
  3.3779   11.822532  -11.170323    0.000006    0.000002
  3.4167   17.449090  -16.280315    0.000347    0.000135
  3.4558   20.051471  -18.619238    0.001510    0.000585
  3.4950   21.838611  -20.203627    0.003802    0.001467
  3.5346   23.215633  -21.405827    0.007474    0.002871
  3.5743   24.337396  -22.370612    0.012745    0.004875
  3.6142   25.280707  -23.171276    0.019820    0.007548
  3.6544   26.089635  -23.850772    0.028892    0.010954
  3.6948   26.792016  -24.436773    0.040143    0.015153
  3.7354   27.406695  -24.948336    0.053754    0.020200
  3.7763   27.947138  -25.399249    0.069899    0.026148
  3.8173   28.423389  -25.799870    0.088749    0.033049
  3.8586   28.843215  -26.158221    0.110473    0.040949
  3.9001   29.212809  -26.480661    0.135239    0.049897
  3.9419   29.537234  -26.772331    0.163213    0.059937
  3.9838   29.820727  -27.037459    0.194563    0.071114
  4.0260   30.066902  -27.279563    0.229452    0.083468
  4.0684   30.278889  -27.501606    0.268047    0.097042
  4.1110   30.459443  -27.706108    0.310513    0.111875
  4.1538   30.611013  -27.895230    0.357015    0.128007
  4.1969   30.735804  -28.070835    0.407719    0.145476
  4.2402   30.835814  -28.234543    0.462791    0.164318
  4.2837   30.912874  -28.387764    0.522397    0.184570
  4.3274   30.968667  -28.531738    0.586703    0.206267
  4.3714   31.004752  -28.667553    0.655875    0.229444
  4.4155   31.022583  -28.796171    0.730078    0.254133
  4.4599   31.023517  -28.918444    0.809476    0.280368
  4.5046   31.008832  -29.035128    0.894235    0.308181
  4.5494   30.979733  -29.146897    0.984515    0.337602
  4.5945   30.937363  -29.254349    1.080479    0.368661
  4.6397   30.882808  -29.358022    1.182283    0.401388
  4.6852   30.817105  -29.458395    1.290084    0.435811
  4.7310   30.741251  -29.555897    1.404031    0.471956
  4.7769   30.656205  -29.650915    1.524270    0.509851
  4.8231   30.562894  -29.743795    1.650942    0.549521
  4.8695   30.462220  -29.834847    1.784180    0.590989
  4.9161   30.355063  -29.924353    1.924106    0.634279
  4.9629   30.242288  -30.012564    2.070834    0.679412
  5.0100   30.124748  -30.099708    2.224465    0.726409
