
 # S.p. Hamiltonian for channel  1 and configuration s0.5
   -24.07987    -1.06667    -0.21344     0.60087     0.61980     0.38249     0.17526     0.05696     0.00683    -0.00579    -0.00220     0.00639     0.01524     0.02290     0.02929     0.03472     0.03951     0.04390     0.04803     0.05196     0.05573     0.05939     0.06294     0.06642     0.06984     0.07322     0.07657     0.07990     0.08322     0.08653     0.08983     0.09311     0.09639     0.09966     0.10290     0.10613     0.10934     0.11253     0.11570     0.11885
    -1.06667     4.68021     6.18686    -0.22763    -0.12194     0.46040     0.57597     0.43286     0.25094     0.11871     0.04658     0.01788     0.01355     0.02005     0.02974     0.03917     0.04728     0.05408     0.05992     0.06517     0.07011     0.07487     0.07954     0.08412     0.08862     0.09304     0.09737     0.10161     0.10578     0.10990     0.11397     0.11800     0.12201     0.12599     0.12996     0.13391     0.13784     0.14176     0.14566     0.14953
    -0.21344     6.18686    21.65880    15.45492     2.28030    -0.16507     0.09295     0.45213     0.51491     0.40545     0.26044     0.14545     0.07534     0.04241     0.03350     0.03728     0.04626     0.05629     0.06555     0.07354     0.08038     0.08640     0.09190     0.09713     0.10222     0.10724     0.11221     0.11713     0.12199     0.12677     0.13149     0.13614     0.14072     0.14524     0.14972     0.15416     0.15857     0.16295     0.16731     0.17164
     0.60087    -0.22763    15.45492    34.52741    24.18117     5.91963     0.60940    -0.04550     0.25602     0.46488     0.46994     0.36873     0.24902     0.15376     0.09362     0.06372     0.05456     0.05731     0.06558     0.07552     0.08516     0.09377     0.10127     0.10789     0.11389     0.11953     0.12496     0.13030     0.13559     0.14083     0.14604     0.15119     0.15628     0.16131     0.16627     0.17116     0.17600     0.18078     0.18552     0.19023
     0.61980    -0.12194     2.28030    24.18117    45.34528    32.30196    10.08663     1.99459     0.12222     0.11632     0.36129     0.46515     0.43092     0.33495     0.23456     0.15673     0.10758     0.08299     0.07563     0.07856     0.08658     0.09635     0.10608     0.11498     0.12289     0.12992     0.13631     0.14229     0.14802     0.15361     0.15915     0.16464     0.17010     0.17552     0.18089     0.18619     0.19144     0.19661     0.20173     0.20678
     0.38249     0.46040    -0.16507     5.91963    32.30196    54.85323    39.88646    14.50433     3.82451     0.58753     0.09019     0.25901     0.42016     0.45258     0.39566     0.30645     0.22228     0.15942     0.12052     0.10165     0.09686     0.10062     0.10872     0.11841     0.12812     0.13714     0.14526     0.15256     0.15924     0.16548     0.17144     0.17726     0.18300     0.18869     0.19435     0.19997     0.20555     0.21107     0.21654     0.22193
     0.17526     0.57597     0.09295     0.60940    10.08663    39.88646    63.42575    47.01339    19.03390     5.98139     1.31891     0.19876     0.19154     0.35976     0.44481     0.43163     0.36439     0.28392     0.21405     0.16403     0.13419     0.12068     0.11857     0.12339     0.13176     0.14142     0.15107     0.16010     0.16832     0.17579     0.18266     0.18910     0.19526     0.20126     0.20717     0.21303     0.21885     0.22463     0.23038     0.23607
     0.05696     0.43286     0.45213    -0.04550     1.99459    14.50433    47.01339    71.28897    53.74877    23.59838     8.38100     2.28161     0.44648     0.17856     0.30275     0.41915     0.44687     0.40720     0.33806     0.26758     0.21047     0.17143     0.14935     0.14058     0.14095     0.14685     0.15552     0.16518     0.17475     0.18374     0.19200     0.19955     0.20655     0.21314     0.21945     0.22560     0.23165     0.23764     0.24360     0.24951
     0.00683     0.25094     0.51491     0.25602     0.12222     3.82451    19.03390    53.74877    78.59116    60.14561    28.15285    10.96209     3.44355     0.83009     0.23115     0.26273     0.38576     0.44654     0.43588     0.38315     0.31741     0.25733     0.21154     0.18183     0.16630     0.16156     0.16409     0.17094     0.17991     0.18956     0.19904     0.20796     0.21619     0.22378     0.23086     0.23755     0.24398     0.25025     0.25642     0.26252
    -0.00579     0.11871     0.40545     0.46488     0.11632     0.58753     5.98139    23.59838    60.14561    85.43568    66.24676    32.67045    13.67927     4.77654     1.34274     0.35504     0.24930     0.35301     0.43588     0.45248     0.41892     0.36206     0.30275     0.25285     0.21697     0.19513     0.18504     0.18364     0.18798     0.19563     0.20484     0.21446     0.22383     0.23264     0.24082     0.24842     0.25554     0.26230     0.26882     0.27518
    -0.00220     0.04658     0.26044     0.46994     0.36129     0.09019     1.31891     8.38100    28.15285    66.24676    91.89801    72.08731    37.13511    16.49826     6.25626     1.97605     0.55260     0.26915     0.32764     0.41970     0.45951     0.44594     0.40082     0.34546     0.29404     0.25366     0.22634     0.21107     0.20545     0.20678     0.21256     0.22084     0.23022     0.23978     0.24902     0.25772     0.26583     0.27340     0.28053     0.28734
     0.00639     0.01788     0.14545     0.36873     0.46515     0.25901     0.19876     2.28161    10.96209    32.67045    72.08731    98.03515    77.69626    41.53732    19.39279     7.86183     2.72116     0.82409     0.32683     0.31497     0.40227     0.45955     0.46523     0.43359     0.38469     0.33409     0.29097     0.25921     0.23918     0.22933     0.22735     0.23085     0.23776     0.24651     0.25598     0.26545     0.27455     0.28312     0.29114     0.29867
     0.01524     0.01355     0.07534     0.24902     0.43092     0.42016     0.19154     0.44648     3.44355    13.67927    37.13511    77.69626   103.89137    83.09783    45.87178    22.34249     9.57534     3.56923     1.16841     0.42535     0.31919     0.38728     0.45513     0.47807     0.46061     0.42002     0.37228     0.32811     0.29308     0.26891     0.25502     0.24960     0.25052     0.25572     0.26349     0.27256     0.28205     0.29140     0.30035     0.30879
     0.02290     0.02005     0.04241     0.15376     0.33495     0.45258     0.35976     0.17856     0.83009     4.77654    16.49826    41.53732    83.09783   109.50180    88.31245    50.13588    25.33141    11.38145     4.51180     1.58359     0.56656     0.34354     0.37786     0.44856     0.48581     0.48239     0.45134     0.40812     0.36447     0.32734     0.29979     0.28219     0.27339     0.27156     0.27476     0.28126     0.28965     0.29892     0.30836     0.31758
     0.02929     0.02974     0.03350     0.09362     0.23456     0.39566     0.44481     0.30275     0.23115     1.34274     6.25626    19.39279    45.87178    88.31245   114.89487    93.35751    54.32879    28.34699    13.26694     5.54085     2.06711     0.75150     0.39054     0.37666     0.44197     0.48981     0.49957     0.47874     0.44135     0.39958     0.36152     0.33139     0.31054     0.29850     0.29387     0.29490     0.29987     0.30734     0.31616     0.32551
     0.03472     0.03917     0.03728     0.06372     0.15673     0.30645     0.43163     0.41915     0.26273     0.35504     1.97605     7.86183    22.34249    50.13588    93.35751   120.09395    98.24797    58.45079    31.37924    15.22045     6.64890     2.61614     0.98053     0.46209     0.38591     0.43727     0.49141     0.51287     0.50244     0.47183     0.43311     0.39519     0.36331     0.33974     0.32473     0.31734     0.31609     0.31936     0.32568     0.33384
     0.03951     0.04728     0.04626     0.05456     0.10758     0.22228     0.36439     0.44687     0.38576     0.24930     0.55260     2.72116     9.57534    25.33141    54.32879    98.24797   125.11850   102.99675    62.50295    34.42020    17.23217     7.82900     3.22767     1.25358     0.55963     0.40748     0.43614     0.49184     0.52307     0.52277     0.49956     0.46487     0.42806     0.39523     0.36951     0.35186     0.34183     0.33827     0.33970     0.34471
     0.04390     0.05408     0.05629     0.05731     0.08299     0.15942     0.28392     0.40720     0.44654     0.35301     0.26915     0.82409     3.56923    11.38145    28.34699    58.45079   102.99675   129.98497   107.61510    66.48680    37.46352    19.29360     9.07477     3.89860     1.57020     0.68418     0.44293     0.44008     0.49230     0.53093     0.54011     0.52462     0.49471     0.45987     0.42686     0.39958     0.37965     0.36719     0.36134     0.36088
     0.04803     0.05992     0.06555     0.06558     0.07563     0.12052     0.21405     0.33806     0.43588     0.43588     0.32764     0.32683     1.16841     4.51180    13.26694    31.37924    62.50295   107.61510   134.70737   112.11292    70.40417    40.50407    21.39737    10.38031     4.62582     1.92965     0.83645     0.49355     0.45044     0.49386     0.53720     0.55490     0.54717     0.52259     0.49047     0.45798     0.42971     0.40793     0.39325     0.38522
     0.05196     0.06517     0.07354     0.07552     0.07856     0.10165     0.16403     0.26758     0.38315     0.45248     0.41970     0.31497     0.42535     1.58359     5.54085    15.22045    34.42020    66.48680   112.11292   139.29775   116.49892    74.25705    43.53776    23.53707    11.74023     5.40628     2.33103     1.01689     0.56040     0.46836     0.49753     0.54260     0.56756     0.56740     0.54853     0.51972     0.48841     0.45971     0.43648     0.41986
     0.05573     0.07011     0.08038     0.08516     0.08658     0.09686     0.13419     0.21047     0.31741     0.41892     0.45951     0.40227     0.31919     0.56656     2.06711     6.64890    17.23217    37.46352    70.40417   116.49892   143.76658   120.78083    78.04751    46.56129    25.70713    13.14959     6.23699     2.77327     1.22574     0.64434     0.49488     0.50422     0.54784     0.57856     0.58555     0.57258     0.54757     0.51800     0.48939     0.46515
     0.05939     0.07487     0.08640     0.09377     0.09635     0.10062     0.12068     0.17143     0.25733     0.36206     0.44594     0.45955     0.38728     0.34354     0.75150     2.61614     7.82900    19.29360    40.50407    74.25705   120.78083   148.12301   124.96555    81.77768    49.57201    27.90267    14.60387     7.11505     3.25518     1.46302     0.74607     0.53089     0.51476     0.55357     0.58835     0.60186     0.59483     0.57399     0.54665     0.51863
     0.06294     0.07954     0.09190     0.10127     0.10608     0.10872     0.11857     0.14935     0.21154     0.30275     0.40082     0.46523     0.45513     0.37786     0.39054     0.98053     3.22767     9.07477    21.39737    43.53776    78.04751   124.96555   152.37509   129.05925    85.44965    52.56780    30.11943    16.09892     8.03767     3.77553     1.72866     0.86612     0.57715     0.52993     0.56041     0.59736     0.61661     0.61540     0.59898     0.57429
     0.06642     0.08412     0.09713     0.10789     0.11498     0.11841     0.12339     0.14058     0.18183     0.25285     0.34546     0.43359     0.47807     0.44856     0.37666     0.46209     1.25358     3.89860    10.38031    23.53707    46.56129    81.77768   129.05925   156.52995   133.06749    89.06547    55.54698    32.35369    17.63096     9.00220     4.33301     2.02242     1.00491     0.63436     0.55040     0.56895     0.60602     0.63007     0.63442     0.62257
     0.06984     0.08862     0.10222     0.11389     0.12289     0.12812     0.13176     0.14095     0.16630     0.21697     0.29404     0.38469     0.46061     0.48581     0.44197     0.38591     0.55963     1.57020     4.62582    11.74023    25.70713    49.57201    85.44965   133.06749   160.59395   136.99528    92.62714    58.50822    34.60215    19.19654    10.00610     4.92630     2.34399     1.16273     0.70308     0.57681     0.57973     0.61476     0.64251     0.65206
     0.07322     0.09304     0.10724     0.11953     0.12992     0.13714     0.14142     0.14685     0.16156     0.19513     0.25366     0.33409     0.42002     0.48239     0.48981     0.43727     0.40748     0.68418     1.92965     5.40628    13.14959    27.90267    52.56780    89.06547   136.99528   164.57278   140.84718    96.13660    61.45046    36.86195    20.79248    11.04695     5.55407     2.69296     1.33980     0.78380     0.60972     0.59327     0.62396     0.65421
     0.07657     0.09737     0.11221     0.12496     0.13631     0.14526     0.15107     0.15552     0.16409     0.18504     0.22634     0.29097     0.37228     0.45134     0.49957     0.49141     0.43614     0.44293     0.83645     2.33103     6.23699    14.60387    30.11943    55.54698    92.62714   140.84718   168.47154   144.62733    99.59570    64.37291    39.13056    22.41590    12.12246     6.21498     3.06887     1.53623     0.87696     0.64963     0.61003     0.63402
     0.07990     0.10161     0.11713     0.13030     0.14229     0.15256     0.16010     0.16518     0.17094     0.18364     0.21107     0.25921     0.32811     0.40812     0.47874     0.51287     0.49184     0.44008     0.49355     1.01689     2.77327     7.11505    16.09892    32.35369    58.50822    96.13660   144.62733   172.29486   148.33950   103.00624    67.27495    41.40573    24.06413    13.23046     6.90772     3.47119     1.75205     0.98289     0.69701     0.63046
     0.08322     0.10578     0.12199     0.13559     0.14802     0.15924     0.16832     0.17475     0.17991     0.18798     0.20545     0.23918     0.29308     0.36447     0.44135     0.50244     0.52307     0.49230     0.45044     0.56040     1.22574     3.25518     8.03767    17.63096    34.60215    61.45046    99.59570   148.33950   176.04692   151.98715   106.36990    70.15612    43.68550    25.73476    14.36891     7.63098     3.89937     1.98726     1.10189     0.75227
     0.08653     0.10990     0.12677     0.14083     0.15361     0.16548     0.17579     0.18374     0.18956     0.19563     0.20678     0.22933     0.26891     0.32734     0.39958     0.47183     0.52277     0.53093     0.49386     0.46836     0.64434     1.46302     3.77553     9.00220    19.19654    36.86195    64.37291   103.00624   151.98715   179.73154   155.57345   109.68833    73.01613    45.96814    27.42555    15.53585     8.38348     4.35280     2.24178     1.23418
     0.08983     0.11397     0.13149     0.14604     0.15915     0.17144     0.18266     0.19200     0.19904     0.20484     0.21256     0.22735     0.25502     0.29979     0.36152     0.43311     0.49956     0.54011     0.53720     0.49753     0.49488     0.74607     1.72866     4.33301    10.00610    20.79248    39.13056    67.27495   106.36990   155.57345   183.35219   159.10134   112.96307    75.85475    48.25211    29.13448    16.72948     9.16398     4.83088     2.51547
     0.09311     0.11800     0.13614     0.15119     0.16464     0.17726     0.18910     0.19955     0.20796     0.21446     0.22084     0.23085     0.24960     0.28219     0.33139     0.39519     0.46487     0.52462     0.55490     0.54260     0.50422     0.53089     0.86612     2.02242     4.92630    11.04695    22.41590    41.40573    70.15612   109.68833   159.10134   186.91206   162.57350   116.19560    78.67188    50.53605    30.85967    17.94806     9.97126     5.33295
     0.09639     0.12201     0.14072     0.15628     0.17010     0.18300     0.19526     0.20655     0.21619     0.22383     0.23022     0.23776     0.25052     0.27339     0.31054     0.36331     0.42806     0.49471     0.54717     0.56756     0.54784     0.51476     0.57715     1.00491     2.34399     5.55407    12.12246    24.06413    43.68550    73.01613   112.96307   162.57350   190.41408   165.99244   119.38734    81.46748    52.81875    32.59940    19.18998    10.80415
     0.09966     0.12599     0.14524     0.16131     0.17552     0.18869     0.20126     0.21314     0.22378     0.23264     0.23978     0.24651     0.25572     0.27156     0.29850     0.33974     0.39523     0.45987     0.52259     0.56740     0.57856     0.55357     0.52993     0.63436     1.16273     2.69296     6.21498    13.23046    25.73476    45.96814    75.85475   116.19560   165.99244   193.86094   169.36046   122.53962    84.24157    55.09917    34.35210    20.45370
     0.10290     0.12996     0.14972     0.16627     0.18089     0.19435     0.20717     0.21945     0.23086     0.24082     0.24902     0.25598     0.26349     0.27476     0.29387     0.32473     0.36951     0.42686     0.49047     0.54853     0.58555     0.58835     0.56041     0.55040     0.70308     1.33980     3.06887     6.90772    14.36891    27.42555    48.25211    78.67188   119.38734   169.36046   197.25514   172.67973   125.65372    86.99424    57.37635    36.11632
     0.10613     0.13391     0.15416     0.17116     0.18619     0.19997     0.21303     0.22560     0.23755     0.24842     0.25772     0.26545     0.27256     0.28126     0.29490     0.31734     0.35186     0.39958     0.45798     0.51972     0.57258     0.60186     0.59736     0.56895     0.57681     0.78380     1.53623     3.47119     7.63098    15.53585    29.13448    50.53605    81.46748   122.53962   172.67973   200.59899   175.95223   128.73085    89.72561    59.64946
     0.10934     0.13784     0.15857     0.17600     0.19144     0.20555     0.21885     0.23165     0.24398     0.25554     0.26583     0.27455     0.28205     0.28965     0.29987     0.31609     0.34183     0.37965     0.42971     0.48841     0.54757     0.59483     0.61661     0.60602     0.57973     0.60972     0.87696     1.75205     3.89937     8.38348    16.72948    30.85967    52.81875    84.24157   125.65372   175.95223   203.89461   179.17984   131.77218    92.43582
     0.11253     0.14176     0.16295     0.18078     0.19661     0.21107     0.22463     0.23764     0.25025     0.26230     0.27340     0.28312     0.29140     0.29892     0.30734     0.31936     0.33827     0.36719     0.40793     0.45971     0.51800     0.57399     0.61540     0.63007     0.61476     0.59327     0.64963     0.98289     1.98726     4.35280     9.16398    17.94806    32.59940    55.09917    86.99424   128.73085   179.17984   207.14402   182.36431   134.77881
     0.11570     0.14566     0.16731     0.18552     0.20173     0.21654     0.23038     0.24360     0.25642     0.26882     0.28053     0.29114     0.30035     0.30836     0.31616     0.32568     0.33970     0.36134     0.39325     0.43648     0.48939     0.54665     0.59898     0.63442     0.64251     0.62396     0.61003     0.69701     1.10189     2.24178     4.83088     9.97126    19.18998    34.35210    57.37635    89.72561   131.77218   182.36431   210.34905   185.50727
     0.11885     0.14953     0.17164     0.19023     0.20678     0.22193     0.23607     0.24951     0.26252     0.27518     0.28734     0.29867     0.30879     0.31758     0.32551     0.33384     0.34471     0.36088     0.38522     0.41986     0.46515     0.51863     0.57429     0.62257     0.65206     0.65421     0.63402     0.63046     0.75227     1.23418     2.51547     5.33295    10.80415    20.45370    36.11632    59.64946    92.43582   134.77881   185.50727   213.51145

 # S.p. Hamiltonian for channel  2 and configuration d1.5
    12.75854     7.60761    -0.04514    -0.70156    -0.32907    -0.06473     0.04476     0.07860     0.08347     0.07717     0.06560     0.05139     0.03659     0.02293     0.01163     0.00325    -0.00218    -0.00508    -0.00602    -0.00563    -0.00448    -0.00301    -0.00154    -0.00025     0.00076     0.00146     0.00189     0.00208     0.00210     0.00200     0.00183     0.00162     0.00141     0.00121     0.00103     0.00088     0.00077     0.00068     0.00061     0.00057
     7.60761    27.04389    16.86172     2.70089    -0.40098    -0.49611    -0.17963     0.01781     0.09117     0.10351     0.09467     0.08095     0.06697     0.05344     0.04048     0.02844     0.01788     0.00927     0.00284    -0.00143    -0.00380    -0.00466    -0.00443    -0.00352    -0.00229    -0.00098     0.00022     0.00121     0.00195     0.00244     0.00271     0.00279     0.00273     0.00259     0.00238     0.00215     0.00192     0.00171     0.00152     0.00135
    -0.04514    16.86172    38.57155    25.57108     6.48914     0.61002    -0.44510    -0.30481    -0.06717     0.06264     0.10578     0.10733     0.09492     0.08016     0.06634     0.05369     0.04194     0.03105     0.02128     0.01297     0.00637     0.00158    -0.00151    -0.00312    -0.00357    -0.00320    -0.00232    -0.00120    -0.00003     0.00103     0.00192     0.00258     0.00302     0.00327     0.00334     0.00329     0.00314     0.00293     0.00270     0.00246
    -0.70156     2.70089    25.57108    48.63168    33.64253    10.72000     2.13787    -0.12838    -0.35584    -0.15976     0.00970     0.09047     0.11193     0.10634     0.09231     0.07761     0.06434     0.05249     0.04167     0.03171     0.02273     0.01494     0.00857     0.00372     0.00038    -0.00161    -0.00248    -0.00250    -0.00193    -0.00102     0.00002     0.00105     0.00197     0.00271     0.00325     0.00360     0.00378     0.00381     0.00372     0.00356
    -0.32907    -0.40098     6.48914    33.64253    57.63207    41.16194    15.16058     4.05577     0.45059    -0.29497    -0.22834    -0.05305     0.06000     0.10592     0.11250     0.10239     0.08786     0.07380     0.06139     0.05041     0.04046     0.03134     0.02310     0.01589     0.00989     0.00521     0.00185    -0.00030    -0.00140    -0.00167    -0.00134    -0.00062     0.00028     0.00123     0.00212     0.00288     0.00347     0.00389     0.00413     0.00423
    -0.06473    -0.49611     0.61002    10.72000    41.16194    65.83842    48.22307    19.69389     6.26750     1.26708    -0.10916    -0.25340    -0.11250     0.01969     0.08974     0.11207     0.10925     0.09680     0.08257     0.06947     0.05804     0.04794     0.03880     0.03043     0.02286     0.01622     0.01063     0.00620     0.00295     0.00079    -0.00041    -0.00083    -0.00067    -0.00011     0.00067     0.00153     0.00237     0.00311     0.00372     0.00416
     0.04476    -0.17963    -0.44510     2.13787    15.16058    48.22307    73.42501    54.89605    24.25180     8.70047     2.29256     0.20383    -0.22264    -0.15778    -0.02426     0.06557     0.10498     0.11209     0.10383     0.09053     0.07707     0.06505     0.05460     0.04533     0.03693     0.02924     0.02228     0.01615     0.01099     0.00685     0.00377     0.00167     0.00045    -0.00005     0.00001     0.00045     0.00113     0.00191     0.00269     0.00340
     0.07860     0.01781    -0.30481    -0.12838     4.05577    19.69389    54.89605    80.50991    61.23425    28.79350    11.30047     3.50014     0.64109    -0.12865    -0.18037    -0.06598     0.03624     0.09193     0.11060     0.10841     0.09735     0.08415     0.07169     0.06076     0.05123     0.04272     0.03498     0.02790     0.02149     0.01585     0.01109     0.00726     0.00437     0.00239     0.00120     0.00068     0.00067     0.00103     0.00163     0.00233
     0.08347     0.09117    -0.06717    -0.35584     0.45059     6.26750    24.25180    61.23425    87.17812    67.28030    33.29444    14.02659     4.86567     1.19699     0.03261    -0.17394    -0.10034     0.00474     0.07412     0.10489     0.11020     0.10269     0.09055     0.07799     0.06662     0.05671     0.04800     0.04019     0.03305     0.02651     0.02060     0.01541     0.01103     0.00750     0.00484     0.00299     0.00186     0.00135     0.00131     0.00162
     0.07717     0.10351     0.06264    -0.15976    -0.29497     1.26708     8.70047    28.79350    67.28030    93.49360    73.06895    37.73995    16.84751     6.36790     1.86459     0.26288    -0.13384    -0.12302    -0.02604     0.05299     0.09536     0.10910     0.10627     0.09607     0.08388     0.07223     0.06192     0.05293     0.04497     0.03777     0.03116     0.02511     0.01966     0.01489     0.01087     0.00764     0.00520     0.00349     0.00246     0.00197
     0.06560     0.09467     0.10578     0.00970    -0.22834    -0.10916     2.29256    11.30047    33.29444    73.06895    99.50580    78.62888    42.12140    19.73891     7.98820     2.63637     0.56231    -0.05674    -0.13041    -0.05343     0.03007     0.08266     0.10517     0.10792     0.10049     0.08924     0.07759     0.06695     0.05762     0.04945     0.04215     0.03549     0.02937     0.02376     0.01873     0.01435     0.01067     0.00771     0.00549     0.00394
     0.05139     0.08095     0.10733     0.09047    -0.05305    -0.25340     0.20383     3.50014    14.02659    37.73995    78.62888   105.25381    83.98401    46.43403    22.68178     9.71037     3.50469     0.92999     0.05963    -0.11958    -0.07502     0.00690     0.06755     0.09865     0.10758     0.10366     0.09394     0.08263     0.07180     0.06215     0.05372     0.04626     0.03953     0.03335     0.02767     0.02248     0.01784     0.01381     0.01044     0.00776
     0.03659     0.06697     0.09492     0.11193     0.06000    -0.11250    -0.22264     0.64109     4.86567    16.84751    42.12140    83.98401   110.76909    89.15446    50.67560    25.66109    11.52033     4.46209     1.36429     0.21674    -0.08812    -0.08867    -0.01503     0.05085     0.08986     0.10528     0.10548     0.09784     0.08728     0.07647     0.06656     0.05784     0.05017     0.04333     0.03711     0.03137     0.02608     0.02127     0.01699     0.01330
     0.02293     0.05344     0.08016     0.10634     0.10592     0.01969    -0.15778    -0.12865     1.19699     6.36790    19.73891    46.43403    89.15446   116.07737    94.15739    54.84551    28.66493    13.40584     5.50140     1.86307     0.41542    -0.03413    -0.09251    -0.03432     0.03341     0.07923     0.10113     0.10590     0.10086     0.09144     0.08090     0.07084     0.06185     0.05396     0.04697     0.04066     0.03488     0.02953     0.02461     0.02016
     0.01163     0.04048     0.06634     0.09231     0.11250     0.08974    -0.02426    -0.18037     0.03261     1.86459     7.98820    22.68178    50.67560    94.15739   121.20004    99.00748    58.94420    31.68380    15.35629     6.61586     2.42388     0.65603     0.04390    -0.08488    -0.04967     0.01611     0.06720     0.09532     0.10493     0.10293     0.09505     0.08504     0.07499     0.06578     0.05765     0.05048     0.04406     0.03822     0.03283     0.02784
     0.00325     0.02844     0.05369     0.07761     0.10239     0.11207     0.06557    -0.06598    -0.17394     0.26288     2.63637     9.71037    25.66109    54.84551    99.00748   126.15504   103.71747    62.97287    34.71010    17.36244     7.79910     3.04408     0.93851     0.14713    -0.06437    -0.05987    -0.00024     0.05426     0.08806     0.10262     0.10401     0.09802     0.08885     0.07897     0.06963     0.06127     0.05390     0.04735     0.04143     0.03599
    -0.00218     0.01788     0.04194     0.06434     0.08786     0.10925     0.10498     0.03624    -0.10034    -0.13384     0.56231     3.50469    11.52033    28.66493    58.94420   103.71747   130.95763   108.29845    66.93311    37.73774    19.41624     9.04523     3.72090     1.26248     0.27644    -0.02975    -0.06382    -0.01481     0.04092     0.07961     0.09906     0.10408     0.10032     0.09226     0.08275     0.07339     0.06484     0.05726     0.05055     0.04453
    -0.00508     0.00927     0.03105     0.05249     0.07380     0.09680     0.11209     0.09193     0.00474    -0.12302    -0.05674     0.92999     4.46209    13.40584    31.68380    62.97287   108.29845   135.62091   112.76016    70.82682    40.76180    21.51068    10.34878     4.45155     1.62735     0.43242     0.02001    -0.06052    -0.02685     0.02768     0.07024     0.09437     0.10317     0.10191     0.09522     0.08630     0.07703     0.06835     0.06058     0.05369
    -0.00602     0.00284     0.02128     0.04167     0.06139     0.08257     0.10383     0.11060     0.07412    -0.02604    -0.13041     0.05963     1.36429     5.50140    15.35629    34.71010    66.93311   112.76016   140.15620   117.11118    74.65604    43.77834    23.63966    11.70468     5.23326     2.03232     0.61550     0.08578    -0.04907    -0.03563     0.01504     0.06026     0.08868     0.10131     0.10278     0.09771     0.08957     0.08054     0.07181     0.06386
    -0.00563    -0.00143     0.01297     0.03171     0.05041     0.06947     0.09053     0.10841     0.10489     0.05299    -0.05343    -0.11958     0.21674     1.86307     6.61586    17.36244    37.73774    70.82682   117.11118   144.57337   121.35914    78.42288    46.78419    25.79782    13.10829     6.06327     2.47646     0.82588     0.16831    -0.02865    -0.04045     0.00349     0.04996     0.08215     0.09856     0.10291     0.09969     0.09253     0.08389     0.07519
    -0.00448    -0.00380     0.00637     0.02273     0.04046     0.05804     0.07707     0.09735     0.11020     0.09536     0.03007    -0.07502    -0.08812     0.41542     2.42388     7.79910    19.41624    40.76180    74.65604   121.35914   148.88110   125.51083    82.12948    49.77681    27.98049    14.55531     6.93892     2.95872     1.06363     0.26819     0.00147    -0.04067    -0.00650     0.03966     0.07496     0.09500     0.10233     0.10114     0.09515     0.08705
    -0.00301    -0.00466     0.00158     0.01494     0.03134     0.04794     0.06505     0.08415     0.10269     0.10910     0.08266     0.00690    -0.08867    -0.03413     0.65603     3.04408     9.04523    21.51068    43.77834    78.42288   125.51083   153.08706   129.57234    85.77794    52.75416    30.18355    16.04183     7.85761     3.47798     1.32868     0.38589     0.04194    -0.03571    -0.01445     0.02967     0.06729     0.09071     0.10106     0.10205     0.09741
    -0.00154    -0.00443    -0.00151     0.00857     0.02310     0.03880     0.05460     0.07169     0.09055     0.10627     0.10517     0.06755    -0.01503    -0.09251     0.04390     0.93851     3.72090    10.34878    23.63966    46.78419    82.12948   129.57234   157.19805   133.54917    89.37035    55.71462    32.40340    17.56423     8.81686     4.03307     1.62085     0.52179     0.09331    -0.02500    -0.01993     0.02030     0.05933     0.08581     0.09914     0.10242
    -0.00025    -0.00352    -0.00312     0.00372     0.01589     0.03043     0.04533     0.06076     0.07799     0.09607     0.10792     0.09865     0.05085    -0.03432    -0.08488     0.14713     1.26248     4.45155    11.70468    25.79782    49.77681    85.77794   133.54917   161.22015   137.44626    92.90872    58.65692    34.63689    19.11919     9.81428     4.62278     1.93987     0.67618     0.15611    -0.00803    -0.02251     0.01186     0.05128     0.08038     0.09662
     0.00076    -0.00229    -0.00357     0.00038     0.00989     0.02286     0.03693     0.05123     0.06662     0.08388     0.10049     0.10758     0.08986     0.03341    -0.04967    -0.06437     0.27644     1.62735     5.23326    13.10829    27.98049    52.75416    89.37035   137.44626   165.15883   141.26812    96.39498    61.58004    36.88121    20.70369    10.84758     5.24587     2.28540     0.84924     0.23075     0.01567    -0.02180     0.00463     0.04333     0.07456
     0.00146    -0.00098    -0.00320    -0.00161     0.00521     0.01622     0.02924     0.04272     0.05671     0.07223     0.08924     0.10366     0.10528     0.07923     0.01611    -0.05987    -0.02975     0.43242     2.03232     6.06327    14.55531    30.18355    55.71462    92.90872   141.26812   169.01902   145.01883    99.83101    64.48323    39.13391    22.31493    11.91460     5.90113     2.65701     1.04111     0.31762     0.04654    -0.01739    -0.00107     0.03569
     0.00189     0.00022    -0.00232    -0.00248     0.00185     0.01063     0.02228     0.03498     0.04800     0.06192     0.07759     0.09394     0.10548     0.10113     0.06720    -0.00024    -0.06382     0.02001     0.61550     2.47646     6.93892    16.04183    32.40340    58.65692    96.39498   145.01883   172.80515   148.70213   103.21859    67.36590    41.39284    23.95036    13.01327     6.58730     3.05425     1.25182     0.41703     0.08496    -0.00894    -0.00496
     0.00208     0.00121    -0.00120    -0.00250    -0.00030     0.00620     0.01615     0.02790     0.04019     0.05293     0.06695     0.08263     0.09784     0.10590     0.09532     0.05426    -0.01481    -0.06052     0.08578     0.82588     2.95872     7.85761    17.56423    34.63689    61.58004    99.83101   148.70213   176.52129   152.32144   106.55944    70.22764    43.65606    25.60764    14.14164     7.30318     3.47660     1.48138     0.52926     0.13131     0.00390
     0.00210     0.00195    -0.00003    -0.00193    -0.00140     0.00295     0.01099     0.02149     0.03305     0.04497     0.05762     0.07180     0.08728     0.10086     0.10493     0.08806     0.04092    -0.02685    -0.04907     0.16831     1.06363     3.47798     8.81686    19.11919    36.88121    64.48323   103.21859   152.32144   180.17113   155.87990   109.85520    73.06814    45.92191    27.28462    15.29786     8.04756     3.92353     1.72974     0.65451     0.18589
     0.00200     0.00244     0.00103    -0.00102    -0.00167     0.00079     0.00685     0.01585     0.02651     0.03777     0.04945     0.06215     0.07647     0.09144     0.10293     0.10262     0.07961     0.02768    -0.03563    -0.02865     0.26819     1.32868     4.03307     9.81428    20.70369    39.13391    67.36590   106.55944   155.87990   183.75804   159.38041   113.10740    75.88724    48.18887    28.97932    16.48017     8.81927     4.39446     1.99678     0.79297
     0.00183     0.00271     0.00192     0.00002    -0.00134    -0.00041     0.00377     0.01109     0.02060     0.03116     0.04215     0.05372     0.06656     0.08090     0.09505     0.10401     0.09906     0.07024     0.01504    -0.04045     0.00147     0.38589     1.62085     4.62278    10.84758    22.31493    41.39284    70.22764   109.85520   159.38041   187.28512   162.82565   116.31755    78.68484    50.45564    30.68993    17.68692     9.61716     4.88881     2.28238
     0.00162     0.00279     0.00258     0.00105    -0.00062    -0.00083     0.00167     0.00726     0.01541     0.02511     0.03549     0.04626     0.05784     0.07084     0.08504     0.09802     0.10408     0.09437     0.06026     0.00349    -0.04067     0.04194     0.52179     1.93987     5.24587    11.91460    23.95036    43.65606    73.06814   113.10740   162.82565   190.75522   166.21808   119.48705    81.46091    52.72104    32.41477    18.91654    10.44011     5.40598
     0.00141     0.00273     0.00302     0.00197     0.00028    -0.00067     0.00045     0.00437     0.01103     0.01966     0.02937     0.03953     0.05017     0.06185     0.07499     0.08885     0.10032     0.10317     0.08868     0.04996    -0.00650    -0.03571     0.09331     0.67618     2.28540     5.90113    13.01327    25.60764    45.92191    75.88724   116.31755   166.21808   194.17098   169.56000   122.61725    84.21550    54.98405    34.15233    20.16757    11.28703
     0.00121     0.00259     0.00327     0.00271     0.00123    -0.00011    -0.00005     0.00239     0.00750     0.01489     0.02376     0.03335     0.04333     0.05396     0.06578     0.07897     0.09226     0.10191     0.10131     0.08215     0.03966    -0.01445    -0.02500     0.15611     0.84924     2.65701     6.58730    14.14164    27.28462    48.18887    78.68484   119.48705   169.56000   197.53483   172.85355   125.70943    86.94870    57.24374    35.90119    21.43860
     0.00103     0.00238     0.00334     0.00325     0.00212     0.00067     0.00001     0.00120     0.00484     0.01087     0.01873     0.02767     0.03711     0.04697     0.05765     0.06963     0.08275     0.09522     0.10278     0.09856     0.07496     0.02967    -0.01993    -0.00803     0.23075     1.04111     3.05425     7.30318    15.29786    28.97932    50.45564    81.46091   122.61725   172.85355   200.84902   176.10071   128.76480    89.66064    59.49931    37.66006
     0.00088     0.00215     0.00329     0.00360     0.00288     0.00153     0.00045     0.00068     0.00299     0.00764     0.01435     0.02248     0.03137     0.04066     0.05048     0.06127     0.07339     0.08630     0.09771     0.10291     0.09500     0.06729     0.02030    -0.02251     0.01567     0.31762     1.25182     3.47660     8.04756    16.48017    30.68993    52.72104    84.21550   125.70943   176.10071   204.11564   179.30333   131.78453    92.35148    61.75004
     0.00077     0.00192     0.00314     0.00378     0.00347     0.00237     0.00113     0.00067     0.00186     0.00520     0.01067     0.01784     0.02608     0.03488     0.04406     0.05390     0.06484     0.07703     0.08957     0.09969     0.10233     0.09071     0.05933     0.01186    -0.02180     0.04654     0.41703     1.48138     3.92353     8.81927    17.68692    32.41477    54.98405    86.94870   128.76480   179.30333   207.33665   182.46316   134.76973    95.02144
     0.00068     0.00171     0.00293     0.00381     0.00389     0.00311     0.00191     0.00103     0.00135     0.00349     0.00771     0.01381     0.02127     0.02953     0.03822     0.04735     0.05726     0.06835     0.08054     0.09253     0.10114     0.10106     0.08581     0.05128     0.00463    -0.01739     0.08496     0.52926     1.72974     4.39446     9.61716    18.91654    34.15233    57.24374    89.66064   131.78453   182.46316   210.51387   185.58180   137.72145
     0.00061     0.00152     0.00270     0.00372     0.00413     0.00372     0.00269     0.00163     0.00131     0.00246     0.00549     0.01044     0.01699     0.02461     0.03283     0.04143     0.05055     0.06058     0.07181     0.08389     0.09515     0.10205     0.09914     0.08038     0.04333    -0.00107    -0.00894     0.13131     0.65451     1.99678     4.88881    10.44011    20.16757    35.90119    59.49931    92.35148   134.76973   185.58180   213.64900   188.66079
     0.00057     0.00135     0.00246     0.00356     0.00423     0.00416     0.00340     0.00233     0.00162     0.00197     0.00394     0.00776     0.01330     0.02016     0.02784     0.03599     0.04453     0.05369     0.06386     0.07519     0.08705     0.09741     0.10242     0.09662     0.07456     0.03569    -0.00496     0.00390     0.18589     0.79297     2.28238     5.40598    11.28703    21.43860    37.66006    61.75004    95.02144   137.72145   188.66079   216.74363

 # S.p. Hamiltonian for channel  3 and configuration d2.5
     4.70655     3.38885    -1.07476    -0.21966     0.52673     0.64262     0.46338     0.24358     0.08227    -0.00772    -0.04450    -0.05023    -0.04170    -0.02913    -0.01760    -0.00898    -0.00343    -0.00038     0.00091     0.00114     0.00079     0.00023    -0.00035    -0.00085    -0.00122    -0.00146    -0.00159    -0.00163    -0.00160    -0.00153    -0.00144    -0.00133    -0.00122    -0.00112    -0.00102    -0.00094    -0.00087    -0.00081    -0.00076    -0.00072
     3.38885    21.85088    13.34440     1.25234    -0.43174     0.12216     0.55451     0.60208     0.44802     0.25573     0.10251     0.00677    -0.04019    -0.05454    -0.05098    -0.03994    -0.02760    -0.01702    -0.00923    -0.00419    -0.00136    -0.00010     0.00017    -0.00011    -0.00062    -0.00116    -0.00163    -0.00199    -0.00223    -0.00236    -0.00239    -0.00236    -0.00228    -0.00217    -0.00205    -0.00192    -0.00179    -0.00168    -0.00157    -0.00147
    -1.07476    13.34440    34.40415    22.38720     4.81696     0.20497    -0.09328     0.34100     0.56942     0.54312     0.39333     0.22595     0.09245     0.00606    -0.03913    -0.05525    -0.05414    -0.04481    -0.03310    -0.02224    -0.01363    -0.00755    -0.00374    -0.00168    -0.00082    -0.00073    -0.00104    -0.00151    -0.00199    -0.00241    -0.00272    -0.00291    -0.00301    -0.00302    -0.00298    -0.00288    -0.00276    -0.00263    -0.00249    -0.00235
    -0.21966     1.25234    22.38720    45.00266    30.70458     8.95928     1.48719    -0.00714     0.16053     0.45766     0.54956     0.47432     0.32943     0.18420     0.07118    -0.00219    -0.04124    -0.05565    -0.05494    -0.04659    -0.03565    -0.02512    -0.01642    -0.00998    -0.00569    -0.00314    -0.00188    -0.00147    -0.00158    -0.00194    -0.00238    -0.00280    -0.00314    -0.00339    -0.00353    -0.00358    -0.00356    -0.00349    -0.00338    -0.00325
     0.52673    -0.43174     4.81696    30.70458    54.37295    38.42617    13.37388     3.23860     0.38055     0.08323     0.33144     0.50085     0.50394     0.40207     0.26619     0.14141     0.04738    -0.01288    -0.04465    -0.05598    -0.05460    -0.04667    -0.03641    -0.02641    -0.01798    -0.01156    -0.00712    -0.00434    -0.00284    -0.00222    -0.00216    -0.00242    -0.00280    -0.00320    -0.00355    -0.00381    -0.00398    -0.00406    -0.00407    -0.00402
     0.64262     0.12216     0.20497     8.95928    38.42617    62.85526    45.65332    17.90949     5.33431     1.04105     0.13711     0.23089     0.42611     0.49488     0.44364     0.33124     0.20772     0.10189     0.02482    -0.02344    -0.04812    -0.05605    -0.05359    -0.04577    -0.03607    -0.02665    -0.01865    -0.01246    -0.00808    -0.00525    -0.00364    -0.00290    -0.00273    -0.00290    -0.00322    -0.00359    -0.00393    -0.00420    -0.00438    -0.00448
     0.46338     0.55451    -0.09328     1.48719    13.37388    45.65332    70.65602    52.46421    22.48384     7.68553     1.94024     0.33021     0.17985     0.34744     0.46048     0.45845     0.37733     0.26502     0.15575     0.06727     0.00505    -0.03267    -0.05097    -0.05569    -0.05208    -0.04424    -0.03503    -0.02620    -0.01869    -0.01285    -0.00866    -0.00590    -0.00428    -0.00348    -0.00325    -0.00335    -0.00363    -0.00397    -0.00429    -0.00455
     0.24358     0.60208     0.34100    -0.00714     3.23860    17.90949    52.46421    77.91299    58.91933    27.04953    10.22777     3.04561     0.66097     0.19193     0.28080     0.41256     0.45238     0.40529     0.31096     0.20528     0.11086     0.03801    -0.01137    -0.04009    -0.05290    -0.05481    -0.05016    -0.04230    -0.03353    -0.02529    -0.01831    -0.01288    -0.00895    -0.00633    -0.00476    -0.00397    -0.00371    -0.00377    -0.00401    -0.00432
     0.08227     0.44802     0.56942     0.16053     0.38055     5.33431    22.48384    58.91933    84.72358    65.06632    31.57841    12.91324     4.32821     1.12331     0.27442     0.23750     0.36087     0.43147     0.41741     0.34499     0.24834     0.15292     0.07301     0.01400    -0.02444    -0.04559    -0.05382    -0.05339    -0.04790    -0.04006    -0.03174    -0.02408    -0.01765    -0.01264    -0.00902    -0.00659    -0.00512    -0.00437    -0.00410    -0.00415
    -0.00772     0.25573     0.54312     0.45766     0.08323     1.04105     7.68553    27.04953    65.06632    91.15954    70.94335    36.05366    15.70586     5.76284     1.70908     0.43062     0.22543     0.31326     0.40135     0.41654     0.36765     0.28391     0.19168     0.10815     0.04182    -0.00515    -0.03438    -0.04928    -0.05377    -0.05148    -0.04537    -0.03764    -0.02979    -0.02269    -0.01680    -0.01224    -0.00893    -0.00672    -0.00538    -0.00468
    -0.04450     0.10251     0.39333     0.54956     0.33144     0.13711     1.94024    10.22777    31.57841    70.94335    97.27550    76.58152    40.46539    18.57801     7.32783     2.40941     0.66137     0.24998     0.27594     0.36699     0.40572     0.38007     0.31170     0.22600     0.14199     0.07071     0.01667    -0.01998    -0.04154    -0.05135    -0.05287    -0.04916    -0.04265    -0.03512    -0.02774    -0.02121    -0.01584    -0.01172    -0.00874    -0.00675
    -0.05023     0.00677     0.22595     0.47432     0.50085     0.23089     0.33021     3.04561    12.91324    36.05366    76.58152   103.11408    82.00653    44.80810    21.50834     9.00459     3.21538     0.96589     0.31477     0.25375     0.33266     0.38786     0.38371     0.33195     0.25530     0.17350     0.09955     0.04005    -0.00312    -0.03104    -0.04631    -0.05205    -0.05126    -0.04652    -0.03981    -0.03255    -0.02567    -0.01969    -0.01484    -0.01113
    -0.04170    -0.04019     0.09245     0.32943     0.50394     0.42611     0.17985     0.66097     4.32821    15.70586    40.46539    82.00653   108.70934    87.23992    49.07912    24.48016    10.77716     4.11829     1.34240     0.42208     0.25048     0.30201     0.36569     0.38017     0.34522     0.27936     0.20201     0.12747     0.06412     0.01548    -0.01828    -0.03892    -0.04909    -0.05162    -0.04910    -0.04365    -0.03691    -0.02999    -0.02362    -0.01818
    -0.02913    -0.05454     0.00606     0.18420     0.40207     0.49488     0.34744     0.19193     1.12331     5.76284    18.57801    44.80810    87.23992   114.08893    92.29990    53.27760    27.48033    12.63184     5.10994     1.78847     0.57321     0.26902     0.27811     0.34169     0.37104     0.35226     0.29825     0.22711     0.15383     0.08820     0.03520    -0.00375    -0.02950    -0.04415    -0.05025    -0.05030    -0.04651    -0.04065    -0.03401    -0.02749
    -0.01760    -0.05098    -0.03913     0.07118     0.26619     0.44364     0.46048     0.28080     0.27442     1.70908     7.32783    21.50834    49.07912    92.29990   119.27570    97.20204    57.40389    30.49846    14.55684     6.18263     2.30128     0.76876     0.31161     0.26351     0.31806     0.35788     0.35392     0.31221     0.24861     0.17816     0.11170     0.05548     0.01210    -0.01838    -0.03742    -0.04721    -0.05011    -0.04830    -0.04364    -0.03758
    -0.00898    -0.03994    -0.05525    -0.00219     0.14141     0.33124     0.45845     0.41256     0.23750     0.43062     2.40941     9.00459    24.48016    53.27760    97.20204   124.28874   101.95977    61.45910    33.52627    16.54198     7.32923     2.87780     1.00875     0.37989     0.26038     0.29676     0.34216     0.35110     0.32163     0.26648     0.20018     0.13419     0.07585     0.02884    -0.00589    -0.02913    -0.04263    -0.04853    -0.04896    -0.04580
    -0.00343    -0.02760    -0.05414    -0.04124     0.04738     0.20772     0.37733     0.45238     0.36087     0.22543     0.66137     3.21538    10.77716    27.48033    57.40389   101.95977   129.14422   106.58475    65.44483    36.55714    18.57849     8.54314     3.51489     1.29283     0.47508     0.27049     0.27953     0.32525     0.34470     0.32695     0.28081     0.21969     0.15534     0.09592     0.04608     0.00765    -0.01950    -0.03665    -0.04564    -0.04849
    -0.00038    -0.01702    -0.04481    -0.05565    -0.01288     0.10189     0.26502     0.40529     0.43147     0.31326     0.24998     0.96589     4.11829    12.63184    30.49846    61.45910   106.58475   133.85596   111.08718    69.36299    39.58576    20.65874     9.81832     4.20940     1.62034     0.59801     0.29531     0.26788     0.30841     0.33562     0.32868     0.29177     0.23663     0.17491     0.11537     0.06350     0.02193    -0.00878    -0.02942    -0.04152
     0.00091    -0.00923    -0.03310    -0.05494    -0.04465     0.02482     0.15575     0.31096     0.41741     0.40135     0.27594     0.31477     1.34240     5.10994    14.55684    33.52627    65.44483   111.08718   138.43587   115.47604    73.21564    42.60789    22.77612    11.14922     4.95820     1.99037     0.74924     0.33604     0.26315     0.29279     0.32470     0.32735     0.29960     0.25100     0.19274     0.13396     0.08082     0.03671     0.00282    -0.02111
     0.00114    -0.00419    -0.02224    -0.04659    -0.05598    -0.02344     0.06727     0.20528     0.34499     0.41654     0.36699     0.25375     0.42208     1.78847     6.18263    16.54198    36.55714    69.36299   115.47604   142.89431   119.75927    77.00493    45.62011    24.92488    12.53075     5.75825     2.40189     0.92907     0.39368     0.26650     0.27946     0.31277     0.32351     0.30457     0.26287     0.20875     0.15149     0.09781     0.05173     0.01509
     0.00079    -0.00136    -0.01363    -0.03565    -0.05460    -0.04812     0.00505     0.11086     0.24834     0.36765     0.40572     0.33266     0.25048     0.57321     2.30128     7.32923    18.57849    39.58576    73.21564   119.75927   147.24035   123.94396    80.73305    48.61970    27.10000    13.95828     6.60658     2.85370     1.13760     0.46900     0.27895     0.26938     0.30058     0.31767     0.30699     0.27233     0.22289     0.16783     0.11426     0.06679
     0.00023    -0.00010    -0.00755    -0.02512    -0.04667    -0.05605    -0.03267     0.03801     0.15292     0.28391     0.38007     0.38786     0.30201     0.26902     0.76876     2.87780     8.54314    20.65874    42.60789    77.00493   123.94396   151.48201   128.03644    84.40216    51.60447    29.29709    15.42756     7.50036     3.34456     1.37478     0.56263     0.30135     0.26340     0.28887     0.31037     0.30719     0.27955     0.23516     0.18288     0.13003
    -0.00035     0.00017    -0.00374    -0.01642    -0.03641    -0.05359    -0.05097    -0.01137     0.07301     0.19168     0.31170     0.38371     0.36569     0.27811     0.31161     1.00875     3.51489     9.81832    22.77612    45.62011    80.73305   128.03644   155.62638   132.04239    88.01438    54.57269    31.51233    16.93471     8.43686     3.87316     1.64041     0.67504     0.33448     0.26231     0.27830     0.30210     0.30548     0.28468     0.24562     0.19658
    -0.00085    -0.00011    -0.00168    -0.00998    -0.02641    -0.04577    -0.05569    -0.04009     0.01400     0.10815     0.22600     0.33195     0.38017     0.34169     0.26351     0.37989     1.29283     4.20940    11.14922    24.92488    48.61970    84.40216   132.04239   159.67977   135.96694    91.57175    57.52297    33.74235    18.47619     9.41350     4.43816     1.93419     0.80658     0.37899     0.26683     0.26950     0.29337     0.30221     0.28791     0.25431
    -0.00122    -0.00062    -0.00082    -0.00569    -0.01798    -0.03607    -0.05208    -0.05290    -0.02444     0.04182     0.14199     0.25530     0.34522     0.37104     0.31806     0.26038     0.47508     1.62034     4.95820    12.53075    27.10000    51.60447    88.01438   135.96694   163.64787   139.81474    95.07628    60.45424    35.98419    20.04875    10.42780     5.03822     2.25575     0.95750     0.43543     0.27758     0.26306     0.28463     0.29770     0.28945
    -0.00146    -0.00116    -0.00073    -0.00314    -0.01156    -0.02665    -0.04424    -0.05481    -0.04559    -0.00515     0.07071     0.17350     0.27936     0.35226     0.35788     0.29676     0.27049     0.59801     1.99037     5.75825    13.95828    29.29709    54.57269    91.57175   139.81474   167.53578   143.59002    98.52987    63.36568    38.23528    21.64945    11.47744     5.67197     2.60461     1.12795     0.50427     0.29515     0.25953     0.27633     0.29228
    -0.00159    -0.00163    -0.00104    -0.00188    -0.00712    -0.01865    -0.03503    -0.05016    -0.05382    -0.03438     0.01667     0.09955     0.20201     0.29825     0.35392     0.34216     0.27953     0.29531     0.74924     2.40189     6.60658    15.42756    31.51233    57.52297    95.07628   143.59002   171.34810   147.29663   101.93434    66.25666    40.49331    23.27556    12.56019     6.33808     2.98026     1.31799     0.58590     0.32003     0.25938     0.26889
    -0.00163    -0.00199    -0.00151    -0.00147    -0.00434    -0.01246    -0.02620    -0.04230    -0.05339    -0.04928    -0.01998     0.04005     0.12747     0.22711     0.31221     0.35110     0.32525     0.26788     0.33604     0.92907     2.85370     7.50036    16.93471    33.74235    60.45424    98.52987   147.29663   175.08903   150.93810   105.29145    69.12672    42.75627    24.92462    13.67398     7.03522     3.38214     1.52764     0.68064     0.35270     0.26310
    -0.00160    -0.00223    -0.00199    -0.00158    -0.00284    -0.00808    -0.01869    -0.03353    -0.04790    -0.05377    -0.04154    -0.00312     0.06412     0.15383     0.24861     0.32163     0.34470     0.30841     0.26315     0.39368     1.13760     3.34456     8.43686    18.47619    35.98419    63.36568   101.93434   150.93810   178.76239   154.51767   108.60286    71.97554    45.02240    26.59436    14.81683     7.76211     3.80966     1.75682     0.78877     0.39354
    -0.00153    -0.00236    -0.00241    -0.00194    -0.00222    -0.00525    -0.01285    -0.02529    -0.04006    -0.05148    -0.05135    -0.03104     0.01548     0.08820     0.17816     0.26648     0.32695     0.33562     0.29279     0.26650     0.46900     1.37478     3.87316     9.41350    20.04875    38.23528    66.25666   105.29145   154.51767   182.37164   158.03831   111.87017    74.80291    47.29013    28.28269    15.98688     8.51747     4.26220     2.00543     0.91049
    -0.00144    -0.00239    -0.00272    -0.00238    -0.00216    -0.00364    -0.00866    -0.01831    -0.03174    -0.04537    -0.05287    -0.04631    -0.01828     0.03520     0.11170     0.20018     0.28081     0.32868     0.32470     0.27946     0.27895     0.56263     1.64041     4.43816    10.42780    21.64945    40.49331    69.12672   108.60286   158.03831   185.91999   161.50277   115.09489    77.60872    49.55806    29.98771    17.18238     9.30007     4.73912     2.27331
    -0.00133    -0.00236    -0.00291    -0.00280    -0.00242    -0.00290    -0.00590    -0.01288    -0.02408    -0.03764    -0.04916    -0.05205    -0.03892    -0.00375     0.05548     0.13419     0.21969     0.29177     0.32735     0.31277     0.26938     0.30135     0.67504     1.93419     5.03822    11.47744    23.27556    42.75627    71.97554   111.87017   161.50277   189.41038   164.91358   118.27846    80.39293    51.82499    31.70768    18.40169    10.10873     5.23976
    -0.00122    -0.00228    -0.00301    -0.00314    -0.00280    -0.00273    -0.00428    -0.00895    -0.01765    -0.02979    -0.04265    -0.05126    -0.04909    -0.02950     0.01210     0.07585     0.15534     0.23663     0.29960     0.32351     0.30058     0.26340     0.33448     0.80658     2.25575     5.67197    12.56019    24.92462    45.02240    74.80291   115.09489   164.91358   192.84550   168.27311   121.42225    83.15556    54.08982    33.44100    19.64324    10.94228
    -0.00112    -0.00217    -0.00302    -0.00339    -0.00320    -0.00290    -0.00348    -0.00633    -0.01264    -0.02269    -0.03512    -0.04652    -0.05162    -0.04415    -0.01838     0.02884     0.09592     0.17491     0.25100     0.30457     0.31767     0.28887     0.26231     0.37899     0.95750     2.60461     6.33808    13.67398    26.59436    47.29013    77.60872   118.27846   168.27311   196.22786   171.58354   124.52756    85.89671    56.35161    35.18618    20.90558
    -0.00102    -0.00205    -0.00298    -0.00353    -0.00355    -0.00322    -0.00325    -0.00476    -0.00902    -0.01680    -0.02774    -0.03981    -0.04910    -0.05025    -0.03742    -0.00589     0.04608     0.11537     0.19274     0.26287     0.30699     0.31037     0.27830     0.26683     0.43543     1.12795     2.98026     7.03522    14.81683    28.28269    49.55806    80.39293   121.42225   171.58354   199.55978   174.84691   127.59565    88.61650    58.60950    36.94189
    -0.00094    -0.00192    -0.00288    -0.00358    -0.00381    -0.00359    -0.00335    -0.00397    -0.00659    -0.01224    -0.02121    -0.03255    -0.04365    -0.05030    -0.04721    -0.02913     0.00765     0.06350     0.13396     0.20875     0.27233     0.30719     0.30210     0.26950     0.27758     0.50427     1.31799     3.38214     7.76211    15.98688    29.98771    51.82499    83.15556   124.52756   174.84691   202.84340   178.06511   130.62769    91.31508    60.86275
    -0.00087    -0.00179    -0.00276    -0.00356    -0.00398    -0.00393    -0.00363    -0.00371    -0.00512    -0.00893    -0.01584    -0.02567    -0.03691    -0.04651    -0.05011    -0.04263    -0.01950     0.02193     0.08082     0.15149     0.22289     0.27955     0.30548     0.29337     0.26306     0.29515     0.58590     1.52764     3.80966     8.51747    17.18238    31.70768    54.08982    85.89671   127.59565   178.06511   206.08072   181.23992   133.62480    93.99266
    -0.00081    -0.00168    -0.00263    -0.00349    -0.00406    -0.00420    -0.00397    -0.00377    -0.00437    -0.00672    -0.01172    -0.01969    -0.02999    -0.04065    -0.04830    -0.04853    -0.03665    -0.00878     0.03671     0.09781     0.16783     0.23516     0.28468     0.30221     0.28463     0.25953     0.32003     0.68064     1.75682     4.26220     9.30007    18.40169    33.44100    56.35161    88.61650   130.62769   181.23992   209.27361   184.37299   136.58808
    -0.00076    -0.00157    -0.00249    -0.00338    -0.00407    -0.00438    -0.00429    -0.00401    -0.00410    -0.00538    -0.00874    -0.01484    -0.02362    -0.03401    -0.04364    -0.04896    -0.04564    -0.02942     0.00282     0.05173     0.11426     0.18288     0.24562     0.28791     0.29770     0.27633     0.25938     0.35270     0.78877     2.00543     4.73912    10.10873    19.64324    35.18618    58.60950    91.31508   133.62480   184.37299   212.42382   187.46589
    -0.00072    -0.00147    -0.00235    -0.00325    -0.00402    -0.00448    -0.00455    -0.00432    -0.00415    -0.00468    -0.00675    -0.01113    -0.01818    -0.02749    -0.03758    -0.04580    -0.04849    -0.04152    -0.02111     0.01509     0.06679     0.13003     0.19658     0.25431     0.28945     0.29228     0.26889     0.26310     0.39354     0.91049     2.27331     5.23976    10.94228    20.90558    36.94189    60.86275    93.99266   136.58808   187.46589   215.53296

 # S.p. Hamiltonian for channel  1 and configuration s0.5
   -22.74648    -4.75760     1.23445     2.97103     2.76780
    -4.75760     0.59356     3.28474     2.97481     3.17801
     1.23445     3.28474     9.58373     9.74618     6.82800
     2.97103     2.97481     9.74618    16.47795    15.30377
     2.76780     3.17801     6.82800    15.30377    22.04086

 # S.p. Hamiltonian for channel  2 and configuration d1.5
     8.34796     5.40170     2.56822     1.69664     1.38772
     5.40170    14.01699    11.55931     6.87854     4.33889
     2.56822    11.55931    19.54835    16.76578    10.92320
     1.69664     6.87854    16.76578    24.35804    21.30670
     1.38772     4.33889    10.92320    21.30670    28.65716

 # S.p. Hamiltonian for channel  3 and configuration d2.5
     3.18578     1.23684     0.30891     1.03913     1.71319
     1.23684     9.68427     8.28369     4.96885     3.61530
     0.30891     8.28369    16.22258    14.05697     9.11794
     1.03913     4.96885    14.05697    21.51027    18.84534
     1.71319     3.61530     9.11794    18.84534    26.06327

 # S.p. Hamiltonian for channel  1 and configuration s0.5
   -22.74648    -4.75760     1.23445     2.97103     2.76780
    -4.75760     0.59356     3.28474     2.97481     3.17801
     1.23445     3.28474     9.58373     9.74618     6.82800
     2.97103     2.97481     9.74618    16.47795    15.30377
     2.76780     3.17801     6.82800    15.30377    22.04086

 # S.p. Hamiltonian for channel  2 and configuration d1.5
     8.34796     5.40170     2.56822     1.69664     1.38772
     5.40170    14.01699    11.55931     6.87854     4.33889
     2.56822    11.55931    19.54835    16.76578    10.92320
     1.69664     6.87854    16.76578    24.35804    21.30670
     1.38772     4.33889    10.92320    21.30670    28.65716

 # S.p. Hamiltonian for channel  3 and configuration d2.5
     3.18578     1.23684     0.30891     1.03913     1.71319
     1.23684     9.68427     8.28369     4.96885     3.61530
     0.30891     8.28369    16.22258    14.05697     9.11794
     1.03913     4.96885    14.05697    21.51027    18.84534
     1.71319     3.61530     9.11794    18.84534    26.06327
