         120  -25.154159355851490        1.20000005    
         120 -0.50259058019943326        1.20000005    
         120   5.6817223671442325E-002   1.20000005    
         120  0.22412323665549005        1.20000005    
         120  0.49668609611212639        1.20000005    
         120  0.87307989161771660        1.20000005    
         120   1.3532152542802276        1.20000005    
         120   1.9396970873652488        1.20000005    
         120   2.6298928910473007        1.20000005    
         120   3.4136908537937627        1.20000005    
         120   3.5081977707241152        1.20000005    
         120   3.5082268541995534        1.20000005    
         120   3.7187052909939462        1.20000005    
         120   3.7188352949830126        1.20000005    
         120   4.0147857610047444        1.20000005    
         120   4.0160085297454033        1.20000005    
         120   4.2475992964639655        1.20000005    
         120   4.4026994872578502        1.20000005    
         120   4.4126462691629822        1.20000005    
         120   4.8747729638308641        1.20000005    
         120   4.8864149268239281        1.20000005    
         120   5.1357603619918066        1.20000005    
         120   5.4581192433402341        1.20000005    
         120   5.5059019477352855        1.20000005    
         120   6.0480353114342167        1.20000005    
         120   6.1500991832031637        1.20000005    
         120   6.3017528171399615        1.20000005    
         120   6.8914616514269076        1.20000005    
         120   7.0330981918358582        1.20000005    
         120   7.4070375060171578        1.20000005    
         120   7.7992195235670243        1.20000005    
         120   8.0436460944322654        1.20000005    
         120   8.6337559599063010        1.20000005    
         120   8.9732745169634249        1.20000005    
         120   9.2255617725264738        1.20000005    
         120   9.8142961808857496        1.20000005    
         120   10.390755367214624        1.20000005    
         120   10.727519753643499        1.20000005    
         120   11.173743950204962        1.20000005    
         120   11.903856974587855        1.20000005    
         120   12.404910426998999        1.20000005    
         120   12.949730780750581        1.20000005    
         120   13.613690402499966        1.20000005    
         120   14.159156989691114        1.20000005    
         120   15.166103921818999        1.20000005    
         120   15.590013584046618        1.20000005    
         120   16.138873761650814        1.20000005    
         120   17.588444385983099        1.20000005    
         120   17.990640056742198        1.20000005    
         120   18.443206980477044        1.20000005    
         120   20.159338934887082        1.20000005    
         120   20.754431474721972        1.20000005    
         120   21.296293780346055        1.20000005    
         120   23.057248451111047        1.20000005    
         120   23.750025783520588        1.20000005    
         120   24.832047662914540        1.20000005    
         120   26.378431226424940        1.20000005    
         120   27.142848129365664        1.20000005    
         120   28.980415848295856        1.20000005    
         120   30.215407424587553        1.20000005    
         120   31.044219473032545        1.20000005    
         120   33.800344186615625        1.20000005    
         120   34.693307145519881        1.20000005    
         120   35.561285769660806        1.20000005    
         120   39.284816747814432        1.20000005    
         120   40.027976535748024        1.20000005    
         120   40.833171983369979        1.20000005    
         120   45.453462297129320        1.20000005    
         120   46.451300978020512        1.20000005    
         120   47.107760415108430        1.20000005    
         120   52.547646495241281        1.20000005    
         120   53.822902357680938        1.20000005    
         120   54.834239255505672        1.20000005    
         120   60.882496694675929        1.20000005    
         120   62.342136326881288        1.20000005    
         120   64.285634018002980        1.20000005    
         120   70.763496190576717        1.20000005    
         120   72.401567100262525        1.20000005    
         120   75.627062613233079        1.20000005    
         120   82.559254138299920        1.20000005    
         120   84.394600454801292        1.20000005    
         120   89.341057364222294        1.20000005    
         120   96.720527832012948        1.20000005    
         120   98.781935302730417        1.20000005    
         120   105.87034983976704        1.20000005    
         120   113.81713265623134        1.20000005    
         120   116.13557304677484        1.20000005    
         120   126.04998383325885        1.20000005    
         120   134.56002865044292        1.20000005    
         120   137.17394163658318        1.20000005    
         120   150.58154945268998        1.20000005    
         120   159.85276814394811        1.20000005    
         120   162.79954395171256        1.20000005    
         120   180.84044376216693        1.20000005    
         120   190.83415546715554        1.20000005    
         120   194.16800874351497        1.20000005    
         120   217.94134227376247        1.20000005    
         120   228.97688126568008        1.20000005    
         120   232.74788204033118        1.20000005    
         120   264.24281402053430        1.20000005    
         120   276.18600855354765        1.20000005    
         120   280.47886622912284        1.20000005    
         120   321.64611067665339        1.20000005    
         120   335.03298728922721        1.20000005    
         120   339.94082227446916        1.20000005    
         120   394.61713567751127        1.20000005    
         120   409.07801922417713        1.20000005    
         120   414.71647609912884        1.20000005    
         120   486.86762937852507        1.20000005    
         120   503.42326357587962        1.20000005    
         120   510.02592366760410        1.20000005    
         120   608.77368257519743        1.20000005    
         120   626.19604569924991        1.20000005    
         120   634.46036029016147        1.20000005    
         120   772.94434968173221        1.20000005    
         120   793.54456174204415        1.20000005    
         120   803.52646901640958        1.20000005    
         120   1028.7154665996115        1.20000005    
         120   1047.2360884134084        1.20000005    
         120   1058.0065639292091        1.20000005    
          20  -21.334816761495695        1.20000005    
          20   1.1630065016313296        1.20000005    
          20   1.4982817088242075        1.20000005    
          20   3.6885890149158658        1.20000005    
          20   4.6607634289820252        1.20000005    
          20   4.7167180911532167        1.20000005    
          20   4.7804514596949517        1.20000005    
          20   5.9247659209846075        1.20000005    
          20   7.1582644436500731        1.20000005    
          20   7.4727427328409428        1.20000005    
          20   9.7389038252003459        1.20000005    
          20   11.465608475252967        1.20000005    
          20   12.963968639911670        1.20000005    
          20   14.226982657595563        1.20000005    
          20   18.899623327600612        1.20000005    
          20   24.578489958570440        1.20000005    
          20   43.629677580623095        1.20000005    
          20   51.693179424327390        1.20000005    
          20   57.632535144530735        1.20000005    
          20   66.468940254039410        1.20000005    
          20  -21.216505677709200        1.20000005    
          20   1.3406907959010674        1.20000005    
          20   2.9963035187577329        1.20000005    
          20   3.9804824511031049        1.20000005    
          20   4.6406893764914559        1.20000005    
          20   4.7098465889375678        1.20000005    
          20   4.9210082846534364        1.20000005    
          20   5.6771538062917131        1.20000005    
          20   7.2594986148833875        1.20000005    
          20   8.1389977122543264        1.20000005    
          20   8.9017312286604451        1.20000005    
          20   10.939161394124222        1.20000005    
          20   12.820676790951840        1.20000005    
          20   16.986491385596697        1.20000005    
          20   19.002030990871052        1.20000005    
          20   24.314728488384237        1.20000005    
          20   43.665372729701012        1.20000005    
          20   54.810191668139517        1.20000005    
          20   60.728184691472556        1.20000005    
          20   66.086494041975328        1.20000005    
