#Calculating B(E2; gs->set  2)
   1.1630  -12.871644    7.623114   -0.592241
   1.4983    0.719778    0.908929    1.262791
   3.6886    4.366713    6.904826    1.581241
   4.6608    0.006695    0.003442    0.514065
   4.7167    0.001528    0.000091    0.059844
   4.7805    0.000475    0.000287    0.604024
   5.9248    0.802330    0.953896    1.188906
   7.1583    0.013988    0.010826    0.773988
   7.4727    0.000022    0.000028    1.290320
   9.7389    0.009103    0.018174    1.996433
  11.4656    0.024567    0.039615    1.612532
  12.9640    0.008510    0.011749    1.380687
  14.2270    0.028003    0.083108    2.967827
  18.8996    0.001527    0.007901    5.175754
  24.5785    0.000001    0.000005    6.181980
 &
