#Phase-shifts for J/pi=0.5-   Inc. chan.=  1 ql=  1
 0.010     0.20466E-01  -0.47527E-15
 0.011     0.23950E-01   0.13539E-14
 0.012     0.27811E-01   0.88324E-15
 0.013     0.32070E-01  -0.22834E-14
 0.015     0.36745E-01   0.31202E-15
 0.016     0.41859E-01   0.29120E-14
 0.017     0.47430E-01  -0.54570E-14
 0.019     0.53479E-01  -0.22023E-14
 0.020     0.60028E-01  -0.34633E-14
 0.022     0.67097E-01   0.82915E-15
 0.024     0.74706E-01  -0.48776E-14
 0.025     0.82879E-01  -0.52728E-14
 0.027     0.91634E-01  -0.14193E-14
 0.029     0.10100      -0.41703E-15
 0.031     0.11098      -0.11986E-14
 0.033     0.12162      -0.27572E-14
 0.035     0.13293       0.15508E-15
 0.037     0.14493      -0.41739E-15
 0.039     0.15765      -0.20447E-14
 0.041     0.17111       0.24455E-14
 0.043     0.18533      -0.34249E-14
 0.045     0.20033      -0.21748E-14
 0.047     0.21615       0.29351E-15
 0.050     0.23279      -0.37068E-14
 0.052     0.25030       0.50536E-14
 0.055     0.26868      -0.49467E-14
 0.057     0.28798      -0.14786E-14
 0.060     0.30820      -0.30057E-14
 0.063     0.32938       0.12459E-14
 0.065     0.35155      -0.14756E-14
 0.068     0.37472       0.12850E-14
 0.071     0.39893      -0.35092E-14
 0.074     0.42419       0.41862E-15
 0.077     0.45055      -0.54779E-15
 0.080     0.47802      -0.56943E-15
 0.083     0.50664       0.96998E-15
 0.086     0.53643      -0.24428E-14
 0.089     0.56742      -0.41398E-15
 0.092     0.59964      -0.41880E-16
 0.095     0.63312      -0.22570E-14
 0.099     0.66789      -0.31225E-15
 0.102     0.70397      -0.31029E-14
 0.106     0.74141      -0.31294E-14
 0.109     0.78023       0.47111E-14
 0.113     0.82046      -0.27116E-14
 0.116     0.86214      -0.16018E-14
 0.120     0.90529      -0.12846E-14
 0.124     0.94996       0.85566E-15
 0.128     0.99617       0.21131E-14
 0.131      1.0440       0.55347E-14
 0.135      1.0934      -0.89377E-15
 0.139      1.1444      -0.16961E-14
 0.143      1.1972      -0.17464E-14
 0.147      1.2516      -0.21270E-14
 0.152      1.3078       0.28629E-14
 0.156      1.3659      -0.38536E-14
 0.160      1.4257       0.20918E-15
 0.164      1.4875       0.93416E-15
 0.169      1.5511       0.24113E-14
 0.173      1.6167      -0.27688E-14
 0.178      1.6843      -0.10345E-14
 0.182      1.7540       0.25011E-14
 0.187      1.8257       0.25847E-14
 0.192      1.8995      -0.92408E-15
 0.196      1.9756       0.71765E-15
 0.201      2.0538      -0.17294E-14
 0.206      2.1343      -0.30384E-14
 0.211      2.2171       0.29777E-15
 0.216      2.3023      -0.65332E-16
 0.221      2.3898      -0.23458E-14
 0.226      2.4799      -0.15010E-14
 0.231      2.5724      -0.26859E-14
 0.236      2.6675      -0.11605E-14
 0.241      2.7652       0.25677E-14
 0.247      2.8655       0.22370E-14
 0.252      2.9686      -0.10261E-14
 0.257      3.0744      -0.14556E-14
 0.263      3.1831      -0.23764E-15
 0.268      3.2946       0.49947E-14
 0.274      3.4091       0.27665E-14
 0.280      3.5266      -0.43997E-14
 0.285      3.6472      -0.10028E-15
 0.291      3.7709      -0.11502E-14
 0.297      3.8977      -0.54028E-15
 0.303      4.0278      -0.27249E-14
 0.309      4.1613      -0.10772E-14
 0.315      4.2981      -0.27571E-14
 0.321      4.4383      -0.64124E-15
 0.327      4.5821      -0.21832E-14
 0.333      4.7295       0.13323E-14
 0.339      4.8805       0.26993E-16
 0.345      5.0352      -0.42761E-14
 0.352      5.1938      -0.97154E-15
 0.358      5.3562       0.25688E-14
 0.365      5.5226       0.43528E-15
 0.371      5.6930       0.30690E-14
 0.378      5.8675      -0.20257E-15
 0.384      6.0462       0.21596E-14
 0.391      6.2292       0.12952E-14
 0.398      6.4166      -0.20948E-14
 0.404      6.6083       0.83970E-15
 0.411      6.8046      -0.28808E-14
 0.418      7.0055       0.78820E-15
 0.425      7.2111       0.29186E-14
 0.432      7.4215       0.10307E-14
 0.439      7.6368      -0.65341E-15
 0.446      7.8570       0.31215E-14
 0.454      8.0823      -0.31532E-14
 0.461      8.3128       0.25295E-14
 0.468      8.5485       0.25734E-14
 0.475      8.7896       0.97288E-15
 0.483      9.0361       0.98783E-15
 0.490      9.2881       0.28611E-14
 0.498      9.5458      -0.28560E-14
 0.505      9.8092      -0.16397E-14
 0.513      10.078      -0.27132E-14
 0.521      10.354       0.25127E-14
 0.529      10.635      -0.35442E-15
 0.536      10.922      -0.40797E-14
 0.544      11.216      -0.98344E-15
 0.552      11.516      -0.78924E-15
 0.560      11.823      -0.31983E-14
 0.568      12.136       0.14081E-14
 0.576      12.456      -0.29959E-14
 0.585      12.782       0.14557E-14
 0.593      13.116      -0.14845E-14
 0.601      13.456      -0.45192E-15
 0.609      13.803      -0.14725E-15
 0.618      14.158       0.13066E-14
 0.626      14.520      -0.70466E-15
 0.635      14.890      -0.15175E-14
 0.643      15.267       0.17660E-14
 0.652      15.651      -0.16124E-14
 0.661      16.043       0.50450E-15
 0.669      16.443      -0.42875E-14
 0.678      16.851       0.12456E-14
 0.687      17.267      -0.18170E-14
 0.696      17.691      -0.76068E-15
 0.705      18.123      -0.16988E-15
 0.714      18.564       0.49415E-14
 0.723      19.012      -0.28432E-14
 0.732      19.469       0.31153E-14
 0.741      19.935      -0.33126E-14
 0.751      20.409      -0.14986E-14
 0.760      20.891      -0.35429E-15
 0.769      21.382       0.89885E-15
 0.779      21.882       0.72180E-15
 0.788      22.390       0.89494E-15
 0.798      22.907      -0.13280E-15
 0.807      23.433       0.61581E-16
 0.817      23.968       0.42875E-14
 0.827      24.511       0.76397E-15
 0.836      25.063       0.80246E-15
 0.846      25.623       0.23105E-14
 0.856      26.193       0.31119E-14
 0.866      26.771       0.17541E-14
 0.876      27.357      -0.33074E-14
 0.886      27.952      -0.21701E-14
 0.896      28.555       0.17418E-14
 0.907      29.167      -0.15342E-15
 0.917      29.787       0.13489E-14
 0.927      30.415       0.13643E-14
 0.937      31.051       0.12687E-14
 0.948      31.695      -0.66637E-14
 0.958      32.347      -0.18952E-14
 0.969      33.006      -0.33225E-15
 0.979      33.672       0.20753E-14
 0.990      34.346       0.44044E-16
 1.001      35.026       0.19932E-14
 1.011      35.713      -0.35550E-15
 1.022      36.407      -0.35568E-14
 1.033      37.106       0.17950E-14
 1.044      37.812      -0.13686E-15
 1.055      38.523       0.13285E-14
 1.066      39.239       0.20801E-14
 1.077      39.961       0.15301E-14
 1.088      40.687       0.48406E-15
 1.100      41.417       0.10321E-14
 1.111      42.151      -0.28918E-15
 1.122      42.889      -0.28949E-15
 1.133      43.630      -0.31385E-15
 1.145      44.374       0.55786E-14
 1.156      45.120      -0.13227E-14
 1.168      45.869      -0.56830E-14
 1.180      46.619       0.12730E-14
 1.191      47.370       0.37743E-14
 1.203      48.122       0.31754E-14
 1.215      48.874       0.43278E-14
 1.227      49.627       0.16500E-14
 1.239      50.379       0.13511E-14
 1.250      51.130       0.30663E-15
 1.262      51.880       0.90195E-15
 1.275      52.628      -0.19146E-14
 1.287      53.375      -0.27529E-14
 1.299      54.119       0.78638E-15
 1.311      54.860       0.96549E-15
 1.323      55.597       0.10405E-14
 1.336      56.332      -0.22165E-15
 1.348      57.062      -0.26169E-14
 1.361      57.788      -0.18266E-14
 1.373      58.510      -0.31638E-15
 1.386      59.226       0.13835E-14
 1.398      59.937      -0.12130E-14
 1.411      60.643      -0.42013E-14
 1.424      61.343       0.32909E-14
 1.437      62.036       0.18723E-14
 1.450      62.723       0.20824E-14
 1.463      63.404      -0.24908E-14
 1.476      64.077      -0.17077E-14
 1.489      64.744      -0.10356E-14
 1.502      65.403       0.44560E-14
 1.515      66.055      -0.22662E-14
 1.528      66.699      -0.52139E-14
 1.541      67.335      -0.90352E-15
 1.555      67.963      -0.25630E-14
 1.568      68.584      -0.21831E-14
 1.582      69.196       0.23345E-14
 1.595      69.799      -0.61773E-15
 1.609      70.394       0.12707E-14
 1.622      70.981      -0.33452E-14
 1.636      71.559       0.26308E-14
 1.650      72.129       0.60070E-15
 1.663      72.689       0.28560E-14
 1.677      73.242      -0.40778E-14
 1.691      73.785      -0.95882E-15
 1.705      74.320      -0.80078E-15
 1.719      74.846       0.45896E-15
 1.733      75.363       0.13971E-14
 1.747      75.872       0.16740E-14
 1.762      76.372      -0.30445E-14
 1.776      76.863       0.32954E-14
 1.790      77.346       0.22216E-14
 1.805      77.820       0.29984E-14
 1.819      78.286       0.15865E-14
 1.833      78.743       0.15486E-14
 1.848      79.192      -0.19686E-14
 1.863      79.632      -0.51032E-14
 1.877      80.065      -0.48612E-14
 1.892      80.489       0.48913E-14
 1.907      80.905       0.55272E-15
 1.922      81.313      -0.22074E-14
 1.936      81.714       0.14646E-14
 1.951      82.106      -0.11179E-14
 1.966      82.491       0.29766E-14
 1.981      82.868       0.70962E-15
 1.997      83.238       0.18900E-14
 2.012      83.600       0.12606E-14
 2.027      83.955       0.27928E-14
 2.042      84.303       0.16745E-14
 2.058      84.644      -0.12796E-14
 2.073      84.977      -0.35527E-15
 2.088      85.304      -0.17013E-14
 2.104      85.624      -0.25158E-14
 2.120      85.937      -0.64238E-15
 2.135      86.244       0.68615E-15
 2.151      86.544      -0.22333E-14
 2.167      86.838      -0.20462E-14
 2.182      87.125      -0.41894E-16
 2.198      87.406       0.18662E-14
 2.214      87.682      -0.32189E-15
 2.230      87.951       0.34675E-15
 2.246      88.214       0.66395E-15
 2.262      88.472       0.26875E-14
 2.278      88.724      -0.34349E-14
 2.295      88.970      -0.15757E-14
 2.311      89.211       0.29951E-15
 2.327      89.446       0.12664E-14
 2.344      89.677       0.12378E-15
 2.360      89.902       0.15806E-14
 2.377     -89.878       0.25293E-14
 2.393     -89.663      -0.25910E-14
 2.410     -89.453      -0.17769E-14
 2.426     -89.248       0.14319E-14
 2.443     -89.048      -0.82973E-15
 2.460     -88.852       0.25587E-14
 2.477     -88.661       0.16352E-14
 2.494     -88.474      -0.43117E-15
 2.511     -88.292      -0.36486E-16
 2.528     -88.114       0.26721E-14
 2.545     -87.940       0.31048E-14
 2.562     -87.771      -0.69149E-15
 2.579     -87.605       0.23466E-14
 2.596     -87.444      -0.31284E-14
 2.614     -87.286      -0.59035E-16
 2.631     -87.133       0.12754E-14
 2.648     -86.983       0.12407E-14
 2.666     -86.837       0.45539E-14
 2.683     -86.694      -0.25040E-14
 2.701     -86.556      -0.30244E-14
 2.719     -86.420      -0.43102E-14
 2.736     -86.288       0.42076E-14
 2.754     -86.160       0.14002E-14
 2.772     -86.035       0.98094E-15
 2.790     -85.913      -0.93479E-15
 2.808     -85.794      -0.33499E-14
 2.826     -85.679       0.29189E-14
 2.844     -85.566       0.16539E-14
 2.862     -85.457       0.86576E-16
 2.880     -85.351      -0.12166E-14
 2.898     -85.247       0.55033E-14
 2.916     -85.147       0.24719E-14
 2.935     -85.049      -0.24159E-14
 2.953     -84.954       0.98626E-15
 2.972     -84.862       0.28997E-14
 2.990     -84.772      -0.17645E-14
 3.009     -84.685      -0.90179E-15
 3.027     -84.601      -0.27138E-14
 3.046     -84.519       0.14618E-14
 3.065     -84.439       0.32061E-15
 3.083     -84.362       0.44308E-14
 3.102     -84.288      -0.29066E-14
 3.121     -84.216      -0.19713E-15
 3.140     -84.146       0.62014E-15
 3.159     -84.078       0.19698E-14
 3.178     -84.013      -0.32690E-14
 3.197     -83.949       0.11126E-14
 3.217     -83.888      -0.27088E-14
 3.236     -83.829      -0.19374E-14
 3.255     -83.773      -0.27870E-14
 3.275     -83.718       0.76665E-15
 3.294     -83.665      -0.31111E-14
 3.313     -83.614       0.98244E-15
 3.333     -83.565       0.37435E-14
 3.353     -83.518       0.19397E-14
 3.372     -83.473      -0.10419E-14
 3.392     -83.429      -0.24512E-14
 3.412     -83.388      -0.13717E-14
 3.432     -83.348      -0.18909E-14
 3.451     -83.310      -0.17977E-15
 3.471     -83.273      -0.66059E-15
 3.491     -83.239      -0.34175E-14
 3.511     -83.205      -0.32995E-15
 3.532     -83.174       0.54287E-14
 3.552     -83.144       0.17267E-14
 3.572     -83.116       0.59858E-15
 3.592     -83.089       0.58292E-17
 3.613     -83.064      -0.17987E-14
 3.633     -83.040       0.30374E-14
 3.653     -83.018      -0.22436E-14
 3.674     -82.997      -0.10629E-14
 3.695     -82.977      -0.25076E-14
 3.715     -82.959       0.26379E-14
 3.736     -82.943      -0.29764E-14
 3.757     -82.927      -0.53900E-15
 3.777     -82.913       0.23714E-14
 3.798     -82.900       0.11374E-14
 3.819     -82.889      -0.30719E-14
 3.840     -82.879       0.41492E-14
 3.861     -82.870      -0.13849E-14
 3.882     -82.862       0.54845E-14
 3.903     -82.855      -0.12007E-14
 3.925     -82.850       0.24354E-14
 3.946     -82.845      -0.60211E-14
 3.967     -82.842      -0.71476E-15
 3.989     -82.840       0.26191E-14
 4.010     -82.839      -0.24488E-14
 4.031     -82.839       0.70804E-15
 4.053     -82.841      -0.66563E-15
 4.075     -82.843      -0.38760E-15
 4.096     -82.846      -0.26124E-14
 4.118     -82.850       0.94947E-15
 4.140     -82.856       0.38071E-15
 4.162     -82.862       0.47685E-14
 4.184     -82.869      -0.20069E-14
 4.206     -82.877      -0.73501E-15
 4.228     -82.886      -0.26568E-14
 4.250     -82.896      -0.16447E-14
 4.272     -82.907      -0.16296E-14
 4.294     -82.919      -0.40780E-15
 4.316     -82.931       0.21534E-14
 4.338     -82.945      -0.26458E-14
 4.361     -82.959      -0.27618E-14
 4.383     -82.974      -0.48483E-14
 4.406     -82.990      -0.12159E-14
 4.428     -83.007      -0.21490E-14
 4.451     -83.025      -0.15976E-14
 4.473     -83.043       0.10668E-14
 4.496     -83.062      -0.24413E-14
 4.519     -83.082      -0.50984E-14
 4.542     -83.103      -0.11014E-14
 4.565     -83.124       0.20465E-14
 4.587     -83.146      -0.26217E-14
 4.610     -83.169      -0.12818E-14
 4.633     -83.192       0.12239E-14
 4.657     -83.217       0.76855E-15
 4.680     -83.241      -0.22899E-15
 4.703     -83.267      -0.11012E-15
 4.726     -83.293       0.18161E-14
 4.750     -83.320      -0.34255E-16
 4.773     -83.347       0.24008E-14
 4.796     -83.375       0.49709E-15
 4.820     -83.404      -0.12545E-14
 4.843     -83.433       0.45918E-15
 4.867     -83.463       0.14331E-14
 4.891     -83.494       0.13038E-14
 4.914     -83.525       0.53389E-15
 4.938     -83.556      -0.21059E-14
 4.962     -83.588       0.10792E-14
 4.986     -83.621       0.57718E-14
 5.010     -83.654       0.58452E-15
 &
#Phase-shifts for J/pi=0.5-   Inc. chan.=  1 ql=  1
 0.020     0.58203E-01  -0.54220E-15
 0.025     0.79226E-01  -0.24802E-14
 0.030     0.10486      -0.45530E-15
 0.035     0.13559       0.33939E-14
 0.041     0.17193      -0.32558E-14
 0.047     0.21440      -0.46952E-14
 0.054     0.26353      -0.23016E-14
 0.061     0.31988      -0.15880E-14
 0.069     0.38403       0.25180E-14
 0.077     0.45656       0.24934E-15
 0.086     0.53810       0.15254E-14
 0.095     0.62928       0.12070E-14
 0.105     0.73079       0.25782E-14
 0.115     0.84330      -0.66197E-15
 0.125     0.96757      -0.44446E-17
 0.136      1.1043      -0.69084E-15
 0.148      1.2544       0.35482E-15
 0.160      1.4186      -0.52845E-14
 0.172      1.5978      -0.55082E-15
 0.185      1.7930       0.12585E-14
 0.198      2.0051      -0.58276E-14
 0.212      2.2351       0.26838E-14
 0.226      2.4840       0.25188E-14
 0.241      2.7531      -0.18947E-14
 0.256      3.0435       0.20104E-14
 0.271      3.3565       0.45412E-15
 0.287      3.6933       0.21691E-14
 0.304      4.0554       0.15776E-14
 0.321      4.4442       0.18871E-14
 0.338      4.8612      -0.13907E-14
 0.356      5.3081      -0.21675E-14
 0.375      5.7865      -0.19440E-14
 0.393      6.2983      -0.24868E-14
 0.413      6.8452       0.26244E-14
 0.432      7.4293      -0.25601E-14
 0.453      8.0525       0.12599E-14
 0.473      8.7171       0.91905E-15
 0.494      9.4250      -0.34318E-14
 0.516      10.179       0.22486E-14
 0.538      10.980       0.37735E-14
 0.560      11.833       0.28225E-14
 0.583      12.737      -0.19149E-14
 0.607      13.697       0.86428E-15
 0.631      14.715       0.88377E-15
 0.655      15.792      -0.32360E-14
 0.680      16.932      -0.31739E-14
 0.705      18.135      -0.19002E-14
 0.731      19.405       0.63287E-15
 0.757      20.742      -0.11354E-14
 0.784      22.148      -0.31954E-14
 0.811      23.623      -0.22914E-14
 0.838      25.169       0.91958E-15
 0.866      26.784       0.23284E-14
 0.895      28.468      -0.14677E-14
 0.924      30.218      -0.87470E-15
 0.953      32.033       0.12163E-14
 0.983      33.909       0.36367E-14
 1.013      35.842       0.25262E-15
 1.044      37.825      -0.14580E-14
 1.075      39.853      -0.18580E-14
 1.107      41.918       0.28280E-14
 1.139      44.014      -0.39348E-14
 1.172      46.130      -0.19719E-14
 1.205      48.258      -0.92269E-15
 1.239      50.389       0.19453E-14
 1.273      52.513       0.11066E-14
 1.307      54.622      -0.12061E-14
 1.342      56.706      -0.22581E-14
 1.378      58.756       0.44237E-15
 1.413      60.767       0.26356E-14
 1.450      62.729       0.39253E-14
 1.486      64.639      -0.20911E-14
 1.524      66.490      -0.12671E-14
 1.561      68.279      -0.15300E-14
 1.600      70.002       0.57641E-15
 1.638      71.658       0.83092E-15
 1.677      73.244      -0.97313E-15
 1.717      74.761      -0.42328E-15
 1.757      76.207       0.12998E-14
 1.797      77.585      -0.24904E-14
 1.838      78.894      -0.28599E-14
 1.880      80.136      -0.25777E-14
 1.922      81.313       0.23661E-14
 1.964      82.427       0.18190E-14
 2.007      83.480       0.24634E-14
 2.050      84.473      -0.24364E-14
 2.094      85.410       0.35232E-14
 2.138      86.293      -0.19217E-14
 2.182      87.124       0.25904E-14
 2.227      87.905      -0.72809E-15
 2.273      88.639      -0.65000E-15
 2.319      89.328       0.15642E-14
 2.365      89.974      -0.52538E-14
 2.412     -89.421       0.27859E-14
 2.460     -88.854       0.31727E-14
 2.508     -88.324      -0.10112E-14
 2.556     -87.829      -0.56605E-15
 2.605     -87.366      -0.19901E-14
 2.654     -86.936       0.17087E-14
 2.704     -86.535       0.17935E-15
 2.754     -86.162       0.28514E-14
 2.804     -85.816      -0.33972E-14
 2.855     -85.495      -0.29525E-14
 2.907     -85.198      -0.88073E-15
 2.959     -84.924       0.18308E-14
 3.011     -84.672       0.45685E-14
 3.064     -84.441       0.30551E-15
 3.118     -84.229       0.13277E-14
 3.172     -84.036       0.11876E-14
 3.226     -83.860      -0.34333E-15
 3.281     -83.701      -0.18444E-14
 3.336     -83.558      -0.71019E-15
 3.391     -83.430      -0.12822E-14
 3.448     -83.317       0.20827E-14
 3.504     -83.217       0.22774E-14
 3.561     -83.130      -0.24481E-14
 3.619     -83.056       0.10050E-14
 3.677     -82.994      -0.10986E-14
 3.735     -82.943       0.10045E-14
 3.794     -82.903       0.51258E-14
 3.854     -82.873      -0.31255E-14
 3.913     -82.852       0.38709E-14
 3.974     -82.841       0.19914E-14
 4.034     -82.839       0.32220E-14
 4.096     -82.846       0.46582E-14
 4.157     -82.860       0.28539E-14
 4.219     -82.883       0.26607E-14
 4.282     -82.912      -0.20027E-14
 4.345     -82.949       0.80802E-15
 4.409     -82.993       0.10190E-14
 4.473     -83.042       0.16972E-14
 4.537     -83.099       0.17806E-14
 4.602     -83.160       0.31012E-14
 4.667     -83.228       0.66767E-15
 4.733     -83.301       0.21425E-14
 4.799     -83.379       0.24245E-14
 4.866     -83.462       0.31261E-14
 4.933     -83.550      -0.31636E-15
 5.001     -83.642      -0.23990E-14
 5.069     -83.738       0.31845E-15
 5.138     -83.839       0.82513E-15
 5.207     -83.943       0.26868E-14
 5.276     -84.052       0.21717E-14
 5.346     -84.164       0.19067E-14
 5.417     -84.279      -0.31742E-14
 5.488     -84.398      -0.45950E-14
 5.559     -84.519       0.40558E-15
 5.631     -84.644       0.69893E-15
 5.703     -84.772       0.30107E-14
 5.776     -84.902       0.13295E-15
 5.849     -85.035      -0.57281E-14
 5.923     -85.171      -0.17825E-14
 5.997     -85.309      -0.11319E-15
 6.071     -85.449      -0.26016E-14
 6.146     -85.592      -0.25292E-14
 6.222     -85.737      -0.16585E-14
 6.298     -85.883       0.16673E-15
 6.374     -86.032      -0.27235E-15
 6.451     -86.182      -0.49907E-14
 6.528     -86.334      -0.14128E-14
 6.606     -86.488      -0.30609E-14
 6.684     -86.644      -0.48361E-15
 6.763     -86.800       0.72440E-15
 6.842     -86.959       0.33235E-14
 6.922     -87.119      -0.70159E-15
 7.002     -87.280      -0.11242E-14
 7.083     -87.442      -0.33892E-14
 7.164     -87.605       0.98451E-16
 7.245     -87.770       0.71611E-15
 7.327     -87.936      -0.44329E-14
 7.410     -88.102       0.91815E-15
 7.492     -88.270       0.15453E-14
 7.576     -88.438       0.24811E-14
 7.660     -88.608       0.18718E-14
 7.744     -88.778       0.28440E-14
 7.829     -88.949      -0.11109E-14
 7.914     -89.120       0.30175E-14
 7.999     -89.293       0.93740E-16
 8.085     -89.466      -0.22716E-14
 8.172     -89.639      -0.18153E-14
 8.259     -89.813      -0.40380E-15
 8.347     -89.988      -0.23117E-14
 8.434      89.837       0.28210E-14
 8.523      89.661       0.65791E-16
 8.612      89.485      -0.98631E-15
 8.701      89.309       0.99831E-16
 8.791      89.132      -0.18124E-14
 8.881      88.955      -0.96824E-15
 8.972      88.778       0.36530E-14
 9.063      88.601      -0.60646E-15
 9.155      88.423      -0.60821E-14
 9.247      88.245      -0.31499E-14
 9.339      88.067      -0.19881E-14
 9.432      87.888      -0.15019E-14
 9.526      87.710      -0.31399E-14
 9.620      87.531      -0.23884E-15
 9.714      87.353      -0.30490E-14
 9.809      87.174       0.65252E-15
 9.904      86.995      -0.14717E-14
10.000      86.816       0.32070E-14
 &
