Orthogonality matrix for nchani,nchanf=  1  1 
     1.00000     0.00000    -0.00000    -0.00000    -0.00000     0.00000    -0.00000     0.00000     0.00000     0.00000    -0.00000    -0.00000     0.00000    -0.00000     0.00000     0.00000    -0.00000    -0.00000    -0.00000    -0.00000
     0.00000     0.99999     0.00001     0.00002     0.00002    -0.00002     0.00002    -0.00002    -0.00002    -0.00002     0.00002     0.00002    -0.00002     0.00002    -0.00002    -0.00002     0.00002     0.00002     0.00002     0.00001
    -0.00000     0.00001     0.99998    -0.00003    -0.00004     0.00004    -0.00004     0.00004     0.00004     0.00004    -0.00004    -0.00003     0.00003    -0.00003     0.00003     0.00003    -0.00003    -0.00003    -0.00003    -0.00002
    -0.00000     0.00002    -0.00003     0.99996    -0.00005     0.00005    -0.00005     0.00005     0.00005     0.00005    -0.00005    -0.00004     0.00004    -0.00004     0.00004     0.00004    -0.00004    -0.00003    -0.00003    -0.00003
    -0.00000     0.00002    -0.00004    -0.00005     0.99995     0.00006    -0.00006     0.00006     0.00006     0.00005    -0.00005    -0.00005     0.00005    -0.00005     0.00005     0.00004    -0.00004    -0.00004    -0.00004    -0.00003
     0.00000    -0.00002     0.00004     0.00005     0.00006     0.99994     0.00006    -0.00006    -0.00006    -0.00006     0.00006     0.00005    -0.00005     0.00005    -0.00005    -0.00005     0.00004     0.00004     0.00004     0.00004
    -0.00000     0.00002    -0.00004    -0.00005    -0.00006     0.00006     0.99994     0.00006     0.00006     0.00006    -0.00006    -0.00006     0.00005    -0.00005     0.00005     0.00005    -0.00005    -0.00004    -0.00004    -0.00004
     0.00000    -0.00002     0.00004     0.00005     0.00006    -0.00006     0.00006     0.99994    -0.00006    -0.00006     0.00006     0.00006    -0.00005     0.00005    -0.00005    -0.00005     0.00005     0.00004     0.00004     0.00004
     0.00000    -0.00002     0.00004     0.00005     0.00006    -0.00006     0.00006    -0.00006     0.99994    -0.00006     0.00006     0.00005    -0.00005     0.00005    -0.00005    -0.00005     0.00004     0.00004     0.00004     0.00004
     0.00000    -0.00002     0.00004     0.00005     0.00005    -0.00006     0.00006    -0.00006    -0.00006     0.99994     0.00005     0.00005    -0.00005     0.00005    -0.00005    -0.00005     0.00004     0.00004     0.00004     0.00004
    -0.00000     0.00002    -0.00004    -0.00005    -0.00005     0.00006    -0.00006     0.00006     0.00006     0.00005     0.99995    -0.00005     0.00005    -0.00005     0.00005     0.00004    -0.00004    -0.00004    -0.00004    -0.00003
    -0.00000     0.00002    -0.00003    -0.00004    -0.00005     0.00005    -0.00006     0.00006     0.00005     0.00005    -0.00005     0.99995     0.00005    -0.00005     0.00004     0.00004    -0.00004    -0.00004    -0.00004    -0.00003
     0.00000    -0.00002     0.00003     0.00004     0.00005    -0.00005     0.00005    -0.00005    -0.00005    -0.00005     0.00005     0.00005     0.99995     0.00004    -0.00004    -0.00004     0.00004     0.00004     0.00003     0.00003
    -0.00000     0.00002    -0.00003    -0.00004    -0.00005     0.00005    -0.00005     0.00005     0.00005     0.00005    -0.00005    -0.00005     0.00004     0.99996     0.00004     0.00004    -0.00004    -0.00004    -0.00003    -0.00003
     0.00000    -0.00002     0.00003     0.00004     0.00005    -0.00005     0.00005    -0.00005    -0.00005    -0.00005     0.00005     0.00004    -0.00004     0.00004     0.99996    -0.00004     0.00004     0.00003     0.00003     0.00003
     0.00000    -0.00002     0.00003     0.00004     0.00004    -0.00005     0.00005    -0.00005    -0.00005    -0.00005     0.00004     0.00004    -0.00004     0.00004    -0.00004     0.99996     0.00003     0.00003     0.00003     0.00003
    -0.00000     0.00002    -0.00003    -0.00004    -0.00004     0.00004    -0.00005     0.00005     0.00004     0.00004    -0.00004    -0.00004     0.00004    -0.00004     0.00004     0.00003     0.99997    -0.00003    -0.00003    -0.00003
    -0.00000     0.00002    -0.00003    -0.00003    -0.00004     0.00004    -0.00004     0.00004     0.00004     0.00004    -0.00004    -0.00004     0.00004    -0.00004     0.00003     0.00003    -0.00003     0.99997    -0.00003    -0.00003
    -0.00000     0.00002    -0.00003    -0.00003    -0.00004     0.00004    -0.00004     0.00004     0.00004     0.00004    -0.00004    -0.00004     0.00003    -0.00003     0.00003     0.00003    -0.00003    -0.00003     0.99997    -0.00002
    -0.00000     0.00001    -0.00002    -0.00003    -0.00003     0.00004    -0.00004     0.00004     0.00004     0.00004    -0.00003    -0.00003     0.00003    -0.00003     0.00003     0.00003    -0.00003    -0.00003    -0.00002     0.99998
Orthogonality matrix for nchani,nchanf=  1  1 
     0.99999    -0.00001    -0.00002    -0.00002     0.00002    -0.00002    -0.00002     0.00002     0.00002    -0.00002     0.00002    -0.00002    -0.00002     0.00002     0.00002     0.00002     0.00002     0.00002     0.00001    -0.00001
    -0.00001     0.99998    -0.00003    -0.00003     0.00003    -0.00003    -0.00004     0.00004     0.00003    -0.00003     0.00003    -0.00003    -0.00003     0.00003     0.00003     0.00003     0.00003     0.00003     0.00002    -0.00002
    -0.00002    -0.00003     0.99997    -0.00004     0.00004    -0.00004    -0.00004     0.00004     0.00004    -0.00004     0.00004    -0.00004    -0.00004     0.00004     0.00004     0.00003     0.00003     0.00003     0.00003    -0.00003
    -0.00002    -0.00003    -0.00004     0.99996     0.00004    -0.00005    -0.00005     0.00005     0.00005    -0.00005     0.00004    -0.00004    -0.00004     0.00004     0.00004     0.00004     0.00004     0.00003     0.00003    -0.00003
     0.00002     0.00003     0.00004     0.00004     0.99995     0.00005     0.00005    -0.00005    -0.00005     0.00005    -0.00005     0.00005     0.00005    -0.00004    -0.00004    -0.00004    -0.00004    -0.00004    -0.00003     0.00003
    -0.00002    -0.00003    -0.00004    -0.00005     0.00005     0.99995    -0.00006     0.00006     0.00006    -0.00005     0.00005    -0.00005    -0.00005     0.00005     0.00005     0.00004     0.00004     0.00004     0.00004    -0.00004
    -0.00002    -0.00004    -0.00004    -0.00005     0.00005    -0.00006     0.99994     0.00006     0.00006    -0.00006     0.00005    -0.00005    -0.00005     0.00005     0.00005     0.00005     0.00004     0.00004     0.00004    -0.00004
     0.00002     0.00004     0.00004     0.00005    -0.00005     0.00006     0.00006     0.99994    -0.00006     0.00006    -0.00006     0.00005     0.00005    -0.00005    -0.00005    -0.00005    -0.00004    -0.00004    -0.00004     0.00004
     0.00002     0.00003     0.00004     0.00005    -0.00005     0.00006     0.00006    -0.00006     0.99994     0.00006    -0.00005     0.00005     0.00005    -0.00005    -0.00005    -0.00005    -0.00004    -0.00004    -0.00004     0.00004
    -0.00002    -0.00003    -0.00004    -0.00005     0.00005    -0.00005    -0.00006     0.00006     0.00006     0.99995     0.00005    -0.00005    -0.00005     0.00005     0.00005     0.00004     0.00004     0.00004     0.00004    -0.00003
     0.00002     0.00003     0.00004     0.00004    -0.00005     0.00005     0.00005    -0.00006    -0.00005     0.00005     0.99995     0.00005     0.00005    -0.00005    -0.00004    -0.00004    -0.00004    -0.00004    -0.00004     0.00003
    -0.00002    -0.00003    -0.00004    -0.00004     0.00005    -0.00005    -0.00005     0.00005     0.00005    -0.00005     0.00005     0.99995    -0.00005     0.00004     0.00004     0.00004     0.00004     0.00004     0.00004    -0.00003
    -0.00002    -0.00003    -0.00004    -0.00004     0.00005    -0.00005    -0.00005     0.00005     0.00005    -0.00005     0.00005    -0.00005     0.99996     0.00004     0.00004     0.00004     0.00004     0.00004     0.00003    -0.00003
     0.00002     0.00003     0.00004     0.00004    -0.00004     0.00005     0.00005    -0.00005    -0.00005     0.00005    -0.00005     0.00004     0.00004     0.99996    -0.00004    -0.00004    -0.00004    -0.00004    -0.00003     0.00003
     0.00002     0.00003     0.00004     0.00004    -0.00004     0.00005     0.00005    -0.00005    -0.00005     0.00005    -0.00004     0.00004     0.00004    -0.00004     0.99996    -0.00004    -0.00004    -0.00003    -0.00003     0.00003
     0.00002     0.00003     0.00003     0.00004    -0.00004     0.00004     0.00005    -0.00005    -0.00005     0.00004    -0.00004     0.00004     0.00004    -0.00004    -0.00004     0.99996    -0.00003    -0.00003    -0.00003     0.00003
     0.00002     0.00003     0.00003     0.00004    -0.00004     0.00004     0.00004    -0.00004    -0.00004     0.00004    -0.00004     0.00004     0.00004    -0.00004    -0.00004    -0.00003     0.99997    -0.00003    -0.00003     0.00003
     0.00002     0.00003     0.00003     0.00003    -0.00004     0.00004     0.00004    -0.00004    -0.00004     0.00004    -0.00004     0.00004     0.00004    -0.00004    -0.00003    -0.00003    -0.00003     0.99997    -0.00003     0.00003
     0.00001     0.00002     0.00003     0.00003    -0.00003     0.00004     0.00004    -0.00004    -0.00004     0.00004    -0.00004     0.00004     0.00003    -0.00003    -0.00003    -0.00003    -0.00003    -0.00003     0.99997     0.00002
    -0.00001    -0.00002    -0.00003    -0.00003     0.00003    -0.00004    -0.00004     0.00004     0.00004    -0.00003     0.00003    -0.00003    -0.00003     0.00003     0.00003     0.00003     0.00003     0.00003     0.00002     0.99998
