#  1 Channels, Eigenvalue: 3 Energy:   0.3674
# J:1.50 parity:-1
 #  channel core Jc (l sn) jn
#  1 : 1 0.0 1 0.5 1.5
#   700 points
   0.000     0.00000    
   0.100    0.148323E-04
   0.200    0.109528E-03
   0.300    0.413305E-03
   0.400    0.107917E-02
   0.500    0.221762E-02
   0.600    0.384605E-02
   0.700    0.587334E-02
   0.800    0.812437E-02
   0.900    0.103935E-01
   1.000    0.125060E-01
   1.100    0.143651E-01
   1.200    0.159704E-01
   1.300    0.174037E-01
   1.400    0.187905E-01
   1.500    0.202525E-01
   1.600    0.218654E-01
   1.700    0.236357E-01
   1.800    0.254981E-01
   1.900    0.273335E-01
   2.000    0.289987E-01
   2.100    0.303597E-01
   2.200    0.313183E-01
   2.300    0.318293E-01
   2.400    0.319043E-01
   2.500    0.316034E-01
   2.600    0.310201E-01
   2.700    0.302616E-01
   2.800    0.294299E-01
   2.900    0.286069E-01
   3.000    0.278451E-01
   3.100    0.271646E-01
   3.200    0.265551E-01
   3.300    0.259828E-01
   3.400    0.253992E-01
   3.500    0.247510E-01
   3.600    0.239884E-01
   3.700    0.230730E-01
   3.800    0.219817E-01
   3.900    0.207088E-01
   4.000    0.192662E-01
   4.100    0.176802E-01
   4.200    0.159886E-01
   4.300    0.142358E-01
   4.400    0.124681E-01
   4.500    0.107298E-01
   4.600    0.905912E-02
   4.700    0.748588E-02
   4.800    0.602955E-02
   4.900    0.469873E-02
   5.000    0.349145E-02
   5.100    0.239626E-02
   5.200    0.139386E-02
   5.300    0.459204E-03
   5.400   -0.436269E-03
   5.500   -0.132239E-02
   5.600   -0.222815E-02
   5.700   -0.317992E-02
   5.800   -0.419993E-02
   5.900   -0.530525E-02
   6.000   -0.650715E-02
   6.100   -0.781085E-02
   6.200   -0.921567E-02
   6.300   -0.107155E-01
   6.400   -0.122995E-01
   6.500   -0.139529E-01
   6.600   -0.156584E-01
   6.700   -0.173967E-01
   6.800   -0.191480E-01
   6.900   -0.208929E-01
   7.000   -0.226131E-01
   7.100   -0.242925E-01
   7.200   -0.259177E-01
   7.300   -0.274783E-01
   7.400   -0.289673E-01
   7.500   -0.303813E-01
   7.600   -0.317202E-01
   7.700   -0.329874E-01
   7.800   -0.341890E-01
   7.900   -0.353338E-01
   8.000   -0.364328E-01
   8.100   -0.374982E-01
   8.200   -0.385438E-01
   8.300   -0.395832E-01
   8.400   -0.406306E-01
   8.500   -0.416992E-01
   8.600   -0.428015E-01
   8.700   -0.439484E-01
   8.800   -0.451493E-01
   8.900   -0.464118E-01
   9.000   -0.477411E-01
   9.100   -0.491407E-01
   9.200   -0.506115E-01
   9.300   -0.521526E-01
   9.400   -0.537611E-01
   9.500   -0.554321E-01
   9.600   -0.571592E-01
   9.700   -0.589346E-01
   9.800   -0.607496E-01
   9.900   -0.625944E-01
  10.000   -0.644589E-01
  10.100   -0.663328E-01
  10.200   -0.682057E-01
  10.300   -0.700677E-01
  10.400   -0.719094E-01
  10.500   -0.737221E-01
  10.600   -0.754982E-01
  10.700   -0.772313E-01
  10.800   -0.789160E-01
  10.900   -0.805485E-01
  11.000   -0.821261E-01
  11.100   -0.836476E-01
  11.200   -0.851131E-01
  11.300   -0.865242E-01
  11.400   -0.878833E-01
  11.500   -0.891942E-01
  11.600   -0.904617E-01
  11.700   -0.916913E-01
  11.800   -0.928892E-01
  11.900   -0.940622E-01
  12.000   -0.952175E-01
  12.100   -0.963624E-01
  12.200   -0.975041E-01
  12.300   -0.986499E-01
  12.400   -0.998069E-01
  12.500   -0.100981    
  12.600   -0.102180    
  12.700   -0.103407    
  12.800   -0.104668    
  12.900   -0.105966    
  13.000   -0.107305    
  13.100   -0.108687    
  13.200   -0.110112    
  13.300   -0.111581    
  13.400   -0.113094    
  13.500   -0.114649    
  13.600   -0.116244    
  13.700   -0.117876    
  13.800   -0.119541    
  13.900   -0.121234    
  14.000   -0.122951    
  14.100   -0.124687    
  14.200   -0.126435    
  14.300   -0.128191    
  14.400   -0.129947    
  14.500   -0.131699    
  14.600   -0.133439    
  14.700   -0.135162    
  14.800   -0.136862    
  14.900   -0.138535    
  15.000   -0.140174    
  15.100   -0.141776    
  15.200   -0.143335    
  15.300   -0.144850    
  15.400   -0.146316    
  15.500   -0.147732    
  15.600   -0.149095    
  15.700   -0.150404    
  15.800   -0.151659    
  15.900   -0.152860    
  16.000   -0.154008    
  16.100   -0.155104    
  16.200   -0.156149    
  16.300   -0.157146    
  16.400   -0.158097    
  16.500   -0.159006    
  16.600   -0.159876    
  16.700   -0.160711    
  16.800   -0.161515    
  16.900   -0.162291    
  17.000   -0.163045    
  17.100   -0.163780    
  17.200   -0.164501    
  17.300   -0.165211    
  17.400   -0.165916    
  17.500   -0.166619    
  17.600   -0.167324    
  17.700   -0.168033    
  17.800   -0.168752    
  17.900   -0.169482    
  18.000   -0.170225    
  18.100   -0.170985    
  18.200   -0.171763    
  18.300   -0.172559    
  18.400   -0.173376    
  18.500   -0.174213    
  18.600   -0.175071    
  18.700   -0.175949    
  18.800   -0.176846    
  18.900   -0.177762    
  19.000   -0.178694    
  19.100   -0.179641    
  19.200   -0.180600    
  19.300   -0.181569    
  19.400   -0.182546    
  19.500   -0.183526    
  19.600   -0.184508    
  19.700   -0.185487    
  19.800   -0.186459    
  19.900   -0.187422    
  20.000   -0.188371    
  20.100   -0.189303    
  20.200   -0.190213    
  20.300   -0.191099    
  20.400   -0.191957    
  20.500   -0.192783    
  20.600   -0.193573    
  20.700   -0.194325    
  20.800   -0.195036    
  20.900   -0.195703    
  21.000   -0.196322    
  21.100   -0.196893    
  21.200   -0.197413    
  21.300   -0.197881    
  21.400   -0.198294    
  21.500   -0.198652    
  21.600   -0.198954    
  21.700   -0.199199    
  21.800   -0.199388    
  21.900   -0.199519    
  22.000   -0.199595    
  22.100   -0.199615    
  22.200   -0.199580    
  22.300   -0.199492    
  22.400   -0.199352    
  22.500   -0.199161    
  22.600   -0.198922    
  22.700   -0.198637    
  22.800   -0.198307    
  22.900   -0.197936    
  23.000   -0.197526    
  23.100   -0.197079    
  23.200   -0.196598    
  23.300   -0.196086    
  23.400   -0.195546    
  23.500   -0.194980    
  23.600   -0.194392    
  23.700   -0.193784    
  23.800   -0.193159    
  23.900   -0.192519    
  24.000   -0.191868    
  24.100   -0.191207    
  24.200   -0.190540    
  24.300   -0.189867    
  24.400   -0.189192    
  24.500   -0.188516    
  24.600   -0.187841    
  24.700   -0.187168    
  24.800   -0.186500    
  24.900   -0.185836    
  25.000   -0.185178    
  25.100   -0.184526    
  25.200   -0.183882    
  25.300   -0.183245    
  25.400   -0.182615    
  25.500   -0.181993    
  25.600   -0.181379    
  25.700   -0.180770    
  25.800   -0.180168    
  25.900   -0.179571    
  26.000   -0.178978    
  26.100   -0.178388    
  26.200   -0.177799    
  26.300   -0.177210    
  26.400   -0.176619    
  26.500   -0.176025    
  26.600   -0.175426    
  26.700   -0.174820    
  26.800   -0.174204    
  26.900   -0.173577    
  27.000   -0.172936    
  27.100   -0.172280    
  27.200   -0.171606    
  27.300   -0.170912    
  27.400   -0.170196    
  27.500   -0.169455    
  27.600   -0.168688    
  27.700   -0.167892    
  27.800   -0.167065    
  27.900   -0.166206    
  28.000   -0.165313    
  28.100   -0.164382    
  28.200   -0.163414    
  28.300   -0.162407    
  28.400   -0.161358    
  28.500   -0.160267    
  28.600   -0.159132    
  28.700   -0.157953    
  28.800   -0.156728    
  28.900   -0.155456    
  29.000   -0.154138    
  29.100   -0.152771    
  29.200   -0.151357    
  29.300   -0.149895    
  29.400   -0.148385    
  29.500   -0.146827    
  29.600   -0.145221    
  29.700   -0.143568    
  29.800   -0.141868    
  29.900   -0.140122    
  30.000   -0.138331    
  30.100   -0.136495    
  30.200   -0.134617    
  30.300   -0.132697    
  30.400   -0.130736    
  30.500   -0.128736    
  30.600   -0.126698    
  30.700   -0.124625    
  30.800   -0.122517    
  30.900   -0.120377    
  31.000   -0.118206    
  31.100   -0.116007    
  31.200   -0.113781    
  31.300   -0.111530    
  31.400   -0.109257    
  31.500   -0.106963    
  31.600   -0.104651    
  31.700   -0.102322    
  31.800   -0.999797E-01
  31.900   -0.976247E-01
  32.000   -0.952597E-01
  32.100   -0.928866E-01
  32.200   -0.905075E-01
  32.300   -0.881244E-01
  32.400   -0.857392E-01
  32.500   -0.833538E-01
  32.600   -0.809700E-01
  32.700   -0.785896E-01
  32.800   -0.762143E-01
  32.900   -0.738456E-01
  33.000   -0.714851E-01
  33.100   -0.691344E-01
  33.200   -0.667947E-01
  33.300   -0.644673E-01
  33.400   -0.621534E-01
  33.500   -0.598541E-01
  33.600   -0.575704E-01
  33.700   -0.553032E-01
  33.800   -0.530533E-01
  33.900   -0.508213E-01
  34.000   -0.486079E-01
  34.100   -0.464135E-01
  34.200   -0.442386E-01
  34.300   -0.420834E-01
  34.400   -0.399481E-01
  34.500   -0.378328E-01
  34.600   -0.357374E-01
  34.700   -0.336620E-01
  34.800   -0.316063E-01
  34.900   -0.295700E-01
  35.000   -0.275527E-01
  35.100   -0.255541E-01
  35.200   -0.235736E-01
  35.300   -0.216106E-01
  35.400   -0.196644E-01
  35.500   -0.177344E-01
  35.600   -0.158197E-01
  35.700   -0.139195E-01
  35.800   -0.120328E-01
  35.900   -0.101588E-01
  36.000   -0.829644E-02
  36.100   -0.644468E-02
  36.200   -0.460247E-02
  36.300   -0.276873E-02
  36.400   -0.942342E-03
  36.500    0.877821E-03
  36.600    0.269290E-02
  36.700    0.450406E-02
  36.800    0.631244E-02
  36.900    0.811920E-02
  37.000    0.992549E-02
  37.100    0.117325E-01
  37.200    0.135412E-01
  37.300    0.153529E-01
  37.400    0.171685E-01
  37.500    0.189891E-01
  37.600    0.208159E-01
  37.700    0.226496E-01
  37.800    0.244914E-01
  37.900    0.263421E-01
  38.000    0.282025E-01
  38.100    0.300736E-01
  38.200    0.319560E-01
  38.300    0.338505E-01
  38.400    0.357577E-01
  38.500    0.376783E-01
  38.600    0.396128E-01
  38.700    0.415616E-01
  38.800    0.435252E-01
  38.900    0.455040E-01
  39.000    0.474982E-01
  39.100    0.495081E-01
  39.200    0.515338E-01
  39.300    0.535754E-01
  39.400    0.556330E-01
  39.500    0.577065E-01
  39.600    0.597958E-01
  39.700    0.619007E-01
  39.800    0.640210E-01
  39.900    0.661564E-01
  40.000    0.683065E-01
  40.100    0.704709E-01
  40.200    0.726490E-01
  40.300    0.748403E-01
  40.400    0.770443E-01
  40.500    0.792601E-01
  40.600    0.814871E-01
  40.700    0.837245E-01
  40.800    0.859714E-01
  40.900    0.882270E-01
  41.000    0.904903E-01
  41.100    0.927602E-01
  41.200    0.950358E-01
  41.300    0.973160E-01
  41.400    0.995997E-01
  41.500    0.101886    
  41.600    0.104173    
  41.700    0.106460    
  41.800    0.108745    
  41.900    0.111028    
  42.000    0.113307    
  42.100    0.115581    
  42.200    0.117848    
  42.300    0.120106    
  42.400    0.122356    
  42.500    0.124595    
  42.600    0.126821    
  42.700    0.129034    
  42.800    0.131232    
  42.900    0.133414    
  43.000    0.135577    
  43.100    0.137722    
  43.200    0.139846    
  43.300    0.141947    
  43.400    0.144026    
  43.500    0.146079    
  43.600    0.148107    
  43.700    0.150107    
  43.800    0.152078    
  43.900    0.154019    
  44.000    0.155929    
  44.100    0.157806    
  44.200    0.159650    
  44.300    0.161458    
  44.400    0.163231    
  44.500    0.164966    
  44.600    0.166663    
  44.700    0.168320    
  44.800    0.169937    
  44.900    0.171513    
  45.000    0.173046    
  45.100    0.174536    
  45.200    0.175982    
  45.300    0.177383    
  45.400    0.178738    
  45.500    0.180047    
  45.600    0.181309    
  45.700    0.182523    
  45.800    0.183689    
  45.900    0.184805    
  46.000    0.185873    
  46.100    0.186890    
  46.200    0.187857    
  46.300    0.188773    
  46.400    0.189638    
  46.500    0.190452    
  46.600    0.191214    
  46.700    0.191925    
  46.800    0.192583    
  46.900    0.193189    
  47.000    0.193744    
  47.100    0.194246    
  47.200    0.194696    
  47.300    0.195093    
  47.400    0.195439    
  47.500    0.195733    
  47.600    0.195976    
  47.700    0.196166    
  47.800    0.196306    
  47.900    0.196395    
  48.000    0.196433    
  48.100    0.196421    
  48.200    0.196359    
  48.300    0.196248    
  48.400    0.196088    
  48.500    0.195879    
  48.600    0.195623    
  48.700    0.195319    
  48.800    0.194969    
  48.900    0.194572    
  49.000    0.194130    
  49.100    0.193643    
  49.200    0.193112    
  49.300    0.192538    
  49.400    0.191921    
  49.500    0.191262    
  49.600    0.190562    
  49.700    0.189821    
  49.800    0.189042    
  49.900    0.188223    
  50.000    0.187366    
  50.100    0.186473    
  50.200    0.185543    
  50.300    0.184579    
  50.400    0.183579    
  50.500    0.182547    
  50.600    0.181482    
  50.700    0.180385    
  50.800    0.179257    
  50.900    0.178100    
  51.000    0.176914    
  51.100    0.175700    
  51.200    0.174459    
  51.300    0.173192    
  51.400    0.171900    
  51.500    0.170584    
  51.600    0.169245    
  51.700    0.167883    
  51.800    0.166500    
  51.900    0.165097    
  52.000    0.163674    
  52.100    0.162233    
  52.200    0.160774    
  52.300    0.159299    
  52.400    0.157808    
  52.500    0.156302    
  52.600    0.154782    
  52.700    0.153249    
  52.800    0.151703    
  52.900    0.150147    
  53.000    0.148580    
  53.100    0.147003    
  53.200    0.145417    
  53.300    0.143824    
  53.400    0.142223    
  53.500    0.140616    
  53.600    0.139003    
  53.700    0.137385    
  53.800    0.135763    
  53.900    0.134138    
  54.000    0.132511    
  54.100    0.130881    
  54.200    0.129250    
  54.300    0.127619    
  54.400    0.125988    
  54.500    0.124358    
  54.600    0.122729    
  54.700    0.121102    
  54.800    0.119478    
  54.900    0.117857    
  55.000    0.116240    
  55.100    0.114628    
  55.200    0.113020    
  55.300    0.111418    
  55.400    0.109822    
  55.500    0.108232    
  55.600    0.106650    
  55.700    0.105075    
  55.800    0.103507    
  55.900    0.101949    
  56.000    0.100399    
  56.100    0.988577E-01
  56.200    0.973264E-01
  56.300    0.958051E-01
  56.400    0.942941E-01
  56.500    0.927937E-01
  56.600    0.913043E-01
  56.700    0.898262E-01
  56.800    0.883598E-01
  56.900    0.869052E-01
  57.000    0.854628E-01
  57.100    0.840328E-01
  57.200    0.826155E-01
  57.300    0.812112E-01
  57.400    0.798200E-01
  57.500    0.784421E-01
  57.600    0.770778E-01
  57.700    0.757272E-01
  57.800    0.743904E-01
  57.900    0.730678E-01
  58.000    0.717593E-01
  58.100    0.704652E-01
  58.200    0.691856E-01
  58.300    0.679205E-01
  58.400    0.666701E-01
  58.500    0.654344E-01
  58.600    0.642137E-01
  58.700    0.630078E-01
  58.800    0.618169E-01
  58.900    0.606411E-01
  59.000    0.594803E-01
  59.100    0.583346E-01
  59.200    0.572041E-01
  59.300    0.560887E-01
  59.400    0.549885E-01
  59.500    0.539034E-01
  59.600    0.528335E-01
  59.700    0.517787E-01
  59.800    0.507390E-01
  59.900    0.497145E-01
  60.000    0.487049E-01
  60.100    0.477104E-01
  60.200    0.467308E-01
  60.300    0.457661E-01
  60.400    0.448162E-01
  60.500    0.438811E-01
  60.600    0.429607E-01
  60.700    0.420548E-01
  60.800    0.411636E-01
  60.900    0.402867E-01
  61.000    0.394242E-01
  61.100    0.385760E-01
  61.200    0.377419E-01
  61.300    0.369219E-01
  61.400    0.361157E-01
  61.500    0.353234E-01
  61.600    0.345449E-01
  61.700    0.337798E-01
  61.800    0.330283E-01
  61.900    0.322901E-01
  62.000    0.315651E-01
  62.100    0.308532E-01
  62.200    0.301542E-01
  62.300    0.294680E-01
  62.400    0.287946E-01
  62.500    0.281336E-01
  62.600    0.274850E-01
  62.700    0.268487E-01
  62.800    0.262245E-01
  62.900    0.256123E-01
  63.000    0.250118E-01
  63.100    0.244231E-01
  63.200    0.238458E-01
  63.300    0.232800E-01
  63.400    0.227253E-01
  63.500    0.221818E-01
  63.600    0.216491E-01
  63.700    0.211272E-01
  63.800    0.206159E-01
  63.900    0.201151E-01
  64.000    0.196246E-01
  64.100    0.191443E-01
  64.200    0.186740E-01
  64.300    0.182136E-01
  64.400    0.177628E-01
  64.500    0.173216E-01
  64.600    0.168899E-01
  64.700    0.164674E-01
  64.800    0.160540E-01
  64.900    0.156495E-01
  65.000    0.152539E-01
  65.100    0.148670E-01
  65.200    0.144886E-01
  65.300    0.141185E-01
  65.400    0.137567E-01
  65.500    0.134030E-01
  65.600    0.130573E-01
  65.700    0.127193E-01
  65.800    0.123891E-01
  65.900    0.120664E-01
  66.000    0.117510E-01
  66.100    0.114430E-01
  66.200    0.111420E-01
  66.300    0.108481E-01
  66.400    0.105610E-01
  66.500    0.102807E-01
  66.600    0.100069E-01
  66.700    0.973969E-02
  66.800    0.947879E-02
  66.900    0.922412E-02
  67.000    0.897555E-02
  67.100    0.873298E-02
  67.200    0.849626E-02
  67.300    0.826530E-02
  67.400    0.803997E-02
  67.500    0.782015E-02
  67.600    0.760574E-02
  67.700    0.739662E-02
  67.800    0.719268E-02
  67.900    0.699381E-02
  68.000    0.679991E-02
  68.100    0.661087E-02
  68.200    0.642658E-02
  68.300    0.624695E-02
  68.400    0.607187E-02
  68.500    0.590124E-02
  68.600    0.573498E-02
  68.700    0.557297E-02
  68.800    0.541513E-02
  68.900    0.526136E-02
  69.000    0.511158E-02
  69.100    0.496569E-02
  69.200    0.482360E-02
  69.300    0.468523E-02
  69.400    0.455050E-02
  69.500    0.441931E-02
  69.600    0.429159E-02
  69.700    0.416726E-02
  69.800    0.404624E-02
  69.900    0.392845E-02
 & 
#  1 Channels, Eigenvalue: 3 Energy:   0.6906
# J:0.50 parity:-1
 #  channel core Jc (l sn) jn
#  1 : 1 0.0 1 0.5 0.5
#   700 points
   0.000     0.00000    
   0.100    0.171755E-03
   0.200    0.750299E-03
   0.300    0.189771E-02
   0.400    0.380321E-02
   0.500    0.659711E-02
   0.600    0.102853E-01
   0.700    0.147295E-01
   0.800    0.196793E-01
   0.900    0.248425E-01
   1.000    0.299651E-01
   1.100    0.348936E-01
   1.200    0.395995E-01
   1.300    0.441617E-01
   1.400    0.487181E-01
   1.500    0.534033E-01
   1.600    0.582961E-01
   1.700    0.633877E-01
   1.800    0.685798E-01
   1.900    0.737076E-01
   2.000    0.785776E-01
   2.100    0.830108E-01
   2.200    0.868772E-01
   2.300    0.901170E-01
   2.400    0.927454E-01
   2.500    0.948418E-01
   2.600    0.965294E-01
   2.700    0.979496E-01
   2.800    0.992374E-01
   2.900    0.100502    
   3.000    0.101814    
   3.100    0.103203    
   3.200    0.104659    
   3.300    0.106140    
   3.400    0.107587    
   3.500    0.108935    
   3.600    0.110121    
   3.700    0.111099    
   3.800    0.111844    
   3.900    0.112351    
   4.000    0.112639    
   4.100    0.112746    
   4.200    0.112724    
   4.300    0.112633    
   4.400    0.112537    
   4.500    0.112496    
   4.600    0.112562    
   4.700    0.112776    
   4.800    0.113164    
   4.900    0.113740    
   5.000    0.114502    
   5.100    0.115436    
   5.200    0.116518    
   5.300    0.117716    
   5.400    0.118993    
   5.500    0.120312    
   5.600    0.121633    
   5.700    0.122923    
   5.800    0.124153    
   5.900    0.125301    
   6.000    0.126350    
   6.100    0.127295    
   6.200    0.128135    
   6.300    0.128879    
   6.400    0.129538    
   6.500    0.130133    
   6.600    0.130684    
   6.700    0.131216    
   6.800    0.131754    
   6.900    0.132323    
   7.000    0.132945    
   7.100    0.133640    
   7.200    0.134424    
   7.300    0.135311    
   7.400    0.136308    
   7.500    0.137418    
   7.600    0.138641    
   7.700    0.139971    
   7.800    0.141399    
   7.900    0.142912    
   8.000    0.144494    
   8.100    0.146130    
   8.200    0.147799    
   8.300    0.149483    
   8.400    0.151161    
   8.500    0.152817    
   8.600    0.154432    
   8.700    0.155990    
   8.800    0.157479    
   8.900    0.158888    
   9.000    0.160208    
   9.100    0.161435    
   9.200    0.162565    
   9.300    0.163599    
   9.400    0.164539    
   9.500    0.165392    
   9.600    0.166164    
   9.700    0.166864    
   9.800    0.167503    
   9.900    0.168093    
  10.000    0.168645    
  10.100    0.169173    
  10.200    0.169688    
  10.300    0.170203    
  10.400    0.170729    
  10.500    0.171277    
  10.600    0.171855    
  10.700    0.172470    
  10.800    0.173130    
  10.900    0.173837    
  11.000    0.174595    
  11.100    0.175403    
  11.200    0.176262    
  11.300    0.177168    
  11.400    0.178116    
  11.500    0.179102    
  11.600    0.180117    
  11.700    0.181154    
  11.800    0.182204    
  11.900    0.183256    
  12.000    0.184301    
  12.100    0.185329    
  12.200    0.186328    
  12.300    0.187289    
  12.400    0.188201    
  12.500    0.189056    
  12.600    0.189844    
  12.700    0.190558    
  12.800    0.191191    
  12.900    0.191737    
  13.000    0.192191    
  13.100    0.192550    
  13.200    0.192812    
  13.300    0.192975    
  13.400    0.193040    
  13.500    0.193007    
  13.600    0.192880    
  13.700    0.192661    
  13.800    0.192355    
  13.900    0.191967    
  14.000    0.191503    
  14.100    0.190968    
  14.200    0.190370    
  14.300    0.189716    
  14.400    0.189013    
  14.500    0.188269    
  14.600    0.187491    
  14.700    0.186687    
  14.800    0.185862    
  14.900    0.185024    
  15.000    0.184180    
  15.100    0.183333    
  15.200    0.182490    
  15.300    0.181655    
  15.400    0.180830    
  15.500    0.180020    
  15.600    0.179225    
  15.700    0.178447    
  15.800    0.177686    
  15.900    0.176942    
  16.000    0.176213    
  16.100    0.175499    
  16.200    0.174795    
  16.300    0.174099    
  16.400    0.173406    
  16.500    0.172714    
  16.600    0.172016    
  16.700    0.171308    
  16.800    0.170585    
  16.900    0.169840    
  17.000    0.169067    
  17.100    0.168262    
  17.200    0.167419    
  17.300    0.166530    
  17.400    0.165592    
  17.500    0.164599    
  17.600    0.163545    
  17.700    0.162426    
  17.800    0.161238    
  17.900    0.159977    
  18.000    0.158639    
  18.100    0.157222    
  18.200    0.155724    
  18.300    0.154142    
  18.400    0.152475    
  18.500    0.150724    
  18.600    0.148888    
  18.700    0.146967    
  18.800    0.144963    
  18.900    0.142878    
  19.000    0.140713    
  19.100    0.138471    
  19.200    0.136155    
  19.300    0.133770    
  19.400    0.131318    
  19.500    0.128804    
  19.600    0.126233    
  19.700    0.123610    
  19.800    0.120938    
  19.900    0.118224    
  20.000    0.115473    
  20.100    0.112689    
  20.200    0.109879    
  20.300    0.107046    
  20.400    0.104198    
  20.500    0.101337    
  20.600    0.984695E-01
  20.700    0.955998E-01
  20.800    0.927320E-01
  20.900    0.898704E-01
  21.000    0.870187E-01
  21.100    0.841802E-01
  21.200    0.813581E-01
  21.300    0.785551E-01
  21.400    0.757735E-01
  21.500    0.730154E-01
  21.600    0.702822E-01
  21.700    0.675752E-01
  21.800    0.648952E-01
  21.900    0.622424E-01
  22.000    0.596171E-01
  22.100    0.570188E-01
  22.200    0.544468E-01
  22.300    0.519001E-01
  22.400    0.493774E-01
  22.500    0.468771E-01
  22.600    0.443972E-01
  22.700    0.419357E-01
  22.800    0.394900E-01
  22.900    0.370578E-01
  23.000    0.346363E-01
  23.100    0.322226E-01
  23.200    0.298139E-01
  23.300    0.274070E-01
  23.400    0.249990E-01
  23.500    0.225869E-01
  23.600    0.201674E-01
  23.700    0.177378E-01
  23.800    0.152950E-01
  23.900    0.128362E-01
  24.000    0.103588E-01
  24.100    0.786010E-02
  24.200    0.533786E-02
  24.300    0.278984E-02
  24.400    0.214068E-03
  24.500   -0.239121E-02
  24.600   -0.502749E-02
  24.700   -0.769606E-02
  24.800   -0.103979E-01
  24.900   -0.131337E-01
  25.000   -0.159040E-01
  25.100   -0.187090E-01
  25.200   -0.215484E-01
  25.300   -0.244220E-01
  25.400   -0.273290E-01
  25.500   -0.302685E-01
  25.600   -0.332392E-01
  25.700   -0.362398E-01
  25.800   -0.392683E-01
  25.900   -0.423229E-01
  26.000   -0.454013E-01
  26.100   -0.485011E-01
  26.200   -0.516195E-01
  26.300   -0.547538E-01
  26.400   -0.579010E-01
  26.500   -0.610578E-01
  26.600   -0.642209E-01
  26.700   -0.673869E-01
  26.800   -0.705522E-01
  26.900   -0.737132E-01
  27.000   -0.768662E-01
  27.100   -0.800075E-01
  27.200   -0.831332E-01
  27.300   -0.862396E-01
  27.400   -0.893228E-01
  27.500   -0.923792E-01
  27.600   -0.954051E-01
  27.700   -0.983967E-01
  27.800   -0.101351    
  27.900   -0.104263    
  28.000   -0.107131    
  28.100   -0.109951    
  28.200   -0.112720    
  28.300   -0.115435    
  28.400   -0.118094    
  28.500   -0.120693    
  28.600   -0.123230    
  28.700   -0.125703    
  28.800   -0.128110    
  28.900   -0.130449    
  29.000   -0.132718    
  29.100   -0.134916    
  29.200   -0.137041    
  29.300   -0.139093    
  29.400   -0.141071    
  29.500   -0.142973    
  29.600   -0.144800    
  29.700   -0.146552    
  29.800   -0.148228    
  29.900   -0.149828    
  30.000   -0.151353    
  30.100   -0.152804    
  30.200   -0.154180    
  30.300   -0.155484    
  30.400   -0.156715    
  30.500   -0.157876    
  30.600   -0.158968    
  30.700   -0.159991    
  30.800   -0.160948    
  30.900   -0.161841    
  31.000   -0.162670    
  31.100   -0.163439    
  31.200   -0.164148    
  31.300   -0.164801    
  31.400   -0.165398    
  31.500   -0.165943    
  31.600   -0.166437    
  31.700   -0.166883    
  31.800   -0.167282    
  31.900   -0.167637    
  32.000   -0.167951    
  32.100   -0.168224    
  32.200   -0.168460    
  32.300   -0.168661    
  32.400   -0.168827    
  32.500   -0.168963    
  32.600   -0.169068    
  32.700   -0.169146    
  32.800   -0.169198    
  32.900   -0.169225    
  33.000   -0.169229    
  33.100   -0.169212    
  33.200   -0.169175    
  33.300   -0.169119    
  33.400   -0.169045    
  33.500   -0.168955    
  33.600   -0.168848    
  33.700   -0.168727    
  33.800   -0.168591    
  33.900   -0.168442    
  34.000   -0.168278    
  34.100   -0.168102    
  34.200   -0.167912    
  34.300   -0.167710    
  34.400   -0.167494    
  34.500   -0.167265    
  34.600   -0.167022    
  34.700   -0.166764    
  34.800   -0.166492    
  34.900   -0.166205    
  35.000   -0.165901    
  35.100   -0.165581    
  35.200   -0.165242    
  35.300   -0.164884    
  35.400   -0.164505    
  35.500   -0.164106    
  35.600   -0.163683    
  35.700   -0.163237    
  35.800   -0.162764    
  35.900   -0.162265    
  36.000   -0.161738    
  36.100   -0.161180    
  36.200   -0.160591    
  36.300   -0.159968    
  36.400   -0.159311    
  36.500   -0.158617    
  36.600   -0.157885    
  36.700   -0.157113    
  36.800   -0.156300    
  36.900   -0.155444    
  37.000   -0.154543    
  37.100   -0.153596    
  37.200   -0.152601    
  37.300   -0.151557    
  37.400   -0.150462    
  37.500   -0.149315    
  37.600   -0.148115    
  37.700   -0.146860    
  37.800   -0.145548    
  37.900   -0.144180    
  38.000   -0.142753    
  38.100   -0.141267    
  38.200   -0.139720    
  38.300   -0.138113    
  38.400   -0.136443    
  38.500   -0.134711    
  38.600   -0.132915    
  38.700   -0.131056    
  38.800   -0.129133    
  38.900   -0.127146    
  39.000   -0.125094    
  39.100   -0.122977    
  39.200   -0.120795    
  39.300   -0.118549    
  39.400   -0.116239    
  39.500   -0.113864    
  39.600   -0.111426    
  39.700   -0.108924    
  39.800   -0.106360    
  39.900   -0.103735    
  40.000   -0.101048    
  40.100   -0.983009E-01
  40.200   -0.954949E-01
  40.300   -0.926309E-01
  40.400   -0.897101E-01
  40.500   -0.867338E-01
  40.600   -0.837034E-01
  40.700   -0.806203E-01
  40.800   -0.774861E-01
  40.900   -0.743023E-01
  41.000   -0.710708E-01
  41.100   -0.677932E-01
  41.200   -0.644714E-01
  41.300   -0.611073E-01
  41.400   -0.577029E-01
  41.500   -0.542602E-01
  41.600   -0.507813E-01
  41.700   -0.472683E-01
  41.800   -0.437235E-01
  41.900   -0.401490E-01
  42.000   -0.365472E-01
  42.100   -0.329204E-01
  42.200   -0.292708E-01
  42.300   -0.256010E-01
  42.400   -0.219132E-01
  42.500   -0.182099E-01
  42.600   -0.144936E-01
  42.700   -0.107667E-01
  42.800   -0.703171E-02
  42.900   -0.329104E-02
  43.000    0.452801E-03
  43.100    0.419734E-02
  43.200    0.794010E-02
  43.300    0.116786E-01
  43.400    0.154105E-01
  43.500    0.191332E-01
  43.600    0.228444E-01
  43.700    0.265416E-01
  43.800    0.302225E-01
  43.900    0.338847E-01
  44.000    0.375260E-01
  44.100    0.411440E-01
  44.200    0.447365E-01
  44.300    0.483013E-01
  44.400    0.518362E-01
  44.500    0.553391E-01
  44.600    0.588080E-01
  44.700    0.622407E-01
  44.800    0.656353E-01
  44.900    0.689899E-01
  45.000    0.723025E-01
  45.100    0.755715E-01
  45.200    0.787950E-01
  45.300    0.819713E-01
  45.400    0.850988E-01
  45.500    0.881758E-01
  45.600    0.912009E-01
  45.700    0.941726E-01
  45.800    0.970894E-01
  45.900    0.999502E-01
  46.000    0.102754    
  46.100    0.105498    
  46.200    0.108183    
  46.300    0.110807    
  46.400    0.113370    
  46.500    0.115869    
  46.600    0.118305    
  46.700    0.120677    
  46.800    0.122983    
  46.900    0.125223    
  47.000    0.127397    
  47.100    0.129504    
  47.200    0.131543    
  47.300    0.133515    
  47.400    0.135418    
  47.500    0.137253    
  47.600    0.139018    
  47.700    0.140715    
  47.800    0.142343    
  47.900    0.143902    
  48.000    0.145391    
  48.100    0.146812    
  48.200    0.148163    
  48.300    0.149446    
  48.400    0.150660    
  48.500    0.151806    
  48.600    0.152883    
  48.700    0.153894    
  48.800    0.154837    
  48.900    0.155713    
  49.000    0.156523    
  49.100    0.157268    
  49.200    0.157947    
  49.300    0.158562    
  49.400    0.159114    
  49.500    0.159602    
  49.600    0.160028    
  49.700    0.160392    
  49.800    0.160696    
  49.900    0.160940    
  50.000    0.161125    
  50.100    0.161251    
  50.200    0.161321    
  50.300    0.161334    
  50.400    0.161292    
  50.500    0.161196    
  50.600    0.161047    
  50.700    0.160845    
  50.800    0.160593    
  50.900    0.160290    
  51.000    0.159938    
  51.100    0.159538    
  51.200    0.159091    
  51.300    0.158599    
  51.400    0.158062    
  51.500    0.157482    
  51.600    0.156859    
  51.700    0.156196    
  51.800    0.155492    
  51.900    0.154749    
  52.000    0.153969    
  52.100    0.153152    
  52.200    0.152300    
  52.300    0.151413    
  52.400    0.150494    
  52.500    0.149542    
  52.600    0.148560    
  52.700    0.147548    
  52.800    0.146507    
  52.900    0.145439    
  53.000    0.144345    
  53.100    0.143226    
  53.200    0.142082    
  53.300    0.140916    
  53.400    0.139727    
  53.500    0.138518    
  53.600    0.137289    
  53.700    0.136041    
  53.800    0.134776    
  53.900    0.133494    
  54.000    0.132196    
  54.100    0.130883    
  54.200    0.129557    
  54.300    0.128218    
  54.400    0.126867    
  54.500    0.125505    
  54.600    0.124133    
  54.700    0.122752    
  54.800    0.121363    
  54.900    0.119966    
  55.000    0.118563    
  55.100    0.117154    
  55.200    0.115740    
  55.300    0.114322    
  55.400    0.112900    
  55.500    0.111476    
  55.600    0.110050    
  55.700    0.108623    
  55.800    0.107195    
  55.900    0.105768    
  56.000    0.104341    
  56.100    0.102916    
  56.200    0.101493    
  56.300    0.100072    
  56.400    0.986552E-01
  56.500    0.972419E-01
  56.600    0.958330E-01
  56.700    0.944290E-01
  56.800    0.930305E-01
  56.900    0.916378E-01
  57.000    0.902516E-01
  57.100    0.888722E-01
  57.200    0.875001E-01
  57.300    0.861357E-01
  57.400    0.847794E-01
  57.500    0.834317E-01
  57.600    0.820928E-01
  57.700    0.807632E-01
  57.800    0.794432E-01
  57.900    0.781331E-01
  58.000    0.768332E-01
  58.100    0.755439E-01
  58.200    0.742653E-01
  58.300    0.729978E-01
  58.400    0.717416E-01
  58.500    0.704970E-01
  58.600    0.692642E-01
  58.700    0.680434E-01
  58.800    0.668347E-01
  58.900    0.656384E-01
  59.000    0.644547E-01
  59.100    0.632836E-01
  59.200    0.621254E-01
  59.300    0.609802E-01
  59.400    0.598480E-01
  59.500    0.587291E-01
  59.600    0.576235E-01
  59.700    0.565313E-01
  59.800    0.554526E-01
  59.900    0.543874E-01
  60.000    0.533358E-01
  60.100    0.522979E-01
  60.200    0.512736E-01
  60.300    0.502631E-01
  60.400    0.492664E-01
  60.500    0.482834E-01
  60.600    0.473142E-01
  60.700    0.463587E-01
  60.800    0.454170E-01
  60.900    0.444890E-01
  61.000    0.435748E-01
  61.100    0.426742E-01
  61.200    0.417873E-01
  61.300    0.409139E-01
  61.400    0.400542E-01
  61.500    0.392079E-01
  61.600    0.383750E-01
  61.700    0.375555E-01
  61.800    0.367493E-01
  61.900    0.359563E-01
  62.000    0.351764E-01
  62.100    0.344096E-01
  62.200    0.336557E-01
  62.300    0.329147E-01
  62.400    0.321864E-01
  62.500    0.314708E-01
  62.600    0.307678E-01
  62.700    0.300771E-01
  62.800    0.293989E-01
  62.900    0.287328E-01
  63.000    0.280788E-01
  63.100    0.274368E-01
  63.200    0.268066E-01
  63.300    0.261882E-01
  63.400    0.255813E-01
  63.500    0.249860E-01
  63.600    0.244020E-01
  63.700    0.238291E-01
  63.800    0.232674E-01
  63.900    0.227166E-01
  64.000    0.221766E-01
  64.100    0.216472E-01
  64.200    0.211284E-01
  64.300    0.206200E-01
  64.400    0.201218E-01
  64.500    0.196337E-01
  64.600    0.191556E-01
  64.700    0.186874E-01
  64.800    0.182288E-01
  64.900    0.177797E-01
  65.000    0.173401E-01
  65.100    0.169097E-01
  65.200    0.164885E-01
  65.300    0.160762E-01
  65.400    0.156728E-01
  65.500    0.152780E-01
  65.600    0.148919E-01
  65.700    0.145141E-01
  65.800    0.141447E-01
  65.900    0.137834E-01
  66.000    0.134301E-01
  66.100    0.130846E-01
  66.200    0.127470E-01
  66.300    0.124169E-01
  66.400    0.120943E-01
  66.500    0.117790E-01
  66.600    0.114710E-01
  66.700    0.111700E-01
  66.800    0.108760E-01
  66.900    0.105887E-01
  67.000    0.103082E-01
  67.100    0.100343E-01
  67.200    0.976679E-02
  67.300    0.950562E-02
  67.400    0.925064E-02
  67.500    0.900175E-02
  67.600    0.875882E-02
  67.700    0.852174E-02
  67.800    0.829039E-02
  67.900    0.806465E-02
  68.000    0.784441E-02
  68.100    0.762956E-02
  68.200    0.741999E-02
  68.300    0.721560E-02
  68.400    0.701627E-02
  68.500    0.682190E-02
  68.600    0.663238E-02
  68.700    0.644761E-02
  68.800    0.626750E-02
  68.900    0.609194E-02
  69.000    0.592083E-02
  69.100    0.575408E-02
  69.200    0.559159E-02
  69.300    0.543326E-02
  69.400    0.527902E-02
  69.500    0.512876E-02
  69.600    0.498240E-02
  69.700    0.483984E-02
  69.800    0.470101E-02
  69.900    0.456582E-02
 & 
