Full H matrix for nchani,nchanf=  1  1 
    -1.67087    -0.00000     0.00000     0.00000     0.00000    -0.00000     0.00000    -0.00000    -0.00000    -0.00000     0.00000     0.00000    -0.00000     0.00000    -0.00000    -0.00000     0.00000     0.00000     0.00000     0.00000
     0.00000     0.12088     0.00000     0.00000     0.00000    -0.00000     0.00000    -0.00000    -0.00000    -0.00000     0.00000     0.00000    -0.00000     0.00000    -0.00000    -0.00000     0.00000     0.00000     0.00000     0.00000
    -0.00000     0.00001     0.36741    -0.00001    -0.00001     0.00001    -0.00001     0.00001     0.00001     0.00001    -0.00001    -0.00001     0.00001    -0.00001     0.00001     0.00001    -0.00001    -0.00001    -0.00001    -0.00001
    -0.00000     0.00001    -0.00002     0.75927    -0.00003     0.00004    -0.00004     0.00004     0.00004     0.00004    -0.00003    -0.00003     0.00003    -0.00003     0.00003     0.00003    -0.00003    -0.00003    -0.00002    -0.00002
    -0.00000     0.00003    -0.00005    -0.00006     1.32009     0.00007    -0.00008     0.00008     0.00007     0.00007    -0.00007    -0.00007     0.00006    -0.00006     0.00006     0.00006    -0.00006    -0.00005    -0.00005    -0.00005
     0.00000    -0.00005     0.00008     0.00010     0.00012     2.08349     0.00013    -0.00013    -0.00012    -0.00012     0.00012     0.00011    -0.00011     0.00010    -0.00010    -0.00010     0.00009     0.00009     0.00008     0.00008
    -0.00000     0.00007    -0.00012    -0.00015    -0.00018     0.00019     3.09716     0.00019     0.00019     0.00018    -0.00018    -0.00017     0.00017    -0.00016     0.00015     0.00015    -0.00014    -0.00013    -0.00013    -0.00012
     0.00000    -0.00010     0.00017     0.00022     0.00025    -0.00027     0.00028     4.43186    -0.00027    -0.00026     0.00025     0.00024    -0.00024     0.00023    -0.00022    -0.00021     0.00020     0.00019     0.00018     0.00017
     0.00000    -0.00014     0.00023     0.00030     0.00035    -0.00037     0.00038    -0.00038     6.18969    -0.00036     0.00035     0.00033    -0.00032     0.00031    -0.00030    -0.00029     0.00028     0.00026     0.00025     0.00023
     0.00000    -0.00019     0.00031     0.00040     0.00046    -0.00049     0.00051    -0.00050    -0.00049     8.52705     0.00046     0.00045    -0.00043     0.00042    -0.00040    -0.00039     0.00037     0.00035     0.00033     0.00030
    -0.00000     0.00025    -0.00041    -0.00053    -0.00061     0.00065    -0.00067     0.00067     0.00065     0.00063    11.67730    -0.00059     0.00057    -0.00055     0.00053     0.00051    -0.00049    -0.00046    -0.00044    -0.00040
    -0.00000     0.00033    -0.00054    -0.00070    -0.00081     0.00087    -0.00089     0.00088     0.00086     0.00084    -0.00081    16.01799     0.00075    -0.00073     0.00070     0.00067    -0.00065    -0.00061    -0.00058    -0.00053
     0.00000    -0.00045     0.00072     0.00094     0.00108    -0.00115     0.00118    -0.00118    -0.00115    -0.00112     0.00108     0.00104    22.14120     0.00097    -0.00094    -0.00090     0.00086     0.00082     0.00077     0.00071
    -0.00000     0.00060    -0.00098    -0.00127    -0.00146     0.00156    -0.00160     0.00159     0.00156     0.00151    -0.00146    -0.00141     0.00136    31.07596     0.00127     0.00122    -0.00117    -0.00111    -0.00104    -0.00096
     0.00000    -0.00083     0.00136     0.00175     0.00202    -0.00216     0.00221    -0.00220    -0.00216    -0.00209     0.00202     0.00195    -0.00188     0.00182    44.49442    -0.00169     0.00161     0.00154     0.00144     0.00133
     0.00000    -0.00118     0.00192     0.00248     0.00286    -0.00306     0.00313    -0.00312    -0.00305    -0.00296     0.00286     0.00276    -0.00266     0.00257    -0.00248    65.47903     0.00228     0.00217     0.00204     0.00189
    -0.00000     0.00170    -0.00277    -0.00358    -0.00412     0.00441    -0.00452     0.00450     0.00440     0.00427    -0.00413    -0.00398     0.00384    -0.00371     0.00358     0.00344    98.75121    -0.00313    -0.00294    -0.00272
    -0.00000     0.00251    -0.00408    -0.00528    -0.00608     0.00651    -0.00667     0.00663     0.00650     0.00630    -0.00609    -0.00587     0.00567    -0.00547     0.00528     0.00508    -0.00486   153.09340    -0.00434    -0.00401
    -0.00001     0.00380    -0.00617    -0.00798    -0.00919     0.00984    -0.01007     0.01003     0.00982     0.00952    -0.00920    -0.00887     0.00857    -0.00826     0.00798     0.00768    -0.00734    -0.00699   246.30923    -0.00607
    -0.00001     0.00608    -0.00989    -0.01279    -0.01472     0.01576    -0.01614     0.01607     0.01573     0.01526    -0.01474    -0.01422     0.01373    -0.01324     0.01279     0.01230    -0.01176    -0.01119    -0.01052   426.96754
Full H matrix for nchani,nchanf=  1  1 
     0.11893    -0.00000    -0.00000    -0.00000     0.00000    -0.00000    -0.00000     0.00000     0.00000    -0.00000     0.00000    -0.00000    -0.00000     0.00000     0.00000     0.00000     0.00000     0.00000     0.00000    -0.00000
    -0.00000     0.35090    -0.00001    -0.00001     0.00001    -0.00001    -0.00001     0.00001     0.00001    -0.00001     0.00001    -0.00001    -0.00001     0.00001     0.00001     0.00001     0.00001     0.00001     0.00001    -0.00001
    -0.00001    -0.00002     0.69064    -0.00002     0.00003    -0.00003    -0.00003     0.00003     0.00003    -0.00003     0.00003    -0.00003    -0.00003     0.00003     0.00002     0.00002     0.00002     0.00002     0.00002    -0.00002
    -0.00002    -0.00003    -0.00004     1.11936     0.00005    -0.00005    -0.00005     0.00005     0.00005    -0.00005     0.00005    -0.00005    -0.00005     0.00004     0.00004     0.00004     0.00004     0.00004     0.00004    -0.00003
     0.00003     0.00005     0.00006     0.00007     1.65685     0.00008     0.00009    -0.00009    -0.00009     0.00008    -0.00008     0.00008     0.00008    -0.00007    -0.00007    -0.00007    -0.00006    -0.00006    -0.00006     0.00005
    -0.00005    -0.00008    -0.00010    -0.00011     0.00012     2.39515    -0.00014     0.00014     0.00013    -0.00013     0.00013    -0.00012    -0.00012     0.00011     0.00011     0.00011     0.00010     0.00010     0.00009    -0.00008
    -0.00008    -0.00012    -0.00015    -0.00016     0.00018    -0.00019     3.40752     0.00020     0.00020    -0.00019     0.00019    -0.00018    -0.00017     0.00017     0.00016     0.00016     0.00015     0.00014     0.00013    -0.00012
     0.00011     0.00017     0.00021     0.00023    -0.00025     0.00027     0.00028     4.76267    -0.00028     0.00027    -0.00026     0.00025     0.00024    -0.00024    -0.00023    -0.00022    -0.00021    -0.00020    -0.00019     0.00017
     0.00015     0.00023     0.00028     0.00031    -0.00034     0.00037     0.00038    -0.00038     6.55891     0.00037    -0.00036     0.00034     0.00033    -0.00032    -0.00031    -0.00030    -0.00028    -0.00027    -0.00025     0.00024
    -0.00019    -0.00030    -0.00038    -0.00041     0.00045    -0.00049    -0.00051     0.00051     0.00050     8.95644     0.00047    -0.00046    -0.00044     0.00043     0.00041     0.00039     0.00038     0.00036     0.00034    -0.00031
     0.00026     0.00040     0.00049     0.00054    -0.00059     0.00065     0.00067    -0.00067    -0.00066     0.00064    12.19469     0.00060     0.00058    -0.00056    -0.00054    -0.00052    -0.00050    -0.00047    -0.00045     0.00041
    -0.00034    -0.00053    -0.00065    -0.00072     0.00078    -0.00085    -0.00088     0.00089     0.00087    -0.00085     0.00082    16.66673    -0.00077     0.00074     0.00072     0.00069     0.00066     0.00063     0.00059    -0.00055
    -0.00045    -0.00071    -0.00087    -0.00095     0.00105    -0.00114    -0.00118     0.00118     0.00116    -0.00113     0.00110    -0.00106    22.98809     0.00099     0.00095     0.00092     0.00088     0.00083     0.00078    -0.00073
     0.00061     0.00096     0.00118     0.00129    -0.00142     0.00154     0.00160    -0.00160    -0.00157     0.00153    -0.00148     0.00143     0.00139    32.22058    -0.00129    -0.00124    -0.00119    -0.00113    -0.00106     0.00099
     0.00084     0.00132     0.00163     0.00178    -0.00195     0.00212     0.00220    -0.00221    -0.00217     0.00211    -0.00205     0.00198     0.00191    -0.00185    46.09212    -0.00171    -0.00164    -0.00156    -0.00147     0.00136
     0.00118     0.00186     0.00230     0.00251    -0.00276     0.00300     0.00311    -0.00312    -0.00307     0.00298    -0.00289     0.00279     0.00270    -0.00261    -0.00252    67.65885    -0.00231    -0.00220    -0.00207     0.00192
     0.00170     0.00268     0.00330     0.00362    -0.00397     0.00431     0.00447    -0.00448    -0.00441     0.00429    -0.00416     0.00402     0.00388    -0.00375    -0.00362    -0.00348   101.81557    -0.00316    -0.00297     0.00276
     0.00250     0.00394     0.00486     0.00532    -0.00583     0.00634     0.00658    -0.00659    -0.00648     0.00631    -0.00611     0.00591     0.00571    -0.00551    -0.00532    -0.00512    -0.00489   157.49745    -0.00437     0.00406
     0.00376     0.00593     0.00730     0.00799    -0.00877     0.00953     0.00989    -0.00991    -0.00975     0.00948    -0.00919     0.00888     0.00858    -0.00829    -0.00800    -0.00769    -0.00735    -0.00699   251.62350     0.00610
    -0.00600    -0.00945    -0.01164    -0.01275     0.01399    -0.01520    -0.01577     0.01581     0.01555    -0.01513     0.01465    -0.01416    -0.01369     0.01322     0.01276     0.01227     0.01173     0.01115     0.01049   432.47637
