#  1 Channels, Eigenvalue: 1 Energy:  -1.6709
# J:1.50 parity:-1
 #  channel core Jc (l sn) jn
#  1 : 1 0.0 1 0.5 1.5
#   700 points
   0.000     0.00000    
   0.100    0.223039E-02
   0.200    0.888622E-02
   0.300    0.198609E-01
   0.400    0.349759E-01
   0.500    0.539800E-01
   0.600    0.765517E-01
   0.700    0.102304    
   0.800    0.130792    
   0.900    0.161526    
   1.000    0.193984    
   1.100    0.227621    
   1.200    0.261888    
   1.300    0.296241    
   1.400    0.330149    
   1.500    0.363105    
   1.600    0.394635    
   1.700    0.424307    
   1.800    0.451736    
   1.900    0.476598    
   2.000    0.498634    
   2.100    0.517653    
   2.200    0.533540    
   2.300    0.546250    
   2.400    0.555811    
   2.500    0.562311    
   2.600    0.565895    
   2.700    0.566754    
   2.800    0.565113    
   2.900    0.561220    
   3.000    0.555337    
   3.100    0.547729    
   3.200    0.538656    
   3.300    0.528368    
   3.400    0.517100    
   3.500    0.505065    
   3.600    0.492457    
   3.700    0.479447    
   3.800    0.466184    
   3.900    0.452794    
   4.000    0.439387    
   4.100    0.426050    
   4.200    0.412857    
   4.300    0.399866    
   4.400    0.387123    
   4.500    0.374663    
   4.600    0.362513    
   4.700    0.350690    
   4.800    0.339207    
   4.900    0.328070    
   5.000    0.317284    
   5.100    0.306847    
   5.200    0.296756    
   5.300    0.287006    
   5.400    0.277592    
   5.500    0.268504    
   5.600    0.259735    
   5.700    0.251275    
   5.800    0.243114    
   5.900    0.235243    
   6.000    0.227651    
   6.100    0.220329    
   6.200    0.213267    
   6.300    0.206455    
   6.400    0.199883    
   6.500    0.193543    
   6.600    0.187425    
   6.700    0.181520    
   6.800    0.175820    
   6.900    0.170318    
   7.000    0.165004    
   7.100    0.159873    
   7.200    0.154917    
   7.300    0.150129    
   7.400    0.145502    
   7.500    0.141032    
   7.600    0.136710    
   7.700    0.132533    
   7.800    0.128495    
   7.900    0.124590    
   8.000    0.120814    
   8.100    0.117161    
   8.200    0.113628    
   8.300    0.110210    
   8.400    0.106904    
   8.500    0.103704    
   8.600    0.100607    
   8.700    0.976099E-01
   8.800    0.947087E-01
   8.900    0.919000E-01
   9.000    0.891806E-01
   9.100    0.865473E-01
   9.200    0.839970E-01
   9.300    0.815270E-01
   9.400    0.791342E-01
   9.500    0.768160E-01
   9.600    0.745699E-01
   9.700    0.723933E-01
   9.800    0.702837E-01
   9.900    0.682390E-01
  10.000    0.662568E-01
  10.100    0.643351E-01
  10.200    0.624717E-01
  10.300    0.606648E-01
  10.400    0.589124E-01
  10.500    0.572128E-01
  10.600    0.555642E-01
  10.700    0.539650E-01
  10.800    0.524135E-01
  10.900    0.509083E-01
  11.000    0.494479E-01
  11.100    0.480310E-01
  11.200    0.466560E-01
  11.300    0.453218E-01
  11.400    0.440271E-01
  11.500    0.427707E-01
  11.600    0.415514E-01
  11.700    0.403681E-01
  11.800    0.392197E-01
  11.900    0.381052E-01
  12.000    0.370236E-01
  12.100    0.359738E-01
  12.200    0.349549E-01
  12.300    0.339660E-01
  12.400    0.330062E-01
  12.500    0.320746E-01
  12.600    0.311703E-01
  12.700    0.302926E-01
  12.800    0.294405E-01
  12.900    0.286134E-01
  13.000    0.278104E-01
  13.100    0.270308E-01
  13.200    0.262740E-01
  13.300    0.255390E-01
  13.400    0.248254E-01
  13.500    0.241324E-01
  13.600    0.234594E-01
  13.700    0.228058E-01
  13.800    0.221709E-01
  13.900    0.215541E-01
  14.000    0.209549E-01
  14.100    0.203728E-01
  14.200    0.198072E-01
  14.300    0.192576E-01
  14.400    0.187235E-01
  14.500    0.182044E-01
  14.600    0.176999E-01
  14.700    0.172095E-01
  14.800    0.167328E-01
  14.900    0.162694E-01
  15.000    0.158189E-01
  15.100    0.153809E-01
  15.200    0.149550E-01
  15.300    0.145410E-01
  15.400    0.141384E-01
  15.500    0.137470E-01
  15.600    0.133665E-01
  15.700    0.129964E-01
  15.800    0.126367E-01
  15.900    0.122869E-01
  16.000    0.119468E-01
  16.100    0.116161E-01
  16.200    0.112947E-01
  16.300    0.109822E-01
  16.400    0.106784E-01
  16.500    0.103831E-01
  16.600    0.100961E-01
  16.700    0.981715E-02
  16.800    0.954604E-02
  16.900    0.928257E-02
  17.000    0.902654E-02
  17.100    0.877775E-02
  17.200    0.853601E-02
  17.300    0.830113E-02
  17.400    0.807293E-02
  17.500    0.785122E-02
  17.600    0.763583E-02
  17.700    0.742657E-02
  17.800    0.722329E-02
  17.900    0.702581E-02
  18.000    0.683397E-02
  18.100    0.664759E-02
  18.200    0.646653E-02
  18.300    0.629062E-02
  18.400    0.611972E-02
  18.500    0.595366E-02
  18.600    0.579230E-02
  18.700    0.563550E-02
  18.800    0.548311E-02
  18.900    0.533500E-02
  19.000    0.519103E-02
  19.100    0.505107E-02
  19.200    0.491500E-02
  19.300    0.478268E-02
  19.400    0.465400E-02
  19.500    0.452885E-02
  19.600    0.440710E-02
  19.700    0.428865E-02
  19.800    0.417339E-02
  19.900    0.406123E-02
  20.000    0.395205E-02
  20.100    0.384578E-02
  20.200    0.374232E-02
  20.300    0.364158E-02
  20.400    0.354348E-02
  20.500    0.344794E-02
  20.600    0.335489E-02
  20.700    0.326424E-02
  20.800    0.317594E-02
  20.900    0.308992E-02
  21.000    0.300611E-02
  21.100    0.292446E-02
  21.200    0.284490E-02
  21.300    0.276738E-02
  21.400    0.269186E-02
  21.500    0.261829E-02
  21.600    0.254660E-02
  21.700    0.247677E-02
  21.800    0.240875E-02
  21.900    0.234250E-02
  22.000    0.227797E-02
  22.100    0.221514E-02
  22.200    0.215396E-02
  22.300    0.209441E-02
  22.400    0.203644E-02
  22.500    0.198003E-02
  22.600    0.192514E-02
  22.700    0.187174E-02
  22.800    0.181981E-02
  22.900    0.176931E-02
  23.000    0.172021E-02
  23.100    0.167249E-02
  23.200    0.162612E-02
  23.300    0.158106E-02
  23.400    0.153730E-02
  23.500    0.149481E-02
  23.600    0.145355E-02
  23.700    0.141350E-02
  23.800    0.137463E-02
  23.900    0.133691E-02
  24.000    0.130032E-02
  24.100    0.126483E-02
  24.200    0.123042E-02
  24.300    0.119704E-02
  24.400    0.116468E-02
  24.500    0.113331E-02
  24.600    0.110290E-02
  24.700    0.107343E-02
  24.800    0.104486E-02
  24.900    0.101716E-02
  25.000    0.990318E-03
  25.100    0.964297E-03
  25.200    0.939071E-03
  25.300    0.914614E-03
  25.400    0.890898E-03
  25.500    0.867898E-03
  25.600    0.845586E-03
  25.700    0.823938E-03
  25.800    0.802927E-03
  25.900    0.782530E-03
  26.000    0.762722E-03
  26.100    0.743478E-03
  26.200    0.724776E-03
  26.300    0.706593E-03
  26.400    0.688907E-03
  26.500    0.671696E-03
  26.600    0.654941E-03
  26.700    0.638621E-03
  26.800    0.622716E-03
  26.900    0.607209E-03
  27.000    0.592082E-03
  27.100    0.577318E-03
  27.200    0.562902E-03
  27.300    0.548816E-03
  27.400    0.535049E-03
  27.500    0.521585E-03
  27.600    0.508412E-03
  27.700    0.495519E-03
  27.800    0.482893E-03
  27.900    0.470525E-03
  28.000    0.458404E-03
  28.100    0.446523E-03
  28.200    0.434873E-03
  28.300    0.423446E-03
  28.400    0.412237E-03
  28.500    0.401238E-03
  28.600    0.390444E-03
  28.700    0.379851E-03
  28.800    0.369455E-03
  28.900    0.359251E-03
  29.000    0.349237E-03
  29.100    0.339410E-03
  29.200    0.329768E-03
  29.300    0.320309E-03
  29.400    0.311032E-03
  29.500    0.301935E-03
  29.600    0.293018E-03
  29.700    0.284280E-03
  29.800    0.275722E-03
  29.900    0.267343E-03
  30.000    0.259144E-03
  30.100    0.251124E-03
  30.200    0.243284E-03
  30.300    0.235625E-03
  30.400    0.228147E-03
  30.500    0.220852E-03
  30.600    0.213739E-03
  30.700    0.206809E-03
  30.800    0.200063E-03
  30.900    0.193500E-03
  31.000    0.187123E-03
  31.100    0.180930E-03
  31.200    0.174922E-03
  31.300    0.169099E-03
  31.400    0.163461E-03
  31.500    0.158007E-03
  31.600    0.152736E-03
  31.700    0.147649E-03
  31.800    0.142744E-03
  31.900    0.138020E-03
  32.000    0.133475E-03
  32.100    0.129108E-03
  32.200    0.124917E-03
  32.300    0.120900E-03
  32.400    0.117055E-03
  32.500    0.113379E-03
  32.600    0.109870E-03
  32.700    0.106524E-03
  32.800    0.103338E-03
  32.900    0.100310E-03
  33.000    0.974343E-04
  33.100    0.947086E-04
  33.200    0.921287E-04
  33.300    0.896904E-04
  33.400    0.873894E-04
  33.500    0.852214E-04
  33.600    0.831817E-04
  33.700    0.812658E-04
  33.800    0.794687E-04
  33.900    0.777857E-04
  34.000    0.762118E-04
  34.100    0.747418E-04
  34.200    0.733708E-04
  34.300    0.720935E-04
  34.400    0.709049E-04
  34.500    0.697996E-04
  34.600    0.687725E-04
  34.700    0.678184E-04
  34.800    0.669321E-04
  34.900    0.661086E-04
  35.000    0.653426E-04
  35.100    0.646291E-04
  35.200    0.639633E-04
  35.300    0.633402E-04
  35.400    0.627551E-04
  35.500    0.622032E-04
  35.600    0.616800E-04
  35.700    0.611811E-04
  35.800    0.607021E-04
  35.900    0.602389E-04
  36.000    0.597874E-04
  36.100    0.593437E-04
  36.200    0.589042E-04
  36.300    0.584653E-04
  36.400    0.580236E-04
  36.500    0.575759E-04
  36.600    0.571192E-04
  36.700    0.566506E-04
  36.800    0.561675E-04
  36.900    0.556673E-04
  37.000    0.551480E-04
  37.100    0.546072E-04
  37.200    0.540431E-04
  37.300    0.534541E-04
  37.400    0.528385E-04
  37.500    0.521950E-04
  37.600    0.515225E-04
  37.700    0.508200E-04
  37.800    0.500866E-04
  37.900    0.493219E-04
  38.000    0.485252E-04
  38.100    0.476964E-04
  38.200    0.468353E-04
  38.300    0.459419E-04
  38.400    0.450165E-04
  38.500    0.440594E-04
  38.600    0.430711E-04
  38.700    0.420522E-04
  38.800    0.410034E-04
  38.900    0.399257E-04
  39.000    0.388201E-04
  39.100    0.376876E-04
  39.200    0.365295E-04
  39.300    0.353471E-04
  39.400    0.341418E-04
  39.500    0.329152E-04
  39.600    0.316687E-04
  39.700    0.304040E-04
  39.800    0.291229E-04
  39.900    0.278271E-04
  40.000    0.265184E-04
  40.100    0.251986E-04
  40.200    0.238698E-04
  40.300    0.225338E-04
  40.400    0.211925E-04
  40.500    0.198480E-04
  40.600    0.185022E-04
  40.700    0.171571E-04
  40.800    0.158148E-04
  40.900    0.144771E-04
  41.000    0.131461E-04
  41.100    0.118238E-04
  41.200    0.105120E-04
  41.300    0.921268E-05
  41.400    0.792776E-05
  41.500    0.665905E-05
  41.600    0.540837E-05
  41.700    0.417747E-05
  41.800    0.296809E-05
  41.900    0.178188E-05
  42.000    0.620465E-06
  42.100   -0.514603E-06
  42.200   -0.162182E-05
  42.300   -0.269976E-05
  42.400   -0.374704E-05
  42.500   -0.476235E-05
  42.600   -0.574447E-05
  42.700   -0.669222E-05
  42.800   -0.760450E-05
  42.900   -0.848028E-05
  43.000   -0.931863E-05
  43.100   -0.101187E-04
  43.200   -0.108796E-04
  43.300   -0.116006E-04
  43.400   -0.122812E-04
  43.500   -0.129207E-04
  43.600   -0.135186E-04
  43.700   -0.140745E-04
  43.800   -0.145880E-04
  43.900   -0.150589E-04
  44.000   -0.154870E-04
  44.100   -0.158720E-04
  44.200   -0.162141E-04
  44.300   -0.165131E-04
  44.400   -0.167691E-04
  44.500   -0.169823E-04
  44.600   -0.171529E-04
  44.700   -0.172811E-04
  44.800   -0.173673E-04
  44.900   -0.174119E-04
  45.000   -0.174153E-04
  45.100   -0.173780E-04
  45.200   -0.173005E-04
  45.300   -0.171836E-04
  45.400   -0.170277E-04
  45.500   -0.168338E-04
  45.600   -0.166024E-04
  45.700   -0.163343E-04
  45.800   -0.160305E-04
  45.900   -0.156918E-04
  46.000   -0.153191E-04
  46.100   -0.149132E-04
  46.200   -0.144753E-04
  46.300   -0.140063E-04
  46.400   -0.135072E-04
  46.500   -0.129790E-04
  46.600   -0.124229E-04
  46.700   -0.118399E-04
  46.800   -0.112312E-04
  46.900   -0.105978E-04
  47.000   -0.994088E-05
  47.100   -0.926162E-05
  47.200   -0.856115E-05
  47.300   -0.784063E-05
  47.400   -0.710123E-05
  47.500   -0.634412E-05
  47.600   -0.557047E-05
  47.700   -0.478144E-05
  47.800   -0.397821E-05
  47.900   -0.316192E-05
  48.000   -0.233375E-05
  48.100   -0.149483E-05
  48.200   -0.646293E-06
  48.300    0.210722E-06
  48.400    0.107511E-05
  48.500    0.194576E-05
  48.600    0.282159E-05
  48.700    0.370154E-05
  48.800    0.458456E-05
  48.900    0.546960E-05
  49.000    0.635566E-05
  49.100    0.724173E-05
  49.200    0.812686E-05
  49.300    0.901009E-05
  49.400    0.989050E-05
  49.500    0.107672E-04
  49.600    0.116392E-04
  49.700    0.125058E-04
  49.800    0.133662E-04
  49.900    0.142194E-04
  50.000    0.150648E-04
  50.100    0.159015E-04
  50.200    0.167289E-04
  50.300    0.175463E-04
  50.400    0.183530E-04
  50.500    0.191483E-04
  50.600    0.199317E-04
  50.700    0.207026E-04
  50.800    0.214604E-04
  50.900    0.222045E-04
  51.000    0.229346E-04
  51.100    0.236501E-04
  51.200    0.243505E-04
  51.300    0.250355E-04
  51.400    0.257047E-04
  51.500    0.263577E-04
  51.600    0.269942E-04
  51.700    0.276138E-04
  51.800    0.282162E-04
  51.900    0.288014E-04
  52.000    0.293688E-04
  52.100    0.299185E-04
  52.200    0.304502E-04
  52.300    0.309637E-04
  52.400    0.314588E-04
  52.500    0.319356E-04
  52.600    0.323939E-04
  52.700    0.328336E-04
  52.800    0.332546E-04
  52.900    0.336571E-04
  53.000    0.340408E-04
  53.100    0.344059E-04
  53.200    0.347524E-04
  53.300    0.350803E-04
  53.400    0.353898E-04
  53.500    0.356808E-04
  53.600    0.359535E-04
  53.700    0.362080E-04
  53.800    0.364444E-04
  53.900    0.366629E-04
  54.000    0.368637E-04
  54.100    0.370468E-04
  54.200    0.372126E-04
  54.300    0.373612E-04
  54.400    0.374928E-04
  54.500    0.376076E-04
  54.600    0.377059E-04
  54.700    0.377879E-04
  54.800    0.378539E-04
  54.900    0.379041E-04
  55.000    0.379387E-04
  55.100    0.379582E-04
  55.200    0.379627E-04
  55.300    0.379525E-04
  55.400    0.379280E-04
  55.500    0.378894E-04
  55.600    0.378370E-04
  55.700    0.377712E-04
  55.800    0.376923E-04
  55.900    0.376005E-04
  56.000    0.374963E-04
  56.100    0.373798E-04
  56.200    0.372516E-04
  56.300    0.371118E-04
  56.400    0.369608E-04
  56.500    0.367990E-04
  56.600    0.366266E-04
  56.700    0.364440E-04
  56.800    0.362516E-04
  56.900    0.360496E-04
  57.000    0.358384E-04
  57.100    0.356183E-04
  57.200    0.353896E-04
  57.300    0.351528E-04
  57.400    0.349080E-04
  57.500    0.346556E-04
  57.600    0.343960E-04
  57.700    0.341293E-04
  57.800    0.338561E-04
  57.900    0.335765E-04
  58.000    0.332909E-04
  58.100    0.329995E-04
  58.200    0.327027E-04
  58.300    0.324008E-04
  58.400    0.320940E-04
  58.500    0.317827E-04
  58.600    0.314671E-04
  58.700    0.311474E-04
  58.800    0.308241E-04
  58.900    0.304972E-04
  59.000    0.301672E-04
  59.100    0.298342E-04
  59.200    0.294985E-04
  59.300    0.291603E-04
  59.400    0.288199E-04
  59.500    0.284776E-04
  59.600    0.281335E-04
  59.700    0.277879E-04
  59.800    0.274410E-04
  59.900    0.270930E-04
  60.000    0.267441E-04
  60.100    0.263945E-04
  60.200    0.260445E-04
  60.300    0.256941E-04
  60.400    0.253437E-04
  60.500    0.249934E-04
  60.600    0.246433E-04
  60.700    0.242936E-04
  60.800    0.239446E-04
  60.900    0.235963E-04
  61.000    0.232489E-04
  61.100    0.229025E-04
  61.200    0.225574E-04
  61.300    0.222136E-04
  61.400    0.218713E-04
  61.500    0.215305E-04
  61.600    0.211915E-04
  61.700    0.208544E-04
  61.800    0.205192E-04
  61.900    0.201861E-04
  62.000    0.198551E-04
  62.100    0.195264E-04
  62.200    0.192001E-04
  62.300    0.188762E-04
  62.400    0.185549E-04
  62.500    0.182362E-04
  62.600    0.179202E-04
  62.700    0.176070E-04
  62.800    0.172966E-04
  62.900    0.169891E-04
  63.000    0.166846E-04
  63.100    0.163832E-04
  63.200    0.160848E-04
  63.300    0.157895E-04
  63.400    0.154974E-04
  63.500    0.152085E-04
  63.600    0.149229E-04
  63.700    0.146406E-04
  63.800    0.143616E-04
  63.900    0.140859E-04
  64.000    0.138137E-04
  64.100    0.135448E-04
  64.200    0.132794E-04
  64.300    0.130174E-04
  64.400    0.127588E-04
  64.500    0.125038E-04
  64.600    0.122522E-04
  64.700    0.120041E-04
  64.800    0.117595E-04
  64.900    0.115184E-04
  65.000    0.112808E-04
  65.100    0.110467E-04
  65.200    0.108161E-04
  65.300    0.105889E-04
  65.400    0.103653E-04
  65.500    0.101451E-04
  65.600    0.992833E-05
  65.700    0.971504E-05
  65.800    0.950518E-05
  65.900    0.929873E-05
  66.000    0.909568E-05
  66.100    0.889601E-05
  66.200    0.869969E-05
  66.300    0.850671E-05
  66.400    0.831704E-05
  66.500    0.813066E-05
  66.600    0.794754E-05
  66.700    0.776766E-05
  66.800    0.759099E-05
  66.900    0.741751E-05
  67.000    0.724718E-05
  67.100    0.707997E-05
  67.200    0.691585E-05
  67.300    0.675480E-05
  67.400    0.659678E-05
  67.500    0.644176E-05
  67.600    0.628970E-05
  67.700    0.614057E-05
  67.800    0.599434E-05
  67.900    0.585098E-05
  68.000    0.571044E-05
  68.100    0.557270E-05
  68.200    0.543772E-05
  68.300    0.530545E-05
  68.400    0.517588E-05
  68.500    0.504895E-05
  68.600    0.492464E-05
  68.700    0.480290E-05
  68.800    0.468371E-05
  68.900    0.456701E-05
  69.000    0.445279E-05
  69.100    0.434099E-05
  69.200    0.423159E-05
  69.300    0.412454E-05
  69.400    0.401981E-05
  69.500    0.391736E-05
  69.600    0.381716E-05
  69.700    0.371917E-05
  69.800    0.362335E-05
  69.900    0.352967E-05
 & 
#  1 Channels, Eigenvalue: 1 Energy:   0.1189
# J:0.50 parity:-1
 #  channel core Jc (l sn) jn
#  1 : 1 0.0 1 0.5 0.5
#   700 points
   0.000     0.00000    
   0.100    0.256839E-04
   0.200    0.744589E-04
   0.300    0.732438E-04
   0.400   -0.654893E-04
   0.500   -0.407254E-03
   0.600   -0.967679E-03
   0.700   -0.170394E-02
   0.800   -0.252807E-02
   0.900   -0.333612E-02
   1.000   -0.404173E-02
   1.100   -0.460177E-02
   1.200   -0.502621E-02
   1.300   -0.537011E-02
   1.400   -0.571245E-02
   1.500   -0.612964E-02
   1.600   -0.667255E-02
   1.700   -0.735309E-02
   1.800   -0.814299E-02
   1.900   -0.898336E-02
   2.000   -0.980086E-02
   2.100   -0.105256E-01
   2.200   -0.111062E-01
   2.300   -0.115184E-01
   2.400   -0.117680E-01
   2.500   -0.118859E-01
   2.600   -0.119200E-01
   2.700   -0.119247E-01
   2.800   -0.119509E-01
   2.900   -0.120379E-01
   3.000   -0.122087E-01
   3.100   -0.124682E-01
   3.200   -0.128052E-01
   3.300   -0.131957E-01
   3.400   -0.136082E-01
   3.500   -0.140090E-01
   3.600   -0.143671E-01
   3.700   -0.146583E-01
   3.800   -0.148671E-01
   3.900   -0.149884E-01
   4.000   -0.150269E-01
   4.100   -0.149961E-01
   4.200   -0.149155E-01
   4.300   -0.148090E-01
   4.400   -0.147015E-01
   4.500   -0.146170E-01
   4.600   -0.145765E-01
   4.700   -0.145962E-01
   4.800   -0.146868E-01
   4.900   -0.148532E-01
   5.000   -0.150943E-01
   5.100   -0.154042E-01
   5.200   -0.157723E-01
   5.300   -0.161850E-01
   5.400   -0.166270E-01
   5.500   -0.170820E-01
   5.600   -0.175344E-01
   5.700   -0.179699E-01
   5.800   -0.183765E-01
   5.900   -0.187451E-01
   6.000   -0.190697E-01
   6.100   -0.193476E-01
   6.200   -0.195794E-01
   6.300   -0.197687E-01
   6.400   -0.199216E-01
   6.500   -0.200462E-01
   6.600   -0.201523E-01
   6.700   -0.202504E-01
   6.800   -0.203515E-01
   6.900   -0.204665E-01
   7.000   -0.206051E-01
   7.100   -0.207764E-01
   7.200   -0.209876E-01
   7.300   -0.212445E-01
   7.400   -0.215508E-01
   7.500   -0.219082E-01
   7.600   -0.223168E-01
   7.700   -0.227746E-01
   7.800   -0.232781E-01
   7.900   -0.238223E-01
   8.000   -0.244012E-01
   8.100   -0.250077E-01
   8.200   -0.256345E-01
   8.300   -0.262736E-01
   8.400   -0.269174E-01
   8.500   -0.275583E-01
   8.600   -0.281895E-01
   8.700   -0.288047E-01
   8.800   -0.293987E-01
   8.900   -0.299672E-01
   9.000   -0.305072E-01
   9.100   -0.310167E-01
   9.200   -0.314950E-01
   9.300   -0.319426E-01
   9.400   -0.323609E-01
   9.500   -0.327524E-01
   9.600   -0.331205E-01
   9.700   -0.334694E-01
   9.800   -0.338037E-01
   9.900   -0.341286E-01
  10.000   -0.344495E-01
  10.100   -0.347720E-01
  10.200   -0.351015E-01
  10.300   -0.354434E-01
  10.400   -0.358027E-01
  10.500   -0.361839E-01
  10.600   -0.365910E-01
  10.700   -0.370274E-01
  10.800   -0.374958E-01
  10.900   -0.379982E-01
  11.000   -0.385359E-01
  11.100   -0.391093E-01
  11.200   -0.397181E-01
  11.300   -0.403614E-01
  11.400   -0.410376E-01
  11.500   -0.417443E-01
  11.600   -0.424789E-01
  11.700   -0.432380E-01
  11.800   -0.440181E-01
  11.900   -0.448153E-01
  12.000   -0.456254E-01
  12.100   -0.464442E-01
  12.200   -0.472676E-01
  12.300   -0.480913E-01
  12.400   -0.489114E-01
  12.500   -0.497240E-01
  12.600   -0.505258E-01
  12.700   -0.513135E-01
  12.800   -0.520845E-01
  12.900   -0.528364E-01
  13.000   -0.535673E-01
  13.100   -0.542761E-01
  13.200   -0.549617E-01
  13.300   -0.556239E-01
  13.400   -0.562628E-01
  13.500   -0.568791E-01
  13.600   -0.574737E-01
  13.700   -0.580481E-01
  13.800   -0.586043E-01
  13.900   -0.591444E-01
  14.000   -0.596709E-01
  14.100   -0.601865E-01
  14.200   -0.606941E-01
  14.300   -0.611968E-01
  14.400   -0.616976E-01
  14.500   -0.621997E-01
  14.600   -0.627062E-01
  14.700   -0.632202E-01
  14.800   -0.637445E-01
  14.900   -0.642820E-01
  15.000   -0.648351E-01
  15.100   -0.654062E-01
  15.200   -0.659974E-01
  15.300   -0.666103E-01
  15.400   -0.672464E-01
  15.500   -0.679068E-01
  15.600   -0.685923E-01
  15.700   -0.693034E-01
  15.800   -0.700401E-01
  15.900   -0.708022E-01
  16.000   -0.715892E-01
  16.100   -0.724002E-01
  16.200   -0.732340E-01
  16.300   -0.740892E-01
  16.400   -0.749642E-01
  16.500   -0.758570E-01
  16.600   -0.767657E-01
  16.700   -0.776880E-01
  16.800   -0.786214E-01
  16.900   -0.795637E-01
  17.000   -0.805122E-01
  17.100   -0.814645E-01
  17.200   -0.824181E-01
  17.300   -0.833703E-01
  17.400   -0.843188E-01
  17.500   -0.852613E-01
  17.600   -0.861955E-01
  17.700   -0.871194E-01
  17.800   -0.880309E-01
  17.900   -0.889285E-01
  18.000   -0.898105E-01
  18.100   -0.906755E-01
  18.200   -0.915226E-01
  18.300   -0.923508E-01
  18.400   -0.931594E-01
  18.500   -0.939480E-01
  18.600   -0.947165E-01
  18.700   -0.954649E-01
  18.800   -0.961934E-01
  18.900   -0.969026E-01
  19.000   -0.975931E-01
  19.100   -0.982659E-01
  19.200   -0.989220E-01
  19.300   -0.995627E-01
  19.400   -0.100189    
  19.500   -0.100803    
  19.600   -0.101407    
  19.700   -0.102001    
  19.800   -0.102588    
  19.900   -0.103169    
  20.000   -0.103747    
  20.100   -0.104323    
  20.200   -0.104899    
  20.300   -0.105477    
  20.400   -0.106059    
  20.500   -0.106647    
  20.600   -0.107243    
  20.700   -0.107847    
  20.800   -0.108462    
  20.900   -0.109089    
  21.000   -0.109729    
  21.100   -0.110383    
  21.200   -0.111052    
  21.300   -0.111738    
  21.400   -0.112440    
  21.500   -0.113159    
  21.600   -0.113896    
  21.700   -0.114651    
  21.800   -0.115423    
  21.900   -0.116213    
  22.000   -0.117021    
  22.100   -0.117845    
  22.200   -0.118685    
  22.300   -0.119540    
  22.400   -0.120410    
  22.500   -0.121294    
  22.600   -0.122190    
  22.700   -0.123097    
  22.800   -0.124014    
  22.900   -0.124939    
  23.000   -0.125871    
  23.100   -0.126809    
  23.200   -0.127751    
  23.300   -0.128694    
  23.400   -0.129639    
  23.500   -0.130583    
  23.600   -0.131524    
  23.700   -0.132461    
  23.800   -0.133393    
  23.900   -0.134317    
  24.000   -0.135232    
  24.100   -0.136138    
  24.200   -0.137032    
  24.300   -0.137914    
  24.400   -0.138781    
  24.500   -0.139634    
  24.600   -0.140471    
  24.700   -0.141291    
  24.800   -0.142094    
  24.900   -0.142878    
  25.000   -0.143644    
  25.100   -0.144390    
  25.200   -0.145117    
  25.300   -0.145825    
  25.400   -0.146512    
  25.500   -0.147180    
  25.600   -0.147828    
  25.700   -0.148456    
  25.800   -0.149066    
  25.900   -0.149657    
  26.000   -0.150230    
  26.100   -0.150785    
  26.200   -0.151324    
  26.300   -0.151847    
  26.400   -0.152356    
  26.500   -0.152850    
  26.600   -0.153331    
  26.700   -0.153800    
  26.800   -0.154258    
  26.900   -0.154706    
  27.000   -0.155146    
  27.100   -0.155578    
  27.200   -0.156004    
  27.300   -0.156425    
  27.400   -0.156843    
  27.500   -0.157258    
  27.600   -0.157671    
  27.700   -0.158084    
  27.800   -0.158498    
  27.900   -0.158913    
  28.000   -0.159332    
  28.100   -0.159755    
  28.200   -0.160182    
  28.300   -0.160616    
  28.400   -0.161056    
  28.500   -0.161503    
  28.600   -0.161958    
  28.700   -0.162422    
  28.800   -0.162896    
  28.900   -0.163379    
  29.000   -0.163872    
  29.100   -0.164376    
  29.200   -0.164890    
  29.300   -0.165415    
  29.400   -0.165951    
  29.500   -0.166498    
  29.600   -0.167056    
  29.700   -0.167624    
  29.800   -0.168202    
  29.900   -0.168791    
  30.000   -0.169389    
  30.100   -0.169997    
  30.200   -0.170613    
  30.300   -0.171237    
  30.400   -0.171869    
  30.500   -0.172507    
  30.600   -0.173151    
  30.700   -0.173801    
  30.800   -0.174455    
  30.900   -0.175112    
  31.000   -0.175772    
  31.100   -0.176433    
  31.200   -0.177095    
  31.300   -0.177757    
  31.400   -0.178417    
  31.500   -0.179075    
  31.600   -0.179729    
  31.700   -0.180379    
  31.800   -0.181024    
  31.900   -0.181661    
  32.000   -0.182292    
  32.100   -0.182913    
  32.200   -0.183525    
  32.300   -0.184127    
  32.400   -0.184717    
  32.500   -0.185295    
  32.600   -0.185859    
  32.700   -0.186410    
  32.800   -0.186946    
  32.900   -0.187466    
  33.000   -0.187970    
  33.100   -0.188457    
  33.200   -0.188926    
  33.300   -0.189377    
  33.400   -0.189809    
  33.500   -0.190223    
  33.600   -0.190617    
  33.700   -0.190991    
  33.800   -0.191344    
  33.900   -0.191678    
  34.000   -0.191991    
  34.100   -0.192283    
  34.200   -0.192554    
  34.300   -0.192804    
  34.400   -0.193034    
  34.500   -0.193243    
  34.600   -0.193431    
  34.700   -0.193599    
  34.800   -0.193747    
  34.900   -0.193875    
  35.000   -0.193983    
  35.100   -0.194072    
  35.200   -0.194143    
  35.300   -0.194195    
  35.400   -0.194230    
  35.500   -0.194247    
  35.600   -0.194248    
  35.700   -0.194232    
  35.800   -0.194202    
  35.900   -0.194156    
  36.000   -0.194096    
  36.100   -0.194023    
  36.200   -0.193938    
  36.300   -0.193840    
  36.400   -0.193731    
  36.500   -0.193612    
  36.600   -0.193483    
  36.700   -0.193345    
  36.800   -0.193198    
  36.900   -0.193045    
  37.000   -0.192885    
  37.100   -0.192719    
  37.200   -0.192548    
  37.300   -0.192372    
  37.400   -0.192193    
  37.500   -0.192012    
  37.600   -0.191827    
  37.700   -0.191642    
  37.800   -0.191455    
  37.900   -0.191269    
  38.000   -0.191082    
  38.100   -0.190897    
  38.200   -0.190713    
  38.300   -0.190531    
  38.400   -0.190352    
  38.500   -0.190176    
  38.600   -0.190004    
  38.700   -0.189835    
  38.800   -0.189671    
  38.900   -0.189512    
  39.000   -0.189357    
  39.100   -0.189208    
  39.200   -0.189064    
  39.300   -0.188927    
  39.400   -0.188794    
  39.500   -0.188668    
  39.600   -0.188548    
  39.700   -0.188435    
  39.800   -0.188327    
  39.900   -0.188226    
  40.000   -0.188131    
  40.100   -0.188042    
  40.200   -0.187959    
  40.300   -0.187882    
  40.400   -0.187810    
  40.500   -0.187744    
  40.600   -0.187683    
  40.700   -0.187627    
  40.800   -0.187576    
  40.900   -0.187530    
  41.000   -0.187487    
  41.100   -0.187448    
  41.200   -0.187412    
  41.300   -0.187379    
  41.400   -0.187348    
  41.500   -0.187319    
  41.600   -0.187292    
  41.700   -0.187265    
  41.800   -0.187239    
  41.900   -0.187213    
  42.000   -0.187186    
  42.100   -0.187158    
  42.200   -0.187128    
  42.300   -0.187096    
  42.400   -0.187061    
  42.500   -0.187023    
  42.600   -0.186980    
  42.700   -0.186932    
  42.800   -0.186879    
  42.900   -0.186821    
  43.000   -0.186755    
  43.100   -0.186683    
  43.200   -0.186603    
  43.300   -0.186514    
  43.400   -0.186416    
  43.500   -0.186309    
  43.600   -0.186192    
  43.700   -0.186064    
  43.800   -0.185925    
  43.900   -0.185774    
  44.000   -0.185611    
  44.100   -0.185435    
  44.200   -0.185245    
  44.300   -0.185042    
  44.400   -0.184824    
  44.500   -0.184592    
  44.600   -0.184344    
  44.700   -0.184080    
  44.800   -0.183800    
  44.900   -0.183504    
  45.000   -0.183191    
  45.100   -0.182860    
  45.200   -0.182512    
  45.300   -0.182146    
  45.400   -0.181762    
  45.500   -0.181359    
  45.600   -0.180937    
  45.700   -0.180496    
  45.800   -0.180036    
  45.900   -0.179556    
  46.000   -0.179057    
  46.100   -0.178538    
  46.200   -0.177999    
  46.300   -0.177440    
  46.400   -0.176861    
  46.500   -0.176262    
  46.600   -0.175642    
  46.700   -0.175002    
  46.800   -0.174342    
  46.900   -0.173661    
  47.000   -0.172961    
  47.100   -0.172240    
  47.200   -0.171499    
  47.300   -0.170738    
  47.400   -0.169957    
  47.500   -0.169157    
  47.600   -0.168336    
  47.700   -0.167497    
  47.800   -0.166638    
  47.900   -0.165760    
  48.000   -0.164864    
  48.100   -0.163948    
  48.200   -0.163015    
  48.300   -0.162064    
  48.400   -0.161094    
  48.500   -0.160108    
  48.600   -0.159104    
  48.700   -0.158083    
  48.800   -0.157046    
  48.900   -0.155993    
  49.000   -0.154925    
  49.100   -0.153841    
  49.200   -0.152741    
  49.300   -0.151628    
  49.400   -0.150500    
  49.500   -0.149358    
  49.600   -0.148203    
  49.700   -0.147036    
  49.800   -0.145855    
  49.900   -0.144663    
  50.000   -0.143459    
  50.100   -0.142244    
  50.200   -0.141018    
  50.300   -0.139783    
  50.400   -0.138537    
  50.500   -0.137282    
  50.600   -0.136018    
  50.700   -0.134746    
  50.800   -0.133467    
  50.900   -0.132179    
  51.000   -0.130885    
  51.100   -0.129585    
  51.200   -0.128278    
  51.300   -0.126966    
  51.400   -0.125649    
  51.500   -0.124328    
  51.600   -0.123002    
  51.700   -0.121673    
  51.800   -0.120340    
  51.900   -0.119005    
  52.000   -0.117668    
  52.100   -0.116329    
  52.200   -0.114988    
  52.300   -0.113647    
  52.400   -0.112305    
  52.500   -0.110963    
  52.600   -0.109622    
  52.700   -0.108282    
  52.800   -0.106942    
  52.900   -0.105604    
  53.000   -0.104269    
  53.100   -0.102936    
  53.200   -0.101605    
  53.300   -0.100278    
  53.400   -0.989543E-01
  53.500   -0.976346E-01
  53.600   -0.963192E-01
  53.700   -0.950084E-01
  53.800   -0.937026E-01
  53.900   -0.924021E-01
  54.000   -0.911073E-01
  54.100   -0.898183E-01
  54.200   -0.885357E-01
  54.300   -0.872596E-01
  54.400   -0.859904E-01
  54.500   -0.847282E-01
  54.600   -0.834735E-01
  54.700   -0.822264E-01
  54.800   -0.809873E-01
  54.900   -0.797563E-01
  55.000   -0.785338E-01
  55.100   -0.773198E-01
  55.200   -0.761147E-01
  55.300   -0.749187E-01
  55.400   -0.737320E-01
  55.500   -0.725547E-01
  55.600   -0.713871E-01
  55.700   -0.702293E-01
  55.800   -0.690815E-01
  55.900   -0.679438E-01
  56.000   -0.668165E-01
  56.100   -0.656997E-01
  56.200   -0.645934E-01
  56.300   -0.634978E-01
  56.400   -0.624132E-01
  56.500   -0.613394E-01
  56.600   -0.602767E-01
  56.700   -0.592252E-01
  56.800   -0.581850E-01
  56.900   -0.571561E-01
  57.000   -0.561386E-01
  57.100   -0.551325E-01
  57.200   -0.541381E-01
  57.300   -0.531552E-01
  57.400   -0.521840E-01
  57.500   -0.512244E-01
  57.600   -0.502766E-01
  57.700   -0.493406E-01
  57.800   -0.484163E-01
  57.900   -0.475038E-01
  58.000   -0.466031E-01
  58.100   -0.457143E-01
  58.200   -0.448372E-01
  58.300   -0.439720E-01
  58.400   -0.431186E-01
  58.500   -0.422769E-01
  58.600   -0.414470E-01
  58.700   -0.406288E-01
  58.800   -0.398224E-01
  58.900   -0.390276E-01
  59.000   -0.382444E-01
  59.100   -0.374729E-01
  59.200   -0.367128E-01
  59.300   -0.359643E-01
  59.400   -0.352272E-01
  59.500   -0.345014E-01
  59.600   -0.337870E-01
  59.700   -0.330838E-01
  59.800   -0.323918E-01
  59.900   -0.317109E-01
  60.000   -0.310411E-01
  60.100   -0.303821E-01
  60.200   -0.297341E-01
  60.300   -0.290968E-01
  60.400   -0.284702E-01
  60.500   -0.278543E-01
  60.600   -0.272488E-01
  60.700   -0.266538E-01
  60.800   -0.260691E-01
  60.900   -0.254946E-01
  61.000   -0.249303E-01
  61.100   -0.243760E-01
  61.200   -0.238317E-01
  61.300   -0.232971E-01
  61.400   -0.227723E-01
  61.500   -0.222571E-01
  61.600   -0.217515E-01
  61.700   -0.212552E-01
  61.800   -0.207682E-01
  61.900   -0.202904E-01
  62.000   -0.198217E-01
  62.100   -0.193619E-01
  62.200   -0.189110E-01
  62.300   -0.184688E-01
  62.400   -0.180353E-01
  62.500   -0.176102E-01
  62.600   -0.171936E-01
  62.700   -0.167852E-01
  62.800   -0.163850E-01
  62.900   -0.159928E-01
  63.000   -0.156086E-01
  63.100   -0.152322E-01
  63.200   -0.148635E-01
  63.300   -0.145025E-01
  63.400   -0.141489E-01
  63.500   -0.138026E-01
  63.600   -0.134636E-01
  63.700   -0.131318E-01
  63.800   -0.128070E-01
  63.900   -0.124891E-01
  64.000   -0.121781E-01
  64.100   -0.118737E-01
  64.200   -0.115759E-01
  64.300   -0.112846E-01
  64.400   -0.109996E-01
  64.500   -0.107210E-01
  64.600   -0.104485E-01
  64.700   -0.101820E-01
  64.800   -0.992146E-02
  64.900   -0.966678E-02
  65.000   -0.941783E-02
  65.100   -0.917452E-02
  65.200   -0.893674E-02
  65.300   -0.870439E-02
  65.400   -0.847737E-02
  65.500   -0.825558E-02
  65.600   -0.803893E-02
  65.700   -0.782732E-02
  65.800   -0.762066E-02
  65.900   -0.741884E-02
  66.000   -0.722177E-02
  66.100   -0.702937E-02
  66.200   -0.684155E-02
  66.300   -0.665820E-02
  66.400   -0.647925E-02
  66.500   -0.630461E-02
  66.600   -0.613418E-02
  66.700   -0.596789E-02
  66.800   -0.580565E-02
  66.900   -0.564737E-02
  67.000   -0.549298E-02
  67.100   -0.534240E-02
  67.200   -0.519554E-02
  67.300   -0.505232E-02
  67.400   -0.491268E-02
  67.500   -0.477652E-02
  67.600   -0.464379E-02
  67.700   -0.451440E-02
  67.800   -0.438829E-02
  67.900   -0.426538E-02
  68.000   -0.414559E-02
  68.100   -0.402887E-02
  68.200   -0.391515E-02
  68.300   -0.380435E-02
  68.400   -0.369641E-02
  68.500   -0.359128E-02
  68.600   -0.348887E-02
  68.700   -0.338914E-02
  68.800   -0.329202E-02
  68.900   -0.319746E-02
  69.000   -0.310538E-02
  69.100   -0.301574E-02
  69.200   -0.292847E-02
  69.300   -0.284353E-02
  69.400   -0.276086E-02
  69.500   -0.268040E-02
  69.600   -0.260210E-02
  69.700   -0.252591E-02
  69.800   -0.245178E-02
  69.900   -0.237967E-02
 & 
