  0.0100    0.020466
  0.0111    0.023950
  0.0123    0.027811
  0.0135    0.032070
  0.0147    0.036745
  0.0161    0.041859
  0.0175    0.047430
  0.0189    0.053479
  0.0204    0.060028
  0.0220    0.067097
  0.0236    0.074706
  0.0253    0.082879
  0.0270    0.091634
  0.0288    0.100995
  0.0306    0.110984
  0.0325    0.121621
  0.0345    0.132929
  0.0365    0.144931
  0.0386    0.157649
  0.0407    0.171107
  0.0429    0.185326
  0.0452    0.200331
  0.0475    0.216146
  0.0498    0.232793
  0.0523    0.250298
  0.0547    0.268684
  0.0573    0.287977
  0.0599    0.308201
  0.0625    0.329383
  0.0652    0.351546
  0.0680    0.374718
  0.0708    0.398925
  0.0737    0.424194
  0.0766    0.450551
  0.0796    0.478024
  0.0827    0.506642
  0.0858    0.536431
  0.0890    0.567420
  0.0922    0.599640
  0.0955    0.633119
  0.0988    0.667886
  0.1022    0.703973
  0.1057    0.741410
  0.1092    0.780228
  0.1128    0.820459
  0.1164    0.862136
  0.1201    0.905291
  0.1238    0.949957
  0.1276    0.996168
  0.1315    1.043959
  0.1354    1.093364
  0.1394    1.144419
  0.1434    1.197160
  0.1475    1.251624
  0.1516    1.307847
  0.1558    1.365869
  0.1601    1.425727
  0.1644    1.487461
  0.1688    1.551110
  0.1732    1.616716
  0.1777    1.684320
  0.1823    1.753963
  0.1869    1.825689
  0.1915    1.899541
  0.1962    1.975564
  0.2010    2.053802
  0.2058    2.134302
  0.2107    2.217111
  0.2157    2.302276
  0.2207    2.389846
  0.2258    2.479870
  0.2309    2.572398
  0.2361    2.667482
  0.2413    2.765175
  0.2466    2.865528
  0.2519    2.968596
  0.2573    3.074435
  0.2628    3.183101
  0.2683    3.294650
  0.2739    3.409141
  0.2796    3.526633
  0.2853    3.647187
  0.2910    3.770865
  0.2968    3.897728
  0.3027    4.027841
  0.3086    4.161268
  0.3146    4.298076
  0.3206    4.438333
  0.3267    4.582105
  0.3329    4.729465
  0.3391    4.880481
  0.3454    5.035227
  0.3517    5.193776
  0.3581    5.356203
  0.3645    5.522585
  0.3710    5.692997
  0.3776    5.867519
  0.3842    6.046232
  0.3909    6.229216
  0.3976    6.416554
  0.4044    6.608329
  0.4112    6.804628
  0.4181    7.005536
  0.4251    7.211142
  0.4321    7.421535
  0.4392    7.636804
  0.4463    7.857043
  0.4535    8.082342
  0.4608    8.312798
  0.4681    8.548504
  0.4754    8.789558
  0.4828    9.036057
  0.4903    9.288099
  0.4978    9.545784
  0.5054    9.809213
  0.5131   10.078488
  0.5208   10.353709
  0.5286   10.634981
  0.5364   10.922407
  0.5443   11.216092
  0.5522   11.516139
  0.5602   11.822655
  0.5682   12.135743
  0.5763   12.455511
  0.5845   12.782063
  0.5927   13.115503
  0.6010   13.455938
  0.6094   13.803471
  0.6178   14.158206
  0.6262   14.520244
  0.6347   14.889689
  0.6433   15.266639
  0.6519   15.651192
  0.6606   16.043447
  0.6693   16.443496
  0.6781   16.851431
  0.6870   17.267342
  0.6959   17.691314
  0.7049   18.123431
  0.7139   18.563770
  0.7230   19.012406
  0.7321   19.469409
  0.7413   19.934845
  0.7506   20.408772
  0.7599   20.891245
  0.7693   21.382311
  0.7787   21.882011
  0.7882   22.390379
  0.7977   22.907440
  0.8073   23.433213
  0.8170   23.967706
  0.8267   24.510920
  0.8365   25.062845
  0.8463   25.623463
  0.8562   26.192741
  0.8661   26.770640
  0.8761   27.357106
  0.8862   27.952075
  0.8963   28.555469
  0.9065   29.167199
  0.9167   29.787161
  0.9270   30.415238
  0.9374   31.051300
  0.9478   31.695201
  0.9582   32.346783
  0.9688   33.005871
  0.9793   33.672277
  0.9900   34.345797
  1.0007   35.026214
  1.0114   35.713293
  1.0222   36.406788
  1.0331   37.106436
  1.0440   37.811961
  1.0550   38.523072
  1.0660   39.239466
  1.0771   39.960825
  1.0883   40.686820
  1.0995   41.417110
  1.1108   42.151343
  1.1221   42.889156
  1.1335   43.630176
  1.1449   44.374023
  1.1564   45.120307
  1.1680   45.868634
  1.1796   46.618602
  1.1912   47.369806
  1.2030   48.121836
  1.2148   48.874281
  1.2266   49.626729
  1.2385   50.378766
  1.2505   51.129982
  1.2625   51.879967
  1.2745   52.628316
  1.2867   53.374627
  1.2989   54.118506
  1.3111   54.859564
  1.3234   55.597419
  1.3358   56.331700
  1.3482   57.062044
  1.3607   57.788099
  1.3732   58.509524
  1.3858   59.225990
  1.3984   59.937179
  1.4111   60.642789
  1.4239   61.342528
  1.4367   62.036122
  1.4496   62.723307
  1.4625   63.403836
  1.4755   64.077476
  1.4886   64.744009
  1.5017   65.403232
  1.5148   66.054956
  1.5280   66.699008
  1.5413   67.335227
  1.5547   67.963470
  1.5681   68.583604
  1.5815   69.195515
  1.5950   69.799097
  1.6086   70.394262
  1.6222   70.980931
  1.6359   71.559040
  1.6496   72.128535
  1.6634   72.689376
  1.6773   73.241532
  1.6912   73.784982
  1.7051   74.319717
  1.7192   74.845737
  1.7332   75.363051
  1.7474   75.871676
  1.7616   76.371637
  1.7758   76.862968
  1.7901   77.345709
  1.8045   77.819907
  1.8189   78.285615
  1.8334   78.742892
  1.8480   79.191802
  1.8626   79.632415
  1.8772   80.064805
  1.8919   80.489049
  1.9067   80.905230
  1.9215   81.313431
  1.9364   81.713742
  1.9514   82.106253
  1.9664   82.491058
  1.9814   82.868252
  1.9965   83.237932
  2.0117   83.600198
  2.0270   83.955150
  2.0422   84.302890
  2.0576   84.643519
  2.0730   84.977141
  2.0885   85.303859
  2.1040   85.623778
  2.1195   85.937002
  2.1352   86.243634
  2.1509   86.543779
  2.1666   86.837540
  2.1824   87.125021
  2.1983   87.406325
  2.2142   87.681554
  2.2302   87.950810
  2.2462   88.214193
  2.2623   88.471804
  2.2785   88.723741
  2.2947   88.970104
  2.3109   89.210988
  2.3273   89.446490
  2.3436   89.676705
  2.3601   89.901726
  2.3766  -89.878354
  2.3931  -89.663444
  2.4097  -89.453454
  2.4264  -89.248295
  2.4431  -89.047880
  2.4599  -88.852122
  2.4767  -88.660937
  2.4936  -88.474242
  2.5106  -88.291954
  2.5276  -88.113993
  2.5447  -87.940279
  2.5618  -87.770734
  2.5790  -87.605281
  2.5962  -87.443846
  2.6135  -87.286353
  2.6309  -87.132730
  2.6483  -86.982906
  2.6658  -86.836811
  2.6833  -86.694375
  2.7009  -86.555531
  2.7185  -86.420213
  2.7362  -86.288355
  2.7540  -86.159894
  2.7718  -86.034767
  2.7897  -85.912912
  2.8076  -85.794269
  2.8256  -85.678779
  2.8436  -85.566384
  2.8617  -85.457027
  2.8799  -85.350652
  2.8981  -85.247204
  2.9164  -85.146631
  2.9347  -85.048879
  2.9531  -84.953896
  2.9716  -84.861633
  2.9901  -84.772039
  3.0086  -84.685066
  3.0273  -84.600667
  3.0459  -84.518795
  3.0647  -84.439404
  3.0835  -84.362449
  3.1023  -84.287886
  3.1212  -84.215673
  3.1402  -84.145766
  3.1592  -84.078125
  3.1783  -84.012710
  3.1974  -83.949480
  3.2166  -83.888396
  3.2359  -83.829420
  3.2552  -83.772515
  3.2745  -83.717644
  3.2940  -83.664772
  3.3135  -83.613862
  3.3330  -83.564880
  3.3526  -83.517793
  3.3722  -83.472567
  3.3920  -83.429169
  3.4117  -83.387569
  3.4315  -83.347733
  3.4514  -83.309633
  3.4714  -83.273237
  3.4914  -83.238516
  3.5114  -83.205441
  3.5315  -83.173984
  3.5517  -83.144117
  3.5719  -83.115812
  3.5922  -83.089044
  3.6126  -83.063785
  3.6330  -83.040010
  3.6534  -83.017694
  3.6739  -82.996812
  3.6945  -82.977339
  3.7151  -82.959252
  3.7358  -82.942528
  3.7566  -82.927143
  3.7774  -82.913076
  3.7982  -82.900303
  3.8192  -82.888803
  3.8401  -82.878555
  3.8612  -82.869539
  3.8823  -82.861733
  3.9034  -82.855118
  3.9246  -82.849673
  3.9459  -82.845380
  3.9672  -82.842220
  3.9886  -82.840174
  4.0100  -82.839223
  4.0315  -82.839349
  4.0530  -82.840536
  4.0747  -82.842765
  4.0963  -82.846019
  4.1180  -82.850283
  4.1398  -82.855539
  4.1617  -82.861772
  4.1836  -82.868965
  4.2055  -82.877103
  4.2275  -82.886170
  4.2496  -82.896153
  4.2717  -82.907036
  4.2939  -82.918804
  4.3161  -82.931443
  4.3384  -82.944940
  4.3608  -82.959281
  4.3832  -82.974452
  4.4057  -82.990440
  4.4282  -83.007232
  4.4508  -83.024815
  4.4734  -83.043176
  4.4961  -83.062304
  4.5189  -83.082186
  4.5417  -83.102810
  4.5645  -83.124164
  4.5875  -83.146238
  4.6105  -83.169019
  4.6335  -83.192496
  4.6566  -83.216659
  4.6798  -83.241497
  4.7030  -83.266998
  4.7262  -83.293153
  4.7496  -83.319952
  4.7730  -83.347384
  4.7964  -83.375439
  4.8199  -83.404109
  4.8435  -83.433382
  4.8671  -83.463250
  4.8908  -83.493703
  4.9145  -83.524732
  4.9383  -83.556329
  4.9621  -83.588484
  4.9860  -83.621189
  5.0100  -83.654435
