#  1 Channels, Eigenvalue: 2 Energy:   0.1209
# J:1.50 parity:-1
 #  channel core Jc (l sn) jn
#  1 : 1 0.0 1 0.5 1.5
#   700 points
   0.000     0.00000    
   0.100    0.119451E-03
   0.200    0.447390E-03
   0.300    0.904593E-03
   0.400    0.139407E-02
   0.500    0.183840E-02
   0.600    0.220835E-02
   0.700    0.253185E-02
   0.800    0.288069E-02
   0.900    0.334117E-02
   1.000    0.398026E-02
   1.100    0.481985E-02
   1.200    0.582734E-02
   1.300    0.692419E-02
   1.400    0.800819E-02
   1.500    0.898093E-02
   1.600    0.977171E-02
   1.700    0.103516E-01
   1.800    0.107352E-01
   1.900    0.109706E-01
   2.000    0.111236E-01
   2.100    0.112592E-01
   2.200    0.114262E-01
   2.300    0.116480E-01
   2.400    0.119203E-01
   2.500    0.122148E-01
   2.600    0.124877E-01
   2.700    0.126902E-01
   2.800    0.127781E-01
   2.900    0.127199E-01
   3.000    0.125011E-01
   3.100    0.121257E-01
   3.200    0.116143E-01
   3.300    0.110002E-01
   3.400    0.103235E-01
   3.500    0.962641E-02
   3.600    0.894731E-02
   3.700    0.831727E-02
   3.800    0.775728E-02
   3.900    0.727724E-02
   4.000    0.687624E-02
   4.100    0.654400E-02
   4.200    0.626304E-02
   4.300    0.601133E-02
   4.400    0.576502E-02
   4.500    0.550093E-02
   4.600    0.519874E-02
   4.700    0.484254E-02
   4.800    0.442187E-02
   4.900    0.393214E-02
   5.000    0.337453E-02
   5.100    0.275538E-02
   5.200    0.208533E-02
   5.300    0.137816E-02
   5.400    0.649579E-03
   5.500   -0.840590E-04
   5.600   -0.806873E-03
   5.700   -0.150449E-02
   5.800   -0.216486E-02
   5.900   -0.277883E-02
   6.000   -0.334049E-02
   6.100   -0.384734E-02
   6.200   -0.430015E-02
   6.300   -0.470276E-02
   6.400   -0.506160E-02
   6.500   -0.538525E-02
   6.600   -0.568385E-02
   6.700   -0.596844E-02
   6.800   -0.625043E-02
   6.900   -0.654098E-02
   7.000   -0.685053E-02
   7.100   -0.718834E-02
   7.200   -0.756213E-02
   7.300   -0.797787E-02
   7.400   -0.843960E-02
   7.500   -0.894937E-02
   7.600   -0.950729E-02
   7.700   -0.101116E-01
   7.800   -0.107588E-01
   7.900   -0.114441E-01
   8.000   -0.121614E-01
   8.100   -0.129038E-01
   8.200   -0.136636E-01
   8.300   -0.144331E-01
   8.400   -0.152044E-01
   8.500   -0.159701E-01
   8.600   -0.167231E-01
   8.700   -0.174573E-01
   8.800   -0.181673E-01
   8.900   -0.188489E-01
   9.000   -0.194991E-01
   9.100   -0.201159E-01
   9.200   -0.206987E-01
   9.300   -0.212479E-01
   9.400   -0.217651E-01
   9.500   -0.222530E-01
   9.600   -0.227151E-01
   9.700   -0.231556E-01
   9.800   -0.235795E-01
   9.900   -0.239919E-01
  10.000   -0.243985E-01
  10.100   -0.248051E-01
  10.200   -0.252172E-01
  10.300   -0.256404E-01
  10.400   -0.260797E-01
  10.500   -0.265400E-01
  10.600   -0.270252E-01
  10.700   -0.275390E-01
  10.800   -0.280842E-01
  10.900   -0.286628E-01
  11.000   -0.292762E-01
  11.100   -0.299248E-01
  11.200   -0.306084E-01
  11.300   -0.313261E-01
  11.400   -0.320763E-01
  11.500   -0.328568E-01
  11.600   -0.336646E-01
  11.700   -0.344965E-01
  11.800   -0.353490E-01
  11.900   -0.362179E-01
  12.000   -0.370992E-01
  12.100   -0.379887E-01
  12.200   -0.388819E-01
  12.300   -0.397747E-01
  12.400   -0.406631E-01
  12.500   -0.415432E-01
  12.600   -0.424115E-01
  12.700   -0.432647E-01
  12.800   -0.441002E-01
  12.900   -0.449155E-01
  13.000   -0.457088E-01
  13.100   -0.464788E-01
  13.200   -0.472247E-01
  13.300   -0.479460E-01
  13.400   -0.486430E-01
  13.500   -0.493162E-01
  13.600   -0.499668E-01
  13.700   -0.505963E-01
  13.800   -0.512067E-01
  13.900   -0.518000E-01
  14.000   -0.523790E-01
  14.100   -0.529463E-01
  14.200   -0.535050E-01
  14.300   -0.540582E-01
  14.400   -0.546090E-01
  14.500   -0.551607E-01
  14.600   -0.557164E-01
  14.700   -0.562793E-01
  14.800   -0.568524E-01
  14.900   -0.574384E-01
  15.000   -0.580401E-01
  15.100   -0.586597E-01
  15.200   -0.592994E-01
  15.300   -0.599609E-01
  15.400   -0.606458E-01
  15.500   -0.613552E-01
  15.600   -0.620898E-01
  15.700   -0.628503E-01
  15.800   -0.636366E-01
  15.900   -0.644485E-01
  16.000   -0.652856E-01
  16.100   -0.661468E-01
  16.200   -0.670312E-01
  16.300   -0.679371E-01
  16.400   -0.688630E-01
  16.500   -0.698069E-01
  16.600   -0.707667E-01
  16.700   -0.717402E-01
  16.800   -0.727250E-01
  16.900   -0.737185E-01
  17.000   -0.747182E-01
  17.100   -0.757216E-01
  17.200   -0.767261E-01
  17.300   -0.777291E-01
  17.400   -0.787282E-01
  17.500   -0.797210E-01
  17.600   -0.807051E-01
  17.700   -0.816785E-01
  17.800   -0.826393E-01
  17.900   -0.835856E-01
  18.000   -0.845159E-01
  18.100   -0.854288E-01
  18.200   -0.863232E-01
  18.300   -0.871982E-01
  18.400   -0.880531E-01
  18.500   -0.888874E-01
  18.600   -0.897011E-01
  18.700   -0.904942E-01
  18.800   -0.912669E-01
  18.900   -0.920197E-01
  19.000   -0.927534E-01
  19.100   -0.934688E-01
  19.200   -0.941671E-01
  19.300   -0.948496E-01
  19.400   -0.955176E-01
  19.500   -0.961728E-01
  19.600   -0.968167E-01
  19.700   -0.974512E-01
  19.800   -0.980781E-01
  19.900   -0.986993E-01
  20.000   -0.993167E-01
  20.100   -0.999324E-01
  20.200   -0.100548    
  20.300   -0.101166    
  20.400   -0.101788    
  20.500   -0.102415    
  20.600   -0.103050    
  20.700   -0.103694    
  20.800   -0.104349    
  20.900   -0.105016    
  21.000   -0.105696    
  21.100   -0.106390    
  21.200   -0.107101    
  21.300   -0.107827    
  21.400   -0.108571    
  21.500   -0.109332    
  21.600   -0.110110    
  21.700   -0.110907    
  21.800   -0.111722    
  21.900   -0.112555    
  22.000   -0.113405    
  22.100   -0.114273    
  22.200   -0.115157    
  22.300   -0.116056    
  22.400   -0.116971    
  22.500   -0.117899    
  22.600   -0.118839    
  22.700   -0.119791    
  22.800   -0.120753    
  22.900   -0.121724    
  23.000   -0.122702    
  23.100   -0.123685    
  23.200   -0.124672    
  23.300   -0.125662    
  23.400   -0.126652    
  23.500   -0.127641    
  23.600   -0.128628    
  23.700   -0.129611    
  23.800   -0.130588    
  23.900   -0.131557    
  24.000   -0.132518    
  24.100   -0.133468    
  24.200   -0.134407    
  24.300   -0.135333    
  24.400   -0.136244    
  24.500   -0.137141    
  24.600   -0.138021    
  24.700   -0.138884    
  24.800   -0.139729    
  24.900   -0.140556    
  25.000   -0.141363    
  25.100   -0.142151    
  25.200   -0.142919    
  25.300   -0.143667    
  25.400   -0.144395    
  25.500   -0.145102    
  25.600   -0.145789    
  25.700   -0.146457    
  25.800   -0.147105    
  25.900   -0.147734    
  26.000   -0.148345    
  26.100   -0.148938    
  26.200   -0.149514    
  26.300   -0.150073    
  26.400   -0.150618    
  26.500   -0.151148    
  26.600   -0.151664    
  26.700   -0.152169    
  26.800   -0.152662    
  26.900   -0.153145    
  27.000   -0.153620    
  27.100   -0.154087    
  27.200   -0.154547    
  27.300   -0.155003    
  27.400   -0.155454    
  27.500   -0.155903    
  27.600   -0.156350    
  27.700   -0.156797    
  27.800   -0.157245    
  27.900   -0.157695    
  28.000   -0.158147    
  28.100   -0.158604    
  28.200   -0.159066    
  28.300   -0.159533    
  28.400   -0.160008    
  28.500   -0.160490    
  28.600   -0.160980    
  28.700   -0.161479    
  28.800   -0.161987    
  28.900   -0.162505    
  29.000   -0.163033    
  29.100   -0.163573    
  29.200   -0.164122    
  29.300   -0.164683    
  29.400   -0.165255    
  29.500   -0.165838    
  29.600   -0.166432    
  29.700   -0.167037    
  29.800   -0.167653    
  29.900   -0.168278    
  30.000   -0.168914    
  30.100   -0.169558    
  30.200   -0.170212    
  30.300   -0.170874    
  30.400   -0.171543    
  30.500   -0.172219    
  30.600   -0.172902    
  30.700   -0.173589    
  30.800   -0.174281    
  30.900   -0.174977    
  31.000   -0.175674    
  31.100   -0.176374    
  31.200   -0.177074    
  31.300   -0.177774    
  31.400   -0.178472    
  31.500   -0.179168    
  31.600   -0.179860    
  31.700   -0.180548    
  31.800   -0.181230    
  31.900   -0.181905    
  32.000   -0.182572    
  32.100   -0.183231    
  32.200   -0.183880    
  32.300   -0.184518    
  32.400   -0.185144    
  32.500   -0.185758    
  32.600   -0.186358    
  32.700   -0.186944    
  32.800   -0.187515    
  32.900   -0.188070    
  33.000   -0.188608    
  33.100   -0.189128    
  33.200   -0.189631    
  33.300   -0.190115    
  33.400   -0.190580    
  33.500   -0.191026    
  33.600   -0.191451    
  33.700   -0.191857    
  33.800   -0.192241    
  33.900   -0.192605    
  34.000   -0.192947    
  34.100   -0.193269    
  34.200   -0.193569    
  34.300   -0.193848    
  34.400   -0.194105    
  34.500   -0.194341    
  34.600   -0.194556    
  34.700   -0.194751    
  34.800   -0.194925    
  34.900   -0.195078    
  35.000   -0.195211    
  35.100   -0.195325    
  35.200   -0.195420    
  35.300   -0.195496    
  35.400   -0.195554    
  35.500   -0.195594    
  35.600   -0.195617    
  35.700   -0.195623    
  35.800   -0.195614    
  35.900   -0.195590    
  36.000   -0.195551    
  36.100   -0.195498    
  36.200   -0.195432    
  36.300   -0.195355    
  36.400   -0.195265    
  36.500   -0.195165    
  36.600   -0.195055    
  36.700   -0.194936    
  36.800   -0.194808    
  36.900   -0.194672    
  37.000   -0.194530    
  37.100   -0.194382    
  37.200   -0.194229    
  37.300   -0.194070    
  37.400   -0.193909    
  37.500   -0.193744    
  37.600   -0.193577    
  37.700   -0.193408    
  37.800   -0.193238    
  37.900   -0.193068    
  38.000   -0.192898    
  38.100   -0.192729    
  38.200   -0.192562    
  38.300   -0.192396    
  38.400   -0.192234    
  38.500   -0.192074    
  38.600   -0.191918    
  38.700   -0.191766    
  38.800   -0.191618    
  38.900   -0.191474    
  39.000   -0.191336    
  39.100   -0.191203    
  39.200   -0.191076    
  39.300   -0.190954    
  39.400   -0.190838    
  39.500   -0.190729    
  39.600   -0.190625    
  39.700   -0.190528    
  39.800   -0.190437    
  39.900   -0.190352    
  40.000   -0.190274    
  40.100   -0.190201    
  40.200   -0.190135    
  40.300   -0.190074    
  40.400   -0.190019    
  40.500   -0.189970    
  40.600   -0.189926    
  40.700   -0.189887    
  40.800   -0.189852    
  40.900   -0.189822    
  41.000   -0.189796    
  41.100   -0.189774    
  41.200   -0.189754    
  41.300   -0.189738    
  41.400   -0.189724    
  41.500   -0.189711    
  41.600   -0.189700    
  41.700   -0.189690    
  41.800   -0.189680    
  41.900   -0.189670    
  42.000   -0.189659    
  42.100   -0.189647    
  42.200   -0.189633    
  42.300   -0.189617    
  42.400   -0.189597    
  42.500   -0.189574    
  42.600   -0.189546    
  42.700   -0.189513    
  42.800   -0.189475    
  42.900   -0.189431    
  43.000   -0.189380    
  43.100   -0.189321    
  43.200   -0.189254    
  43.300   -0.189179    
  43.400   -0.189095    
  43.500   -0.189001    
  43.600   -0.188896    
  43.700   -0.188780    
  43.800   -0.188653    
  43.900   -0.188513    
  44.000   -0.188361    
  44.100   -0.188196    
  44.200   -0.188017    
  44.300   -0.187823    
  44.400   -0.187615    
  44.500   -0.187392    
  44.600   -0.187153    
  44.700   -0.186897    
  44.800   -0.186625    
  44.900   -0.186336    
  45.000   -0.186030    
  45.100   -0.185706    
  45.200   -0.185364    
  45.300   -0.185003    
  45.400   -0.184624    
  45.500   -0.184225    
  45.600   -0.183808    
  45.700   -0.183370    
  45.800   -0.182913    
  45.900   -0.182436    
  46.000   -0.181939    
  46.100   -0.181421    
  46.200   -0.180883    
  46.300   -0.180325    
  46.400   -0.179745    
  46.500   -0.179145    
  46.600   -0.178524    
  46.700   -0.177883    
  46.800   -0.177220    
  46.900   -0.176537    
  47.000   -0.175833    
  47.100   -0.175108    
  47.200   -0.174363    
  47.300   -0.173597    
  47.400   -0.172811    
  47.500   -0.172004    
  47.600   -0.171178    
  47.700   -0.170331    
  47.800   -0.169465    
  47.900   -0.168579    
  48.000   -0.167674    
  48.100   -0.166750    
  48.200   -0.165807    
  48.300   -0.164846    
  48.400   -0.163866    
  48.500   -0.162868    
  48.600   -0.161853    
  48.700   -0.160821    
  48.800   -0.159772    
  48.900   -0.158706    
  49.000   -0.157624    
  49.100   -0.156526    
  49.200   -0.155413    
  49.300   -0.154285    
  49.400   -0.153142    
  49.500   -0.151985    
  49.600   -0.150815    
  49.700   -0.149631    
  49.800   -0.148434    
  49.900   -0.147225    
  50.000   -0.146005    
  50.100   -0.144772    
  50.200   -0.143529    
  50.300   -0.142275    
  50.400   -0.141011    
  50.500   -0.139737    
  50.600   -0.138455    
  50.700   -0.137164    
  50.800   -0.135864    
  50.900   -0.134557    
  51.000   -0.133243    
  51.100   -0.131923    
  51.200   -0.130596    
  51.300   -0.129263    
  51.400   -0.127925    
  51.500   -0.126583    
  51.600   -0.125236    
  51.700   -0.123885    
  51.800   -0.122531    
  51.900   -0.121175    
  52.000   -0.119815    
  52.100   -0.118454    
  52.200   -0.117092    
  52.300   -0.115728    
  52.400   -0.114364    
  52.500   -0.113000    
  52.600   -0.111636    
  52.700   -0.110273    
  52.800   -0.108911    
  52.900   -0.107551    
  53.000   -0.106193    
  53.100   -0.104837    
  53.200   -0.103484    
  53.300   -0.102134    
  53.400   -0.100788    
  53.500   -0.994451E-01
  53.600   -0.981069E-01
  53.700   -0.967734E-01
  53.800   -0.954450E-01
  53.900   -0.941218E-01
  54.000   -0.928044E-01
  54.100   -0.914929E-01
  54.200   -0.901877E-01
  54.300   -0.888892E-01
  54.400   -0.875976E-01
  54.500   -0.863132E-01
  54.600   -0.850362E-01
  54.700   -0.837671E-01
  54.800   -0.825059E-01
  54.900   -0.812530E-01
  55.000   -0.800086E-01
  55.100   -0.787730E-01
  55.200   -0.775463E-01
  55.300   -0.763288E-01
  55.400   -0.751207E-01
  55.500   -0.739222E-01
  55.600   -0.727335E-01
  55.700   -0.715548E-01
  55.800   -0.703862E-01
  55.900   -0.692280E-01
  56.000   -0.680802E-01
  56.100   -0.669430E-01
  56.200   -0.658166E-01
  56.300   -0.647011E-01
  56.400   -0.635966E-01
  56.500   -0.625032E-01
  56.600   -0.614210E-01
  56.700   -0.603503E-01
  56.800   -0.592909E-01
  56.900   -0.582431E-01
  57.000   -0.572068E-01
  57.100   -0.561823E-01
  57.200   -0.551694E-01
  57.300   -0.541684E-01
  57.400   -0.531792E-01
  57.500   -0.522019E-01
  57.600   -0.512365E-01
  57.700   -0.502831E-01
  57.800   -0.493416E-01
  57.900   -0.484122E-01
  58.000   -0.474948E-01
  58.100   -0.465893E-01
  58.200   -0.456959E-01
  58.300   -0.448145E-01
  58.400   -0.439451E-01
  58.500   -0.430877E-01
  58.600   -0.422423E-01
  58.700   -0.414088E-01
  58.800   -0.405872E-01
  58.900   -0.397775E-01
  59.000   -0.389796E-01
  59.100   -0.381935E-01
  59.200   -0.374192E-01
  59.300   -0.366566E-01
  59.400   -0.359056E-01
  59.500   -0.351661E-01
  59.600   -0.344382E-01
  59.700   -0.337218E-01
  59.800   -0.330167E-01
  59.900   -0.323229E-01
  60.000   -0.316403E-01
  60.100   -0.309689E-01
  60.200   -0.303086E-01
  60.300   -0.296592E-01
  60.400   -0.290207E-01
  60.500   -0.283930E-01
  60.600   -0.277761E-01
  60.700   -0.271697E-01
  60.800   -0.265739E-01
  60.900   -0.259885E-01
  61.000   -0.254134E-01
  61.100   -0.248486E-01
  61.200   -0.242938E-01
  61.300   -0.237491E-01
  61.400   -0.232143E-01
  61.500   -0.226892E-01
  61.600   -0.221739E-01
  61.700   -0.216681E-01
  61.800   -0.211718E-01
  61.900   -0.206848E-01
  62.000   -0.202071E-01
  62.100   -0.197385E-01
  62.200   -0.192790E-01
  62.300   -0.188283E-01
  62.400   -0.183864E-01
  62.500   -0.179532E-01
  62.600   -0.175285E-01
  62.700   -0.171123E-01
  62.800   -0.167044E-01
  62.900   -0.163047E-01
  63.000   -0.159131E-01
  63.100   -0.155294E-01
  63.200   -0.151536E-01
  63.300   -0.147856E-01
  63.400   -0.144251E-01
  63.500   -0.140722E-01
  63.600   -0.137267E-01
  63.700   -0.133884E-01
  63.800   -0.130574E-01
  63.900   -0.127333E-01
  64.000   -0.124162E-01
  64.100   -0.121060E-01
  64.200   -0.118024E-01
  64.300   -0.115055E-01
  64.400   -0.112150E-01
  64.500   -0.109309E-01
  64.600   -0.106531E-01
  64.700   -0.103815E-01
  64.800   -0.101159E-01
  64.900   -0.985628E-02
  65.000   -0.960250E-02
  65.100   -0.935446E-02
  65.200   -0.911205E-02
  65.300   -0.887518E-02
  65.400   -0.864375E-02
  65.500   -0.841765E-02
  65.600   -0.819678E-02
  65.700   -0.798105E-02
  65.800   -0.777036E-02
  65.900   -0.756461E-02
  66.000   -0.736370E-02
  66.100   -0.716755E-02
  66.200   -0.697606E-02
  66.300   -0.678914E-02
  66.400   -0.660670E-02
  66.500   -0.642864E-02
  66.600   -0.625489E-02
  66.700   -0.608535E-02
  66.800   -0.591994E-02
  66.900   -0.575857E-02
  67.000   -0.560116E-02
  67.100   -0.544763E-02
  67.200   -0.529790E-02
  67.300   -0.515188E-02
  67.400   -0.500951E-02
  67.500   -0.487069E-02
  67.600   -0.473536E-02
  67.700   -0.460344E-02
  67.800   -0.447485E-02
  67.900   -0.434953E-02
  68.000   -0.422740E-02
  68.100   -0.410839E-02
  68.200   -0.399243E-02
  68.300   -0.387946E-02
  68.400   -0.376941E-02
  68.500   -0.366221E-02
  68.600   -0.355779E-02
  68.700   -0.345610E-02
  68.800   -0.335708E-02
  68.900   -0.326065E-02
  69.000   -0.316677E-02
  69.100   -0.307536E-02
  69.200   -0.298638E-02
  69.300   -0.289977E-02
  69.400   -0.281547E-02
  69.500   -0.273343E-02
  69.600   -0.265359E-02
  69.700   -0.257590E-02
  69.800   -0.250032E-02
  69.900   -0.242678E-02
 & 
#  1 Channels, Eigenvalue: 2 Energy:   0.3509
# J:0.50 parity:-1
 #  channel core Jc (l sn) jn
#  1 : 1 0.0 1 0.5 0.5
#   700 points
   0.000     0.00000    
   0.100    0.245082E-03
   0.200    0.929061E-03
   0.300    0.191820E-02
   0.400    0.304814E-02
   0.500    0.418627E-02
   0.600    0.527953E-02
   0.700    0.636951E-02
   0.800    0.757034E-02
   0.900    0.901980E-02
   1.000    0.108230E-01
   1.100    0.130099E-01
   1.200    0.155191E-01
   1.300    0.182134E-01
   1.400    0.209161E-01
   1.500    0.234578E-01
   1.600    0.257162E-01
   1.700    0.276395E-01
   1.800    0.292490E-01
   1.900    0.306235E-01
   2.000    0.318713E-01
   2.100    0.331000E-01
   2.200    0.343906E-01
   2.300    0.357822E-01
   2.400    0.372672E-01
   2.500    0.387985E-01
   2.600    0.403031E-01
   2.700    0.416993E-01
   2.800    0.429133E-01
   2.900    0.438922E-01
   3.000    0.446117E-01
   3.100    0.450783E-01
   3.200    0.453261E-01
   3.300    0.454101E-01
   3.400    0.453975E-01
   3.500    0.453583E-01
   3.600    0.453567E-01
   3.700    0.454445E-01
   3.800    0.456569E-01
   3.900    0.460109E-01
   4.000    0.465052E-01
   4.100    0.471233E-01
   4.200    0.478367E-01
   4.300    0.486094E-01
   4.400    0.494025E-01
   4.500    0.501783E-01
   4.600    0.509037E-01
   4.700    0.515534E-01
   4.800    0.521108E-01
   4.900    0.525693E-01
   5.000    0.529319E-01
   5.100    0.532100E-01
   5.200    0.534222E-01
   5.300    0.535922E-01
   5.400    0.537470E-01
   5.500    0.539143E-01
   5.600    0.541210E-01
   5.700    0.543915E-01
   5.800    0.547462E-01
   5.900    0.552003E-01
   6.000    0.557638E-01
   6.100    0.564409E-01
   6.200    0.572301E-01
   6.300    0.581248E-01
   6.400    0.591141E-01
   6.500    0.601833E-01
   6.600    0.613154E-01
   6.700    0.624916E-01
   6.800    0.636925E-01
   6.900    0.648992E-01
   7.000    0.660939E-01
   7.100    0.672610E-01
   7.200    0.683872E-01
   7.300    0.694624E-01
   7.400    0.704795E-01
   7.500    0.714349E-01
   7.600    0.723282E-01
   7.700    0.731622E-01
   7.800    0.739423E-01
   7.900    0.746765E-01
   8.000    0.753747E-01
   8.100    0.760484E-01
   8.200    0.767100E-01
   8.300    0.773723E-01
   8.400    0.780481E-01
   8.500    0.787497E-01
   8.600    0.794886E-01
   8.700    0.802748E-01
   8.800    0.811169E-01
   8.900    0.820217E-01
   9.000    0.829940E-01
   9.100    0.840365E-01
   9.200    0.851502E-01
   9.300    0.863337E-01
   9.400    0.875841E-01
   9.500    0.888966E-01
   9.600    0.902649E-01
   9.700    0.916815E-01
   9.800    0.931379E-01
   9.900    0.946247E-01
  10.000    0.961323E-01
  10.100    0.976507E-01
  10.200    0.991700E-01
  10.300    0.100681    
  10.400    0.102174    
  10.500    0.103641    
  10.600    0.105075    
  10.700    0.106470    
  10.800    0.107820    
  10.900    0.109123    
  11.000    0.110374    
  11.100    0.111574    
  11.200    0.112721    
  11.300    0.113818    
  11.400    0.114867    
  11.500    0.115871    
  11.600    0.116835    
  11.700    0.117764    
  11.800    0.118663    
  11.900    0.119540    
  12.000    0.120400    
  12.100    0.121251    
  12.200    0.122099    
  12.300    0.122951    
  12.400    0.123814    
  12.500    0.124694    
  12.600    0.125597    
  12.700    0.126527    
  12.800    0.127489    
  12.900    0.128486    
  13.000    0.129521    
  13.100    0.130596    
  13.200    0.131713    
  13.300    0.132871    
  13.400    0.134070    
  13.500    0.135308    
  13.600    0.136584    
  13.700    0.137893    
  13.800    0.139234    
  13.900    0.140601    
  14.000    0.141990    
  14.100    0.143396    
  14.200    0.144814    
  14.300    0.146237    
  14.400    0.147661    
  14.500    0.149080    
  14.600    0.150487    
  14.700    0.151878    
  14.800    0.153246    
  14.900    0.154588    
  15.000    0.155898    
  15.100    0.157171    
  15.200    0.158404    
  15.300    0.159595    
  15.400    0.160738    
  15.500    0.161834    
  15.600    0.162879    
  15.700    0.163874    
  15.800    0.164816    
  15.900    0.165707    
  16.000    0.166547    
  16.100    0.167338    
  16.200    0.168080    
  16.300    0.168776    
  16.400    0.169429    
  16.500    0.170042    
  16.600    0.170617    
  16.700    0.171159    
  16.800    0.171671    
  16.900    0.172156    
  17.000    0.172620    
  17.100    0.173066    
  17.200    0.173498    
  17.300    0.173921    
  17.400    0.174337    
  17.500    0.174752    
  17.600    0.175167    
  17.700    0.175588    
  17.800    0.176016    
  17.900    0.176455    
  18.000    0.176906    
  18.100    0.177373    
  18.200    0.177856    
  18.300    0.178357    
  18.400    0.178876    
  18.500    0.179415    
  18.600    0.179973    
  18.700    0.180549    
  18.800    0.181144    
  18.900    0.181756    
  19.000    0.182384    
  19.100    0.183025    
  19.200    0.183678    
  19.300    0.184340    
  19.400    0.185009    
  19.500    0.185681    
  19.600    0.186355    
  19.700    0.187026    
  19.800    0.187691    
  19.900    0.188346    
  20.000    0.188989    
  20.100    0.189616    
  20.200    0.190223    
  20.300    0.190806    
  20.400    0.191363    
  20.500    0.191890    
  20.600    0.192384    
  20.700    0.192842    
  20.800    0.193262    
  20.900    0.193639    
  21.000    0.193973    
  21.100    0.194262    
  21.200    0.194502    
  21.300    0.194693    
  21.400    0.194834    
  21.500    0.194923    
  21.600    0.194959    
  21.700    0.194943    
  21.800    0.194873    
  21.900    0.194751    
  22.000    0.194576    
  22.100    0.194350    
  22.200    0.194072    
  22.300    0.193745    
  22.400    0.193369    
  22.500    0.192947    
  22.600    0.192479    
  22.700    0.191969    
  22.800    0.191418    
  22.900    0.190828    
  23.000    0.190203    
  23.100    0.189544    
  23.200    0.188853    
  23.300    0.188135    
  23.400    0.187391    
  23.500    0.186624    
  23.600    0.185836    
  23.700    0.185031    
  23.800    0.184211    
  23.900    0.183379    
  24.000    0.182536    
  24.100    0.181686    
  24.200    0.180831    
  24.300    0.179972    
  24.400    0.179112    
  24.500    0.178252    
  24.600    0.177394    
  24.700    0.176540    
  24.800    0.175691    
  24.900    0.174848    
  25.000    0.174012    
  25.100    0.173183    
  25.200    0.172362    
  25.300    0.171550    
  25.400    0.170746    
  25.500    0.169951    
  25.600    0.169164    
  25.700    0.168384    
  25.800    0.167612    
  25.900    0.166846    
  26.000    0.166085    
  26.100    0.165329    
  26.200    0.164575    
  26.300    0.163823    
  26.400    0.163071    
  26.500    0.162317    
  26.600    0.161560    
  26.700    0.160798    
  26.800    0.160028    
  26.900    0.159250    
  27.000    0.158460    
  27.100    0.157658    
  27.200    0.156840    
  27.300    0.156005    
  27.400    0.155151    
  27.500    0.154276    
  27.600    0.153377    
  27.700    0.152454    
  27.800    0.151503    
  27.900    0.150523    
  28.000    0.149512    
  28.100    0.148469    
  28.200    0.147392    
  28.300    0.146279    
  28.400    0.145130    
  28.500    0.143943    
  28.600    0.142716    
  28.700    0.141449    
  28.800    0.140141    
  28.900    0.138791    
  29.000    0.137399    
  29.100    0.135964    
  29.200    0.134486    
  29.300    0.132965    
  29.400    0.131400    
  29.500    0.129792    
  29.600    0.128141    
  29.700    0.126447    
  29.800    0.124712    
  29.900    0.122935    
  30.000    0.121117    
  30.100    0.119260    
  30.200    0.117365    
  30.300    0.115432    
  30.400    0.113463    
  30.500    0.111459    
  30.600    0.109422    
  30.700    0.107354    
  30.800    0.105255    
  30.900    0.103128    
  31.000    0.100974    
  31.100    0.987949E-01
  31.200    0.965931E-01
  31.300    0.943703E-01
  31.400    0.921283E-01
  31.500    0.898691E-01
  31.600    0.875948E-01
  31.700    0.853072E-01
  31.800    0.830083E-01
  31.900    0.807002E-01
  32.000    0.783847E-01
  32.100    0.760639E-01
  32.200    0.737395E-01
  32.300    0.714135E-01
  32.400    0.690877E-01
  32.500    0.667639E-01
  32.600    0.644438E-01
  32.700    0.621290E-01
  32.800    0.598211E-01
  32.900    0.575217E-01
  33.000    0.552321E-01
  33.100    0.529538E-01
  33.200    0.506881E-01
  33.300    0.484361E-01
  33.400    0.461989E-01
  33.500    0.439776E-01
  33.600    0.417732E-01
  33.700    0.395863E-01
  33.800    0.374178E-01
  33.900    0.352683E-01
  34.000    0.331384E-01
  34.100    0.310285E-01
  34.200    0.289389E-01
  34.300    0.268700E-01
  34.400    0.248219E-01
  34.500    0.227946E-01
  34.600    0.207882E-01
  34.700    0.188025E-01
  34.800    0.168373E-01
  34.900    0.148925E-01
  35.000    0.129676E-01
  35.100    0.110622E-01
  35.200    0.917579E-02
  35.300    0.730782E-02
  35.400    0.545764E-02
  35.500    0.362455E-02
  35.600    0.180779E-02
  35.700    0.655812E-05
  35.800   -0.178001E-02
  35.900   -0.355283E-02
  36.000   -0.531284E-02
  36.100   -0.706103E-02
  36.200   -0.879840E-02
  36.300   -0.105260E-01
  36.400   -0.122449E-01
  36.500   -0.139561E-01
  36.600   -0.156608E-01
  36.700   -0.173601E-01
  36.800   -0.190551E-01
  36.900   -0.207468E-01
  37.000   -0.224363E-01
  37.100   -0.241248E-01
  37.200   -0.258134E-01
  37.300   -0.275030E-01
  37.400   -0.291947E-01
  37.500   -0.308896E-01
  37.600   -0.325886E-01
  37.700   -0.342926E-01
  37.800   -0.360026E-01
  37.900   -0.377195E-01
  38.000   -0.394440E-01
  38.100   -0.411770E-01
  38.200   -0.429192E-01
  38.300   -0.446713E-01
  38.400   -0.464339E-01
  38.500   -0.482076E-01
  38.600   -0.499930E-01
  38.700   -0.517906E-01
  38.800   -0.536006E-01
  38.900   -0.554236E-01
  39.000   -0.572597E-01
  39.100   -0.591093E-01
  39.200   -0.609724E-01
  39.300   -0.628492E-01
  39.400   -0.647398E-01
  39.500   -0.666441E-01
  39.600   -0.685620E-01
  39.700   -0.704935E-01
  39.800   -0.724382E-01
  39.900   -0.743959E-01
  40.000   -0.763663E-01
  40.100   -0.783490E-01
  40.200   -0.803435E-01
  40.300   -0.823494E-01
  40.400   -0.843660E-01
  40.500   -0.863928E-01
  40.600   -0.884291E-01
  40.700   -0.904741E-01
  40.800   -0.925270E-01
  40.900   -0.945872E-01
  41.000   -0.966535E-01
  41.100   -0.987253E-01
  41.200   -0.100801    
  41.300   -0.102881    
  41.400   -0.104963    
  41.500   -0.107046    
  41.600   -0.109130    
  41.700   -0.111212    
  41.800   -0.113293    
  41.900   -0.115370    
  42.000   -0.117442    
  42.100   -0.119509    
  42.200   -0.121569    
  42.300   -0.123621    
  42.400   -0.125663    
  42.500   -0.127695    
  42.600   -0.129714    
  42.700   -0.131720    
  42.800   -0.133711    
  42.900   -0.135686    
  43.000   -0.137644    
  43.100   -0.139583    
  43.200   -0.141502    
  43.300   -0.143401    
  43.400   -0.145276    
  43.500   -0.147128    
  43.600   -0.148955    
  43.700   -0.150755    
  43.800   -0.152529    
  43.900   -0.154273    
  44.000   -0.155988    
  44.100   -0.157672    
  44.200   -0.159323    
  44.300   -0.160942    
  44.400   -0.162526    
  44.500   -0.164075    
  44.600   -0.165588    
  44.700   -0.167063    
  44.800   -0.168500    
  44.900   -0.169898    
  45.000   -0.171257    
  45.100   -0.172574    
  45.200   -0.173850    
  45.300   -0.175083    
  45.400   -0.176274    
  45.500   -0.177421    
  45.600   -0.178523    
  45.700   -0.179581    
  45.800   -0.180593    
  45.900   -0.181559    
  46.000   -0.182478    
  46.100   -0.183351    
  46.200   -0.184176    
  46.300   -0.184954    
  46.400   -0.185684    
  46.500   -0.186366    
  46.600   -0.186999    
  46.700   -0.187584    
  46.800   -0.188120    
  46.900   -0.188607    
  47.000   -0.189046    
  47.100   -0.189435    
  47.200   -0.189776    
  47.300   -0.190068    
  47.400   -0.190312    
  47.500   -0.190507    
  47.600   -0.190654    
  47.700   -0.190752    
  47.800   -0.190803    
  47.900   -0.190807    
  48.000   -0.190763    
  48.100   -0.190672    
  48.200   -0.190535    
  48.300   -0.190352    
  48.400   -0.190124    
  48.500   -0.189850    
  48.600   -0.189531    
  48.700   -0.189169    
  48.800   -0.188763    
  48.900   -0.188314    
  49.000   -0.187823    
  49.100   -0.187291    
  49.200   -0.186717    
  49.300   -0.186103    
  49.400   -0.185450    
  49.500   -0.184757    
  49.600   -0.184027    
  49.700   -0.183259    
  49.800   -0.182454    
  49.900   -0.181614    
  50.000   -0.180738    
  50.100   -0.179829    
  50.200   -0.178886    
  50.300   -0.177910    
  50.400   -0.176903    
  50.500   -0.175865    
  50.600   -0.174797    
  50.700   -0.173699    
  50.800   -0.172574    
  50.900   -0.171421    
  51.000   -0.170242    
  51.100   -0.169037    
  51.200   -0.167807    
  51.300   -0.166554    
  51.400   -0.165278    
  51.500   -0.163979    
  51.600   -0.162660    
  51.700   -0.161320    
  51.800   -0.159961    
  51.900   -0.158583    
  52.000   -0.157188    
  52.100   -0.155776    
  52.200   -0.154348    
  52.300   -0.152905    
  52.400   -0.151448    
  52.500   -0.149977    
  52.600   -0.148494    
  52.700   -0.147000    
  52.800   -0.145494    
  52.900   -0.143979    
  53.000   -0.142455    
  53.100   -0.140922    
  53.200   -0.139381    
  53.300   -0.137833    
  53.400   -0.136280    
  53.500   -0.134721    
  53.600   -0.133157    
  53.700   -0.131590    
  53.800   -0.130019    
  53.900   -0.128446    
  54.000   -0.126871    
  54.100   -0.125295    
  54.200   -0.123718    
  54.300   -0.122142    
  54.400   -0.120566    
  54.500   -0.118992    
  54.600   -0.117419    
  54.700   -0.115849    
  54.800   -0.114283    
  54.900   -0.112720    
  55.000   -0.111161    
  55.100   -0.109607    
  55.200   -0.108058    
  55.300   -0.106515    
  55.400   -0.104979    
  55.500   -0.103449    
  55.600   -0.101926    
  55.700   -0.100410    
  55.800   -0.989032E-01
  55.900   -0.974043E-01
  56.000   -0.959142E-01
  56.100   -0.944334E-01
  56.200   -0.929620E-01
  56.300   -0.915006E-01
  56.400   -0.900494E-01
  56.500   -0.886087E-01
  56.600   -0.871789E-01
  56.700   -0.857603E-01
  56.800   -0.843531E-01
  56.900   -0.829575E-01
  57.000   -0.815739E-01
  57.100   -0.802025E-01
  57.200   -0.788435E-01
  57.300   -0.774972E-01
  57.400   -0.761637E-01
  57.500   -0.748431E-01
  57.600   -0.735358E-01
  57.700   -0.722419E-01
  57.800   -0.709615E-01
  57.900   -0.696947E-01
  58.000   -0.684417E-01
  58.100   -0.672027E-01
  58.200   -0.659777E-01
  58.300   -0.647668E-01
  58.400   -0.635701E-01
  58.500   -0.623877E-01
  58.600   -0.612197E-01
  58.700   -0.600661E-01
  58.800   -0.589270E-01
  58.900   -0.578024E-01
  59.000   -0.566924E-01
  59.100   -0.555970E-01
  59.200   -0.545161E-01
  59.300   -0.534499E-01
  59.400   -0.523983E-01
  59.500   -0.513613E-01
  59.600   -0.503389E-01
  59.700   -0.493310E-01
  59.800   -0.483377E-01
  59.900   -0.473590E-01
  60.000   -0.463946E-01
  60.100   -0.454448E-01
  60.200   -0.445093E-01
  60.300   -0.435881E-01
  60.400   -0.426811E-01
  60.500   -0.417883E-01
  60.600   -0.409097E-01
  60.700   -0.400451E-01
  60.800   -0.391944E-01
  60.900   -0.383576E-01
  61.000   -0.375345E-01
  61.100   -0.367251E-01
  61.200   -0.359293E-01
  61.300   -0.351469E-01
  61.400   -0.343779E-01
  61.500   -0.336222E-01
  61.600   -0.328796E-01
  61.700   -0.321500E-01
  61.800   -0.314332E-01
  61.900   -0.307293E-01
  62.000   -0.300380E-01
  62.100   -0.293592E-01
  62.200   -0.286929E-01
  62.300   -0.280387E-01
  62.400   -0.273968E-01
  62.500   -0.267668E-01
  62.600   -0.261486E-01
  62.700   -0.255422E-01
  62.800   -0.249473E-01
  62.900   -0.243639E-01
  63.000   -0.237918E-01
  63.100   -0.232309E-01
  63.200   -0.226809E-01
  63.300   -0.221418E-01
  63.400   -0.216135E-01
  63.500   -0.210957E-01
  63.600   -0.205883E-01
  63.700   -0.200913E-01
  63.800   -0.196043E-01
  63.900   -0.191274E-01
  64.000   -0.186603E-01
  64.100   -0.182030E-01
  64.200   -0.177551E-01
  64.300   -0.173167E-01
  64.400   -0.168876E-01
  64.500   -0.164676E-01
  64.600   -0.160566E-01
  64.700   -0.156544E-01
  64.800   -0.152609E-01
  64.900   -0.148759E-01
  65.000   -0.144994E-01
  65.100   -0.141311E-01
  65.200   -0.137710E-01
  65.300   -0.134189E-01
  65.400   -0.130746E-01
  65.500   -0.127380E-01
  65.600   -0.124091E-01
  65.700   -0.120875E-01
  65.800   -0.117733E-01
  65.900   -0.114663E-01
  66.000   -0.111663E-01
  66.100   -0.108732E-01
  66.200   -0.105870E-01
  66.300   -0.103074E-01
  66.400   -0.100343E-01
  66.500   -0.976769E-02
  66.600   -0.950735E-02
  66.700   -0.925318E-02
  66.800   -0.900506E-02
  66.900   -0.876288E-02
  67.000   -0.852651E-02
  67.100   -0.829584E-02
  67.200   -0.807077E-02
  67.300   -0.785116E-02
  67.400   -0.763692E-02
  67.500   -0.742793E-02
  67.600   -0.722408E-02
  67.700   -0.702527E-02
  67.800   -0.683140E-02
  67.900   -0.664235E-02
  68.000   -0.645803E-02
  68.100   -0.627834E-02
  68.200   -0.610317E-02
  68.300   -0.593244E-02
  68.400   -0.576603E-02
  68.500   -0.560387E-02
  68.600   -0.544585E-02
  68.700   -0.529188E-02
  68.800   -0.514188E-02
  68.900   -0.499576E-02
  69.000   -0.485342E-02
  69.100   -0.471479E-02
  69.200   -0.457978E-02
  69.300   -0.444831E-02
  69.400   -0.432029E-02
  69.500   -0.419565E-02
  69.600   -0.407431E-02
  69.700   -0.395619E-02
  69.800   -0.384121E-02
  69.900   -0.372931E-02
 & 
