          20  -1.6708713017721288        1.20000005    
          20  0.12088039334246767        1.20000005    
          20  0.36740551232274232        1.20000005    
          20  0.75926620860691374        1.20000005    
          20   1.3200944351445274        1.20000005    
          20   2.0834933650976675        1.20000005    
          20   3.0971577294706392        1.20000005    
          20   4.4318587317415101        1.20000005    
          20   6.1896942495153944        1.20000005    
          20   8.5270456308812843        1.20000005    
          20   11.677295407746414        1.20000005    
          20   16.017990055780736        1.20000005    
          20   22.141201563182154        1.20000005    
          20   31.075958103816038        1.20000005    
          20   44.494423987868139        1.20000005    
          20   65.479028505644038        1.20000005    
          20   98.751211998770160        1.20000005    
          20   153.09340396830012        1.20000005    
          20   246.30922529514618        1.20000005    
          20   426.96754084061206        1.20000005    
          20  0.11893184720265847        1.20000005    
          20  0.35090171968695100        1.20000005    
          20  0.69064427984187204        1.20000005    
          20   1.1193643845794188        1.20000005    
          20   1.6568513819848159        1.20000005    
          20   2.3951485543281876        1.20000005    
          20   3.4075216119433334        1.20000005    
          20   4.7626707610256860        1.20000005    
          20   6.5589066384804724        1.20000005    
          20   8.9564421831146905        1.20000005    
          20   12.194688447610195        1.20000005    
          20   16.666726523775960        1.20000005    
          20   22.988093216927805        1.20000005    
          20   32.220584648067089        1.20000005    
          20   46.092123195721868        1.20000005    
          20   67.658849398016045        1.20000005    
          20   101.81557440049421        1.20000005    
          20   157.49745098332781        1.20000005    
          20   251.62349641742969        1.20000005    
          20   432.47636891215245        1.20000005    
