   0.0000000000000000        0.0000000000000000       -61.395680242438715     
  0.10000000000000001        0.0000000000000000       -61.212603216991923     
  0.20000000000000001        0.0000000000000000       -61.000452928161835     
  0.30000000000000004        0.0000000000000000       -60.754869866891049     
  0.40000000000000002        0.0000000000000000       -60.470929897121252     
  0.50000000000000000        0.0000000000000000       -60.143102083701642     
  0.60000000000000009        0.0000000000000000       -59.765214892817042     
  0.70000000000000007        0.0000000000000000       -59.330436030073592     
  0.80000000000000004        0.0000000000000000       -58.831272651294142     
  0.90000000000000002        0.0000000000000000       -58.259600268885372     
   1.0000000000000000        0.0000000000000000       -57.606730243512111     
   1.1000000000000001        0.0000000000000000       -56.863527064002064     
   1.2000000000000002        0.0000000000000000       -56.020587327818575     
   1.3000000000000000        0.0000000000000000       -55.068491960202472     
   1.4000000000000001        0.0000000000000000       -53.998141155501834     
   1.5000000000000000        0.0000000000000000       -52.801177133566632     
   1.6000000000000001        0.0000000000000000       -51.470492486234242     
   1.7000000000000002        0.0000000000000000       -50.000811320643678     
   1.8000000000000000        0.0000000000000000       -48.389316807952085     
   1.9000000000000001        0.0000000000000000       -46.636283183963641     
   2.0000000000000000        0.0000000000000000       -44.745654860511280     
   2.1000000000000001        0.0000000000000000       -42.725503305717311     
   2.2000000000000002        0.0000000000000000       -40.588287640457494     
   2.3000000000000003        0.0000000000000000       -38.350851211539194     
   2.4000000000000004        0.0000000000000000       -36.034106056626847     
   2.5000000000000000        0.0000000000000000       -33.662389771110092     
   2.6000000000000001        0.0000000000000000       -31.262520892205085     
   2.7000000000000002        0.0000000000000000       -28.862622297547624     
   2.8000000000000003        0.0000000000000000       -26.490818253615345     
   2.9000000000000004        0.0000000000000000       -24.173931328040386     
   3.0000000000000000        0.0000000000000000       -21.936305402363789     
   3.1000000000000001        0.0000000000000000       -19.798860482484685     
   3.2000000000000002        0.0000000000000000       -17.778448890635520     
   3.3000000000000003        0.0000000000000000       -15.887539046264221     
   3.4000000000000004        0.0000000000000000       -14.134211425838645     
   3.5000000000000000        0.0000000000000000       -12.522418672141328     
   3.6000000000000001        0.0000000000000000       -11.052442140400462     
   3.7000000000000002        0.0000000000000000       -9.7214708291327572     
   3.8000000000000003        0.0000000000000000       -8.5242333349093400     
   3.9000000000000004        0.0000000000000000       -7.4536254598937308     
   4.0000000000000000        0.0000000000000000       -6.5012914852694781     
   4.1000000000000005        0.0000000000000000       -5.6581326880069671     
   4.2000000000000002        0.0000000000000000       -4.9147302821611527     
   4.2999999999999998        0.0000000000000000       -4.2616805410068253     
   4.4000000000000004        0.0000000000000000       -3.6898471807844038     
   4.5000000000000000        0.0000000000000000       -3.1905404830419553     
   4.6000000000000005        0.0000000000000000       -2.7556346913496088     
   4.7000000000000002        0.0000000000000000       -2.3776355952631283     
   4.8000000000000007        0.0000000000000000       -2.0497095067238025     
   4.9000000000000004        0.0000000000000000       -1.7656835217494342     
   5.0000000000000000        0.0000000000000000       -1.5200253936484980     
   5.1000000000000005        0.0000000000000000       -1.3078097560505260     
   5.2000000000000002        0.0000000000000000       -1.1246759637907575     
   5.3000000000000007        0.0000000000000000      -0.96678153745967244     
   5.4000000000000004        0.0000000000000000      -0.83075412736331100     
   5.5000000000000000        0.0000000000000000      -0.71364405040615675     
   5.6000000000000005        0.0000000000000000      -0.61287877908857091     
   5.7000000000000002        0.0000000000000000      -0.52622024859561889     
   5.8000000000000007        0.0000000000000000      -0.45172546758079229     
   5.9000000000000004        0.0000000000000000      -0.38771064410168199     
   6.0000000000000000        0.0000000000000000      -0.33271884680657615     
   6.1000000000000005        0.0000000000000000      -0.28549109317679061     
   6.2000000000000002        0.0000000000000000      -0.24494067534686889     
   6.3000000000000007        0.0000000000000000      -0.21013048703025330     
   6.4000000000000004        0.0000000000000000      -0.18025309250564930     
   6.5000000000000000        0.0000000000000000      -0.15461327296491631     
   6.6000000000000005        0.0000000000000000      -0.13261279118046007     
   6.7000000000000002        0.0000000000000000      -0.11373712830301594     
   6.8000000000000007        0.0000000000000000       -9.7543963683356091E-002
   6.9000000000000004        0.0000000000000000       -8.3653187829928893E-002
   7.0000000000000000        0.0000000000000000       -7.1738258526726065E-002
   7.1000000000000005        0.0000000000000000       -6.1518729780083693E-002
   7.2000000000000002        0.0000000000000000       -5.2753802026535943E-002
   7.3000000000000007        0.0000000000000000       -4.5236759552249532E-002
   7.4000000000000004        0.0000000000000000       -3.8790177158628446E-002
   7.5000000000000000        0.0000000000000000       -3.3261792688808189E-002
   7.6000000000000005        0.0000000000000000       -2.8520955116125717E-002
   7.7000000000000002        0.0000000000000000       -2.4455569549287442E-002
   7.8000000000000007        0.0000000000000000       -2.0969470821331652E-002
   7.9000000000000004        0.0000000000000000       -1.7980166408191896E-002
   8.0000000000000000        0.0000000000000000       -1.5416897381667703E-002
   8.0999999999999996        0.0000000000000000       -1.3218973054744365E-002
   8.2000000000000011        0.0000000000000000       -1.1334341034025823E-002
   8.3000000000000007        0.0000000000000000       -9.7183596573567343E-003
   8.4000000000000004        0.0000000000000000       -8.3327443591980563E-003
   8.5000000000000000        0.0000000000000000       -7.1446634580202544E-003
   8.5999999999999996        0.0000000000000000       -6.1259622762292378E-003
   8.7000000000000011        0.0000000000000000       -5.2524974528993231E-003
   8.8000000000000007        0.0000000000000000       -4.5035658539234105E-003
   8.9000000000000004        0.0000000000000000       -3.8614146769009325E-003
   9.0000000000000000        0.0000000000000000       -3.3108212363555959E-003
   9.0999999999999996        0.0000000000000000       -2.8387325399416431E-003
   9.2000000000000011        0.0000000000000000       -2.4339561640923731E-003
   9.3000000000000007        0.0000000000000000       -2.0868951393165475E-003
   9.4000000000000004        0.0000000000000000       -1.7893205881456657E-003
   9.5000000000000000        0.0000000000000000       -1.5341767460326837E-003
   9.6000000000000014        0.0000000000000000       -1.3154137575787101E-003
   9.7000000000000011        0.0000000000000000       -1.1278442948301816E-003
   9.8000000000000007        0.0000000000000000       -9.6702060614974647E-004
   9.9000000000000004        0.0000000000000000       -8.2912908633868626E-004
   10.000000000000000        0.0000000000000000       -7.1089987248792736E-004
   10.100000000000001        0.0000000000000000       -6.0952932510832778E-004
   10.200000000000001        0.0000000000000000       -5.2261355873840689E-004
   10.300000000000001        0.0000000000000000       -4.4809144758513851E-004
   10.400000000000000        0.0000000000000000       -3.8419575595379521E-004
   10.500000000000000        0.0000000000000000       -3.2941123553492934E-004
   10.600000000000001        0.0000000000000000       -2.8243869656598771E-004
   10.700000000000001        0.0000000000000000       -2.4216420135758518E-004
   10.800000000000001        0.0000000000000000       -2.0763265000607427E-004
   10.900000000000000        0.0000000000000000       -1.7802513216825521E-004
   11.000000000000000        0.0000000000000000       -1.5263950800802249E-004
   11.100000000000001        0.0000000000000000       -1.3087375794736334E-004
   11.200000000000001        0.0000000000000000       -1.1221170647427655E-004
   11.300000000000001        0.0000000000000000       -9.6210781530267926E-005
   11.400000000000000        0.0000000000000000       -8.2491519251336854E-005
   11.500000000000000        0.0000000000000000       -7.0728565210981606E-005
   11.600000000000001        0.0000000000000000       -6.0642958791305518E-005
   11.700000000000001        0.0000000000000000       -5.1995517728906112E-005
   11.800000000000001        0.0000000000000000       -4.4581165966499264E-005
   11.900000000000000        0.0000000000000000       -3.8224070307082501E-005
   12.000000000000000        0.0000000000000000       -3.2773470544805004E-005
   12.100000000000001        0.0000000000000000       -2.8100104190087146E-005
   12.200000000000001        0.0000000000000000       -2.4093141005549245E-005
   12.300000000000001        0.0000000000000000       -2.0657554658213157E-005
   12.400000000000000        0.0000000000000000       -1.7711869158733765E-005
   12.500000000000000        0.0000000000000000       -1.5186226645838766E-005
   12.600000000000001        0.0000000000000000       -1.3020730694398050E-005
   12.700000000000001        0.0000000000000000       -1.1164025859256366E-005
   12.800000000000001        0.0000000000000000       -9.5720797690686927E-006
   12.900000000000000        0.0000000000000000       -8.2071388876947405E-006
   13.000000000000000        0.0000000000000000       -7.0368331791253137E-006
   13.100000000000001        0.0000000000000000       -6.0334084430944272E-006
   13.200000000000001        0.0000000000000000       -5.1730681161916908E-006
   13.300000000000001        0.0000000000000000       -4.4354089292390425E-006
   13.400000000000000        0.0000000000000000       -3.8029370374804913E-006
   13.500000000000000        0.0000000000000000       -3.2606531485383075E-006
   13.600000000000001        0.0000000000000000       -2.7956968093709479E-006
   13.700000000000001        0.0000000000000000       -2.3970414164236067E-006
   13.800000000000001        0.0000000000000000       -2.0552327160678375E-006
   13.900000000000000        0.0000000000000000       -1.7621645938036344E-006
   14.000000000000000        0.0000000000000000       -1.5108868350054917E-006
   14.100000000000001        0.0000000000000000       -1.2954402982057614E-006
   14.200000000000001        0.0000000000000000       -1.1107155920017710E-006
   14.300000000000001        0.0000000000000000       -9.5233190406749453E-007
   14.400000000000000        0.0000000000000000       -8.1653310866257846E-007
   14.500000000000000        0.0000000000000000       -7.0009868879538329E-007
   14.600000000000001        0.0000000000000000       -6.0026736053074922E-007
   14.700000000000001        0.0000000000000000       -5.1467158816779202E-007
   14.800000000000001        0.0000000000000000       -4.4128143729359948E-007
   14.900000000000000        0.0000000000000000       -3.7835643416909228E-007
   15.000000000000000        0.0000000000000000       -3.2440428977609676E-007
   15.100000000000001        0.0000000000000000       -2.7814550965228483E-007
   15.200000000000001        0.0000000000000000       -2.3848305022404117E-007
   15.300000000000001        0.0000000000000000       -2.0447630202665024E-007
   15.400000000000000        0.0000000000000000       -1.7531878281484830E-007
   15.500000000000000        0.0000000000000000       -1.5031901154799651E-007
   15.600000000000001        0.0000000000000000       -1.2888410966976322E-007
   15.700000000000001        0.0000000000000000       -1.1050574078084380E-007
   15.800000000000001        0.0000000000000000       -9.4748055259103524E-008
   15.900000000000000        0.0000000000000000       -8.1237353929541313E-008
   16.000000000000000        0.0000000000000000       -6.9653225654318212E-008
   16.100000000000001        0.0000000000000000       -5.9720948667666447E-008
   16.199999999999999        0.0000000000000000       -5.1204975450611691E-008
   16.300000000000001        0.0000000000000000       -4.3903346636995925E-008
   16.400000000000002        0.0000000000000000       -3.7642901474589079E-008
   16.500000000000000        0.0000000000000000       -3.2275171255654073E-008
   16.600000000000001        0.0000000000000000       -2.7672858328209336E-008
   16.699999999999999        0.0000000000000000       -2.3726817186475907E-008
   16.800000000000001        0.0000000000000000       -2.0343466045988680E-008
   16.900000000000002        0.0000000000000000       -1.7442567517947333E-008
   17.000000000000000        0.0000000000000000       -1.4955325750703687E-008
   17.100000000000001        0.0000000000000000       -1.2822754911411757E-008
   17.199999999999999        0.0000000000000000       -1.0994280315799825E-008
   17.300000000000001        0.0000000000000000       -9.4265390313516136E-009
   17.400000000000002        0.0000000000000000       -8.0823515097734917E-009
   17.500000000000000        0.0000000000000000       -6.9298398606398754E-009
   17.600000000000001        0.0000000000000000       -5.9416718557607695E-009
   17.699999999999999        0.0000000000000000       -5.0944127355636345E-009
   17.800000000000001        0.0000000000000000       -4.3679694453438657E-009
   17.900000000000002        0.0000000000000000       -3.7451141212481885E-009
   18.000000000000000        0.0000000000000000       -3.2110755252887508E-009
   18.100000000000001        0.0000000000000000       -2.7531887401229028E-009
   18.199999999999999        0.0000000000000000       -2.3605948159846080E-009
   18.300000000000001        0.0000000000000000       -2.0239832467859149E-009
   18.400000000000002        0.0000000000000000       -1.7353711681173235E-009
   18.500000000000000        0.0000000000000000       -1.4879140407477217E-009
   18.600000000000001        0.0000000000000000       -1.2757433299152706E-009
   18.699999999999999        0.0000000000000000       -1.0938273309153320E-009
   18.800000000000001        0.0000000000000000       -9.3785184041394760E-010
   18.900000000000002        0.0000000000000000       -8.0411784356447181E-010
   19.000000000000000        0.0000000000000000       -6.8945379054028569E-010
   19.100000000000001        0.0000000000000000       -5.9114038209019279E-010
   19.200000000000003        0.0000000000000000       -5.0684608037881385E-010
   19.300000000000001        0.0000000000000000       -4.3457181572840728E-010
   19.400000000000002        0.0000000000000000       -3.7260357796257367E-010
   19.500000000000000        0.0000000000000000       -3.1947176803858650E-010
   19.600000000000001        0.0000000000000000       -2.7391634597759821E-010
   19.700000000000003        0.0000000000000000       -2.3485694856344609E-010
   19.800000000000001        0.0000000000000000       -2.0136726814046956E-010
   19.900000000000002        0.0000000000000000       -1.7265308489434886E-010
   20.000000000000000        0.0000000000000000       -1.4803343164361396E-010
   20.100000000000001        0.0000000000000000       -1.2692444445804640E-010
   20.200000000000003        0.0000000000000000       -1.0882551611562188E-010
   20.300000000000001        0.0000000000000000       -9.3307424022215523E-011
   20.400000000000002        0.0000000000000000       -8.0002151043429466E-011
   20.500000000000000        0.0000000000000000       -6.8594157845914814E-011
   20.600000000000001        0.0000000000000000       -5.8812899768606313E-011
   20.700000000000003        0.0000000000000000       -5.0426410758800063E-011
   20.800000000000001        0.0000000000000000       -4.3235802213794417E-011
   20.900000000000002        0.0000000000000000       -3.7070546266156684E-011
   21.000000000000000        0.0000000000000000       -3.1784431654023914E-011
   21.100000000000001        0.0000000000000000       -2.7252096268449278E-011
   21.200000000000003        0.0000000000000000       -2.3366054145907431E-011
   21.300000000000001        0.0000000000000000       -2.0034146400017255E-011
   21.400000000000002        0.0000000000000000       -1.7177355640409574E-011
   21.500000000000000        0.0000000000000000       -1.4727932046900523E-011
   21.600000000000001        0.0000000000000000       -1.2627786658141552E-011
   21.700000000000003        0.0000000000000000       -1.0827113771012778E-011
   21.800000000000001        0.0000000000000000       -9.2832097804626053E-012
   21.900000000000002        0.0000000000000000       -7.9594604481573223E-012
   22.000000000000000        0.0000000000000000       -6.8244725826527630E-012
   22.100000000000001        0.0000000000000000       -5.8513295385695316E-012
   22.200000000000003        0.0000000000000000       -5.0169528786688243E-012
   22.300000000000001        0.0000000000000000       -4.3015550604139746E-012
   22.400000000000002        0.0000000000000000       -3.6881701672833962E-012
   22.500000000000000        0.0000000000000000       -3.1622515559594436E-012
   22.600000000000001        0.0000000000000000       -2.7113268774508418E-012
   22.700000000000003        0.0000000000000000       -2.3247022908514092E-012
   22.800000000000001        0.0000000000000000       -1.9932088550572654E-012
   22.900000000000002        0.0000000000000000       -1.7089850840314045E-012
   23.000000000000000        0.0000000000000000       -1.4652905088352684E-012
   23.100000000000001        0.0000000000000000       -1.2563458249839613E-012
   23.200000000000003        0.0000000000000000       -1.0771958341621062E-012
   23.300000000000001        0.0000000000000000       -9.2359192991389673E-013
   23.400000000000002        0.0000000000000000       -7.9189134041312992E-013
   23.500000000000000        0.0000000000000000       -6.7897073881943427E-013
   23.600000000000001        0.0000000000000000       -5.8215217245904448E-013
   23.700000000000003        0.0000000000000000       -4.9913955421415087E-013
   23.800000000000001        0.0000000000000000       -4.2796420999120920E-013
   23.900000000000002        0.0000000000000000       -3.6693819090686534E-013
   24.000000000000000        0.0000000000000000       -3.1461424297318904E-013
   24.100000000000001        0.0000000000000000       -2.6975148494890793E-013
   24.200000000000003        0.0000000000000000       -2.3128598039454108E-013
   24.300000000000001        0.0000000000000000       -1.9830550603714614E-013
   24.400000000000002        0.0000000000000000       -1.7002791806734259E-013
   24.500000000000000        0.0000000000000000       -1.4578260331763110E-013
   24.600000000000001        0.0000000000000000       -1.2499457542994807E-013
   24.700000000000003        0.0000000000000000       -1.0717083884743298E-013
   24.800000000000001        0.0000000000000000       -9.1888697247501185E-014
   24.900000000000002        0.0000000000000000       -7.8785729146554822E-014
   25.000000000000000        0.0000000000000000       -6.7551192944169164E-014
   25.100000000000001        0.0000000000000000       -5.7918657574293822E-014
   25.200000000000003        0.0000000000000000       -4.9659683996710791E-014
   25.300000000000001        0.0000000000000000       -4.2578407683049203E-014
   25.400000000000002        0.0000000000000000       -3.6506893619057193E-014
   25.500000000000000        0.0000000000000000       -3.1301153665353185E-014
   25.600000000000001        0.0000000000000000       -2.6837731826916862E-014
   25.700000000000003        0.0000000000000000       -2.3010776449775441E-014
   25.800000000000001        0.0000000000000000       -1.9729529910962258E-014
   25.900000000000002        0.0000000000000000       -1.6916176268852202E-014
   26.000000000000000        0.0000000000000000       -1.4503995830122737E-014
   26.100000000000001        0.0000000000000000        0.0000000000000000     
   26.200000000000003        0.0000000000000000        0.0000000000000000     
   26.300000000000001        0.0000000000000000        0.0000000000000000     
   26.400000000000002        0.0000000000000000        0.0000000000000000     
   26.500000000000000        0.0000000000000000        0.0000000000000000     
   26.600000000000001        0.0000000000000000        0.0000000000000000     
   26.700000000000003        0.0000000000000000        0.0000000000000000     
   26.800000000000001        0.0000000000000000        0.0000000000000000     
   26.900000000000002        0.0000000000000000        0.0000000000000000     
   27.000000000000000        0.0000000000000000        0.0000000000000000     
   27.100000000000001        0.0000000000000000        0.0000000000000000     
   27.200000000000003        0.0000000000000000        0.0000000000000000     
   27.300000000000001        0.0000000000000000        0.0000000000000000     
   27.400000000000002        0.0000000000000000        0.0000000000000000     
   27.500000000000000        0.0000000000000000        0.0000000000000000     
   27.600000000000001        0.0000000000000000        0.0000000000000000     
   27.700000000000003        0.0000000000000000        0.0000000000000000     
   27.800000000000001        0.0000000000000000        0.0000000000000000     
   27.900000000000002        0.0000000000000000        0.0000000000000000     
   28.000000000000000        0.0000000000000000        0.0000000000000000     
   28.100000000000001        0.0000000000000000        0.0000000000000000     
   28.200000000000003        0.0000000000000000        0.0000000000000000     
   28.300000000000001        0.0000000000000000        0.0000000000000000     
   28.400000000000002        0.0000000000000000        0.0000000000000000     
   28.500000000000000        0.0000000000000000        0.0000000000000000     
   28.600000000000001        0.0000000000000000        0.0000000000000000     
   28.700000000000003        0.0000000000000000        0.0000000000000000     
   28.800000000000001        0.0000000000000000        0.0000000000000000     
   28.900000000000002        0.0000000000000000        0.0000000000000000     
   29.000000000000000        0.0000000000000000        0.0000000000000000     
   29.100000000000001        0.0000000000000000        0.0000000000000000     
   29.200000000000003        0.0000000000000000        0.0000000000000000     
   29.300000000000001        0.0000000000000000        0.0000000000000000     
   29.400000000000002        0.0000000000000000        0.0000000000000000     
   29.500000000000000        0.0000000000000000        0.0000000000000000     
   29.600000000000001        0.0000000000000000        0.0000000000000000     
   29.700000000000003        0.0000000000000000        0.0000000000000000     
   29.800000000000001        0.0000000000000000        0.0000000000000000     
   29.900000000000002        0.0000000000000000        0.0000000000000000     
   30.000000000000000        0.0000000000000000        0.0000000000000000     
   30.100000000000001        0.0000000000000000        0.0000000000000000     
   30.200000000000003        0.0000000000000000        0.0000000000000000     
   30.300000000000001        0.0000000000000000        0.0000000000000000     
   30.400000000000002        0.0000000000000000        0.0000000000000000     
   30.500000000000000        0.0000000000000000        0.0000000000000000     
   30.600000000000001        0.0000000000000000        0.0000000000000000     
   30.700000000000003        0.0000000000000000        0.0000000000000000     
   30.800000000000001        0.0000000000000000        0.0000000000000000     
   30.900000000000002        0.0000000000000000        0.0000000000000000     
   31.000000000000000        0.0000000000000000        0.0000000000000000     
   31.100000000000001        0.0000000000000000        0.0000000000000000     
   31.200000000000003        0.0000000000000000        0.0000000000000000     
   31.300000000000001        0.0000000000000000        0.0000000000000000     
   31.400000000000002        0.0000000000000000        0.0000000000000000     
   31.500000000000000        0.0000000000000000        0.0000000000000000     
   31.600000000000001        0.0000000000000000        0.0000000000000000     
   31.700000000000003        0.0000000000000000        0.0000000000000000     
   31.800000000000001        0.0000000000000000        0.0000000000000000     
   31.900000000000002        0.0000000000000000        0.0000000000000000     
   32.000000000000000        0.0000000000000000        0.0000000000000000     
   32.100000000000001        0.0000000000000000        0.0000000000000000     
   32.200000000000003        0.0000000000000000        0.0000000000000000     
   32.300000000000004        0.0000000000000000        0.0000000000000000     
   32.399999999999999        0.0000000000000000        0.0000000000000000     
   32.500000000000000        0.0000000000000000        0.0000000000000000     
   32.600000000000001        0.0000000000000000        0.0000000000000000     
   32.700000000000003        0.0000000000000000        0.0000000000000000     
   32.800000000000004        0.0000000000000000        0.0000000000000000     
   32.899999999999999        0.0000000000000000        0.0000000000000000     
   33.000000000000000        0.0000000000000000        0.0000000000000000     
   33.100000000000001        0.0000000000000000        0.0000000000000000     
   33.200000000000003        0.0000000000000000        0.0000000000000000     
   33.300000000000004        0.0000000000000000        0.0000000000000000     
   33.399999999999999        0.0000000000000000        0.0000000000000000     
   33.500000000000000        0.0000000000000000        0.0000000000000000     
   33.600000000000001        0.0000000000000000        0.0000000000000000     
   33.700000000000003        0.0000000000000000        0.0000000000000000     
   33.800000000000004        0.0000000000000000        0.0000000000000000     
   33.899999999999999        0.0000000000000000        0.0000000000000000     
   34.000000000000000        0.0000000000000000        0.0000000000000000     
   34.100000000000001        0.0000000000000000        0.0000000000000000     
   34.200000000000003        0.0000000000000000        0.0000000000000000     
   34.300000000000004        0.0000000000000000        0.0000000000000000     
   34.399999999999999        0.0000000000000000        0.0000000000000000     
   34.500000000000000        0.0000000000000000        0.0000000000000000     
   34.600000000000001        0.0000000000000000        0.0000000000000000     
   34.700000000000003        0.0000000000000000        0.0000000000000000     
   34.800000000000004        0.0000000000000000        0.0000000000000000     
   34.899999999999999        0.0000000000000000        0.0000000000000000     
   35.000000000000000        0.0000000000000000        0.0000000000000000     
   35.100000000000001        0.0000000000000000        0.0000000000000000     
   35.200000000000003        0.0000000000000000        0.0000000000000000     
   35.300000000000004        0.0000000000000000        0.0000000000000000     
   35.399999999999999        0.0000000000000000        0.0000000000000000     
   35.500000000000000        0.0000000000000000        0.0000000000000000     
   35.600000000000001        0.0000000000000000        0.0000000000000000     
   35.700000000000003        0.0000000000000000        0.0000000000000000     
   35.800000000000004        0.0000000000000000        0.0000000000000000     
   35.899999999999999        0.0000000000000000        0.0000000000000000     
   36.000000000000000        0.0000000000000000        0.0000000000000000     
   36.100000000000001        0.0000000000000000        0.0000000000000000     
   36.200000000000003        0.0000000000000000        0.0000000000000000     
   36.300000000000004        0.0000000000000000        0.0000000000000000     
   36.399999999999999        0.0000000000000000        0.0000000000000000     
   36.500000000000000        0.0000000000000000        0.0000000000000000     
   36.600000000000001        0.0000000000000000        0.0000000000000000     
   36.700000000000003        0.0000000000000000        0.0000000000000000     
   36.800000000000004        0.0000000000000000        0.0000000000000000     
   36.899999999999999        0.0000000000000000        0.0000000000000000     
   37.000000000000000        0.0000000000000000        0.0000000000000000     
   37.100000000000001        0.0000000000000000        0.0000000000000000     
   37.200000000000003        0.0000000000000000        0.0000000000000000     
   37.300000000000004        0.0000000000000000        0.0000000000000000     
   37.399999999999999        0.0000000000000000        0.0000000000000000     
   37.500000000000000        0.0000000000000000        0.0000000000000000     
   37.600000000000001        0.0000000000000000        0.0000000000000000     
   37.700000000000003        0.0000000000000000        0.0000000000000000     
   37.800000000000004        0.0000000000000000        0.0000000000000000     
   37.899999999999999        0.0000000000000000        0.0000000000000000     
   38.000000000000000        0.0000000000000000        0.0000000000000000     
   38.100000000000001        0.0000000000000000        0.0000000000000000     
   38.200000000000003        0.0000000000000000        0.0000000000000000     
   38.300000000000004        0.0000000000000000        0.0000000000000000     
   38.400000000000006        0.0000000000000000        0.0000000000000000     
   38.500000000000000        0.0000000000000000        0.0000000000000000     
   38.600000000000001        0.0000000000000000        0.0000000000000000     
   38.700000000000003        0.0000000000000000        0.0000000000000000     
   38.800000000000004        0.0000000000000000        0.0000000000000000     
   38.900000000000006        0.0000000000000000        0.0000000000000000     
   39.000000000000000        0.0000000000000000        0.0000000000000000     
   39.100000000000001        0.0000000000000000        0.0000000000000000     
   39.200000000000003        0.0000000000000000        0.0000000000000000     
   39.300000000000004        0.0000000000000000        0.0000000000000000     
   39.400000000000006        0.0000000000000000        0.0000000000000000     
   39.500000000000000        0.0000000000000000        0.0000000000000000     
   39.600000000000001        0.0000000000000000        0.0000000000000000     
   39.700000000000003        0.0000000000000000        0.0000000000000000     
   39.800000000000004        0.0000000000000000        0.0000000000000000     
   39.900000000000006        0.0000000000000000        0.0000000000000000     
   40.000000000000000        0.0000000000000000        0.0000000000000000     
   40.100000000000001        0.0000000000000000        0.0000000000000000     
   40.200000000000003        0.0000000000000000        0.0000000000000000     
   40.300000000000004        0.0000000000000000        0.0000000000000000     
   40.400000000000006        0.0000000000000000        0.0000000000000000     
   40.500000000000000        0.0000000000000000        0.0000000000000000     
   40.600000000000001        0.0000000000000000        0.0000000000000000     
   40.700000000000003        0.0000000000000000        0.0000000000000000     
   40.800000000000004        0.0000000000000000        0.0000000000000000     
   40.900000000000006        0.0000000000000000        0.0000000000000000     
   41.000000000000000        0.0000000000000000        0.0000000000000000     
   41.100000000000001        0.0000000000000000        0.0000000000000000     
   41.200000000000003        0.0000000000000000        0.0000000000000000     
   41.300000000000004        0.0000000000000000        0.0000000000000000     
   41.400000000000006        0.0000000000000000        0.0000000000000000     
   41.500000000000000        0.0000000000000000        0.0000000000000000     
   41.600000000000001        0.0000000000000000        0.0000000000000000     
   41.700000000000003        0.0000000000000000        0.0000000000000000     
   41.800000000000004        0.0000000000000000        0.0000000000000000     
   41.900000000000006        0.0000000000000000        0.0000000000000000     
   42.000000000000000        0.0000000000000000        0.0000000000000000     
   42.100000000000001        0.0000000000000000        0.0000000000000000     
   42.200000000000003        0.0000000000000000        0.0000000000000000     
   42.300000000000004        0.0000000000000000        0.0000000000000000     
   42.400000000000006        0.0000000000000000        0.0000000000000000     
   42.500000000000000        0.0000000000000000        0.0000000000000000     
   42.600000000000001        0.0000000000000000        0.0000000000000000     
   42.700000000000003        0.0000000000000000        0.0000000000000000     
   42.800000000000004        0.0000000000000000        0.0000000000000000     
   42.900000000000006        0.0000000000000000        0.0000000000000000     
   43.000000000000000        0.0000000000000000        0.0000000000000000     
   43.100000000000001        0.0000000000000000        0.0000000000000000     
   43.200000000000003        0.0000000000000000        0.0000000000000000     
   43.300000000000004        0.0000000000000000        0.0000000000000000     
   43.400000000000006        0.0000000000000000        0.0000000000000000     
   43.500000000000000        0.0000000000000000        0.0000000000000000     
   43.600000000000001        0.0000000000000000        0.0000000000000000     
   43.700000000000003        0.0000000000000000        0.0000000000000000     
   43.800000000000004        0.0000000000000000        0.0000000000000000     
   43.900000000000006        0.0000000000000000        0.0000000000000000     
   44.000000000000000        0.0000000000000000        0.0000000000000000     
   44.100000000000001        0.0000000000000000        0.0000000000000000     
   44.200000000000003        0.0000000000000000        0.0000000000000000     
   44.300000000000004        0.0000000000000000        0.0000000000000000     
   44.400000000000006        0.0000000000000000        0.0000000000000000     
   44.500000000000000        0.0000000000000000        0.0000000000000000     
   44.600000000000001        0.0000000000000000        0.0000000000000000     
   44.700000000000003        0.0000000000000000        0.0000000000000000     
   44.800000000000004        0.0000000000000000        0.0000000000000000     
   44.900000000000006        0.0000000000000000        0.0000000000000000     
   45.000000000000000        0.0000000000000000        0.0000000000000000     
   45.100000000000001        0.0000000000000000        0.0000000000000000     
   45.200000000000003        0.0000000000000000        0.0000000000000000     
   45.300000000000004        0.0000000000000000        0.0000000000000000     
   45.400000000000006        0.0000000000000000        0.0000000000000000     
   45.500000000000000        0.0000000000000000        0.0000000000000000     
   45.600000000000001        0.0000000000000000        0.0000000000000000     
   45.700000000000003        0.0000000000000000        0.0000000000000000     
   45.800000000000004        0.0000000000000000        0.0000000000000000     
   45.900000000000006        0.0000000000000000        0.0000000000000000     
   46.000000000000000        0.0000000000000000        0.0000000000000000     
   46.100000000000001        0.0000000000000000        0.0000000000000000     
   46.200000000000003        0.0000000000000000        0.0000000000000000     
   46.300000000000004        0.0000000000000000        0.0000000000000000     
   46.400000000000006        0.0000000000000000        0.0000000000000000     
   46.500000000000000        0.0000000000000000        0.0000000000000000     
   46.600000000000001        0.0000000000000000        0.0000000000000000     
   46.700000000000003        0.0000000000000000        0.0000000000000000     
   46.800000000000004        0.0000000000000000        0.0000000000000000     
   46.900000000000006        0.0000000000000000        0.0000000000000000     
   47.000000000000000        0.0000000000000000        0.0000000000000000     
   47.100000000000001        0.0000000000000000        0.0000000000000000     
   47.200000000000003        0.0000000000000000        0.0000000000000000     
   47.300000000000004        0.0000000000000000        0.0000000000000000     
   47.400000000000006        0.0000000000000000        0.0000000000000000     
   47.500000000000000        0.0000000000000000        0.0000000000000000     
   47.600000000000001        0.0000000000000000        0.0000000000000000     
   47.700000000000003        0.0000000000000000        0.0000000000000000     
   47.800000000000004        0.0000000000000000        0.0000000000000000     
   47.900000000000006        0.0000000000000000        0.0000000000000000     
   48.000000000000000        0.0000000000000000        0.0000000000000000     
   48.100000000000001        0.0000000000000000        0.0000000000000000     
   48.200000000000003        0.0000000000000000        0.0000000000000000     
   48.300000000000004        0.0000000000000000        0.0000000000000000     
   48.400000000000006        0.0000000000000000        0.0000000000000000     
   48.500000000000000        0.0000000000000000        0.0000000000000000     
   48.600000000000001        0.0000000000000000        0.0000000000000000     
   48.700000000000003        0.0000000000000000        0.0000000000000000     
   48.800000000000004        0.0000000000000000        0.0000000000000000     
   48.900000000000006        0.0000000000000000        0.0000000000000000     
   49.000000000000000        0.0000000000000000        0.0000000000000000     
   49.100000000000001        0.0000000000000000        0.0000000000000000     
   49.200000000000003        0.0000000000000000        0.0000000000000000     
   49.300000000000004        0.0000000000000000        0.0000000000000000     
   49.400000000000006        0.0000000000000000        0.0000000000000000     
   49.500000000000000        0.0000000000000000        0.0000000000000000     
   49.600000000000001        0.0000000000000000        0.0000000000000000     
   49.700000000000003        0.0000000000000000        0.0000000000000000     
   49.800000000000004        0.0000000000000000        0.0000000000000000     
   49.900000000000006        0.0000000000000000        0.0000000000000000     
   50.000000000000000        0.0000000000000000        0.0000000000000000     
   50.100000000000001        0.0000000000000000        0.0000000000000000     
   50.200000000000003        0.0000000000000000        0.0000000000000000     
   50.300000000000004        0.0000000000000000        0.0000000000000000     
   50.400000000000006        0.0000000000000000        0.0000000000000000     
   50.500000000000000        0.0000000000000000        0.0000000000000000     
   50.600000000000001        0.0000000000000000        0.0000000000000000     
   50.700000000000003        0.0000000000000000        0.0000000000000000     
   50.800000000000004        0.0000000000000000        0.0000000000000000     
   50.900000000000006        0.0000000000000000        0.0000000000000000     
   51.000000000000000        0.0000000000000000        0.0000000000000000     
   51.100000000000001        0.0000000000000000        0.0000000000000000     
   51.200000000000003        0.0000000000000000        0.0000000000000000     
   51.300000000000004        0.0000000000000000        0.0000000000000000     
   51.400000000000006        0.0000000000000000        0.0000000000000000     
   51.500000000000000        0.0000000000000000        0.0000000000000000     
   51.600000000000001        0.0000000000000000        0.0000000000000000     
   51.700000000000003        0.0000000000000000        0.0000000000000000     
   51.800000000000004        0.0000000000000000        0.0000000000000000     
   51.900000000000006        0.0000000000000000        0.0000000000000000     
   52.000000000000000        0.0000000000000000        0.0000000000000000     
   52.100000000000001        0.0000000000000000        0.0000000000000000     
   52.200000000000003        0.0000000000000000        0.0000000000000000     
   52.300000000000004        0.0000000000000000        0.0000000000000000     
   52.400000000000006        0.0000000000000000        0.0000000000000000     
   52.500000000000000        0.0000000000000000        0.0000000000000000     
   52.600000000000001        0.0000000000000000        0.0000000000000000     
   52.700000000000003        0.0000000000000000        0.0000000000000000     
   52.800000000000004        0.0000000000000000        0.0000000000000000     
   52.900000000000006        0.0000000000000000        0.0000000000000000     
   53.000000000000000        0.0000000000000000        0.0000000000000000     
   53.100000000000001        0.0000000000000000        0.0000000000000000     
   53.200000000000003        0.0000000000000000        0.0000000000000000     
   53.300000000000004        0.0000000000000000        0.0000000000000000     
   53.400000000000006        0.0000000000000000        0.0000000000000000     
   53.500000000000000        0.0000000000000000        0.0000000000000000     
   53.600000000000001        0.0000000000000000        0.0000000000000000     
   53.700000000000003        0.0000000000000000        0.0000000000000000     
   53.800000000000004        0.0000000000000000        0.0000000000000000     
   53.900000000000006        0.0000000000000000        0.0000000000000000     
   54.000000000000000        0.0000000000000000        0.0000000000000000     
   54.100000000000001        0.0000000000000000        0.0000000000000000     
   54.200000000000003        0.0000000000000000        0.0000000000000000     
   54.300000000000004        0.0000000000000000        0.0000000000000000     
   54.400000000000006        0.0000000000000000        0.0000000000000000     
   54.500000000000000        0.0000000000000000        0.0000000000000000     
   54.600000000000001        0.0000000000000000        0.0000000000000000     
   54.700000000000003        0.0000000000000000        0.0000000000000000     
   54.800000000000004        0.0000000000000000        0.0000000000000000     
   54.900000000000006        0.0000000000000000        0.0000000000000000     
   55.000000000000000        0.0000000000000000        0.0000000000000000     
   55.100000000000001        0.0000000000000000        0.0000000000000000     
   55.200000000000003        0.0000000000000000        0.0000000000000000     
   55.300000000000004        0.0000000000000000        0.0000000000000000     
   55.400000000000006        0.0000000000000000        0.0000000000000000     
   55.500000000000000        0.0000000000000000        0.0000000000000000     
   55.600000000000001        0.0000000000000000        0.0000000000000000     
   55.700000000000003        0.0000000000000000        0.0000000000000000     
   55.800000000000004        0.0000000000000000        0.0000000000000000     
   55.900000000000006        0.0000000000000000        0.0000000000000000     
   56.000000000000000        0.0000000000000000        0.0000000000000000     
   56.100000000000001        0.0000000000000000        0.0000000000000000     
   56.200000000000003        0.0000000000000000        0.0000000000000000     
   56.300000000000004        0.0000000000000000        0.0000000000000000     
   56.400000000000006        0.0000000000000000        0.0000000000000000     
   56.500000000000000        0.0000000000000000        0.0000000000000000     
   56.600000000000001        0.0000000000000000        0.0000000000000000     
   56.700000000000003        0.0000000000000000        0.0000000000000000     
   56.800000000000004        0.0000000000000000        0.0000000000000000     
   56.900000000000006        0.0000000000000000        0.0000000000000000     
   57.000000000000000        0.0000000000000000        0.0000000000000000     
   57.100000000000001        0.0000000000000000        0.0000000000000000     
   57.200000000000003        0.0000000000000000        0.0000000000000000     
   57.300000000000004        0.0000000000000000        0.0000000000000000     
   57.400000000000006        0.0000000000000000        0.0000000000000000     
   57.500000000000000        0.0000000000000000        0.0000000000000000     
   57.600000000000001        0.0000000000000000        0.0000000000000000     
   57.700000000000003        0.0000000000000000        0.0000000000000000     
   57.800000000000004        0.0000000000000000        0.0000000000000000     
   57.900000000000006        0.0000000000000000        0.0000000000000000     
   58.000000000000000        0.0000000000000000        0.0000000000000000     
   58.100000000000001        0.0000000000000000        0.0000000000000000     
   58.200000000000003        0.0000000000000000        0.0000000000000000     
   58.300000000000004        0.0000000000000000        0.0000000000000000     
   58.400000000000006        0.0000000000000000        0.0000000000000000     
   58.500000000000000        0.0000000000000000        0.0000000000000000     
   58.600000000000001        0.0000000000000000        0.0000000000000000     
   58.700000000000003        0.0000000000000000        0.0000000000000000     
   58.800000000000004        0.0000000000000000        0.0000000000000000     
   58.900000000000006        0.0000000000000000        0.0000000000000000     
   59.000000000000000        0.0000000000000000        0.0000000000000000     
   59.100000000000001        0.0000000000000000        0.0000000000000000     
   59.200000000000003        0.0000000000000000        0.0000000000000000     
   59.300000000000004        0.0000000000000000        0.0000000000000000     
   59.400000000000006        0.0000000000000000        0.0000000000000000     
   59.500000000000000        0.0000000000000000        0.0000000000000000     
   59.600000000000001        0.0000000000000000        0.0000000000000000     
   59.700000000000003        0.0000000000000000        0.0000000000000000     
   59.800000000000004        0.0000000000000000        0.0000000000000000     
   59.900000000000006        0.0000000000000000        0.0000000000000000     
   60.000000000000000        0.0000000000000000        0.0000000000000000     
   60.100000000000001        0.0000000000000000        0.0000000000000000     
   60.200000000000003        0.0000000000000000        0.0000000000000000     
   60.300000000000004        0.0000000000000000        0.0000000000000000     
   60.400000000000006        0.0000000000000000        0.0000000000000000     
   60.500000000000000        0.0000000000000000        0.0000000000000000     
   60.600000000000001        0.0000000000000000        0.0000000000000000     
   60.700000000000003        0.0000000000000000        0.0000000000000000     
   60.800000000000004        0.0000000000000000        0.0000000000000000     
   60.900000000000006        0.0000000000000000        0.0000000000000000     
   61.000000000000000        0.0000000000000000        0.0000000000000000     
   61.100000000000001        0.0000000000000000        0.0000000000000000     
   61.200000000000003        0.0000000000000000        0.0000000000000000     
   61.300000000000004        0.0000000000000000        0.0000000000000000     
   61.400000000000006        0.0000000000000000        0.0000000000000000     
   61.500000000000000        0.0000000000000000        0.0000000000000000     
   61.600000000000001        0.0000000000000000        0.0000000000000000     
   61.700000000000003        0.0000000000000000        0.0000000000000000     
   61.800000000000004        0.0000000000000000        0.0000000000000000     
   61.900000000000006        0.0000000000000000        0.0000000000000000     
   62.000000000000000        0.0000000000000000        0.0000000000000000     
   62.100000000000001        0.0000000000000000        0.0000000000000000     
   62.200000000000003        0.0000000000000000        0.0000000000000000     
   62.300000000000004        0.0000000000000000        0.0000000000000000     
   62.400000000000006        0.0000000000000000        0.0000000000000000     
   62.500000000000000        0.0000000000000000        0.0000000000000000     
   62.600000000000001        0.0000000000000000        0.0000000000000000     
   62.700000000000003        0.0000000000000000        0.0000000000000000     
   62.800000000000004        0.0000000000000000        0.0000000000000000     
   62.900000000000006        0.0000000000000000        0.0000000000000000     
   63.000000000000000        0.0000000000000000        0.0000000000000000     
   63.100000000000001        0.0000000000000000        0.0000000000000000     
   63.200000000000003        0.0000000000000000        0.0000000000000000     
   63.300000000000004        0.0000000000000000        0.0000000000000000     
   63.400000000000006        0.0000000000000000        0.0000000000000000     
   63.500000000000000        0.0000000000000000        0.0000000000000000     
   63.600000000000001        0.0000000000000000        0.0000000000000000     
   63.700000000000003        0.0000000000000000        0.0000000000000000     
   63.800000000000004        0.0000000000000000        0.0000000000000000     
   63.900000000000006        0.0000000000000000        0.0000000000000000     
   64.000000000000000        0.0000000000000000        0.0000000000000000     
   64.100000000000009        0.0000000000000000        0.0000000000000000     
   64.200000000000003        0.0000000000000000        0.0000000000000000     
   64.299999999999997        0.0000000000000000        0.0000000000000000     
   64.400000000000006        0.0000000000000000        0.0000000000000000     
   64.500000000000000        0.0000000000000000        0.0000000000000000     
   64.600000000000009        0.0000000000000000        0.0000000000000000     
   64.700000000000003        0.0000000000000000        0.0000000000000000     
   64.799999999999997        0.0000000000000000        0.0000000000000000     
   64.900000000000006        0.0000000000000000        0.0000000000000000     
   65.000000000000000        0.0000000000000000        0.0000000000000000     
   65.100000000000009        0.0000000000000000        0.0000000000000000     
   65.200000000000003        0.0000000000000000        0.0000000000000000     
   65.299999999999997        0.0000000000000000        0.0000000000000000     
   65.400000000000006        0.0000000000000000        0.0000000000000000     
   65.500000000000000        0.0000000000000000        0.0000000000000000     
   65.600000000000009        0.0000000000000000        0.0000000000000000     
   65.700000000000003        0.0000000000000000        0.0000000000000000     
   65.799999999999997        0.0000000000000000        0.0000000000000000     
   65.900000000000006        0.0000000000000000        0.0000000000000000     
   66.000000000000000        0.0000000000000000        0.0000000000000000     
   66.100000000000009        0.0000000000000000        0.0000000000000000     
   66.200000000000003        0.0000000000000000        0.0000000000000000     
   66.299999999999997        0.0000000000000000        0.0000000000000000     
   66.400000000000006        0.0000000000000000        0.0000000000000000     
   66.500000000000000        0.0000000000000000        0.0000000000000000     
   66.600000000000009        0.0000000000000000        0.0000000000000000     
   66.700000000000003        0.0000000000000000        0.0000000000000000     
   66.799999999999997        0.0000000000000000        0.0000000000000000     
   66.900000000000006        0.0000000000000000        0.0000000000000000     
   67.000000000000000        0.0000000000000000        0.0000000000000000     
   67.100000000000009        0.0000000000000000        0.0000000000000000     
   67.200000000000003        0.0000000000000000        0.0000000000000000     
   67.299999999999997        0.0000000000000000        0.0000000000000000     
   67.400000000000006        0.0000000000000000        0.0000000000000000     
   67.500000000000000        0.0000000000000000        0.0000000000000000     
   67.600000000000009        0.0000000000000000        0.0000000000000000     
   67.700000000000003        0.0000000000000000        0.0000000000000000     
   67.799999999999997        0.0000000000000000        0.0000000000000000     
   67.900000000000006        0.0000000000000000        0.0000000000000000     
   68.000000000000000        0.0000000000000000        0.0000000000000000     
   68.100000000000009        0.0000000000000000        0.0000000000000000     
   68.200000000000003        0.0000000000000000        0.0000000000000000     
   68.299999999999997        0.0000000000000000        0.0000000000000000     
   68.400000000000006        0.0000000000000000        0.0000000000000000     
   68.500000000000000        0.0000000000000000        0.0000000000000000     
   68.600000000000009        0.0000000000000000        0.0000000000000000     
   68.700000000000003        0.0000000000000000        0.0000000000000000     
   68.799999999999997        0.0000000000000000        0.0000000000000000     
   68.900000000000006        0.0000000000000000        0.0000000000000000     
   69.000000000000000        0.0000000000000000        0.0000000000000000     
   69.100000000000009        0.0000000000000000        0.0000000000000000     
   69.200000000000003        0.0000000000000000        0.0000000000000000     
   69.299999999999997        0.0000000000000000        0.0000000000000000     
   69.400000000000006        0.0000000000000000        0.0000000000000000     
   69.500000000000000        0.0000000000000000        0.0000000000000000     
   69.600000000000009        0.0000000000000000        0.0000000000000000     
   69.700000000000003        0.0000000000000000        0.0000000000000000     
   69.799999999999997        0.0000000000000000        0.0000000000000000     
   69.900000000000006        0.0000000000000000        0.0000000000000000     
   70.000000000000000        0.0000000000000000        0.0000000000000000     
