    0.0000  -61.3957  -34.2724  -61.3957 -121.7995
    0.1000  -61.2126  -34.1702  -61.2126 -121.4363
    0.2000  -61.0005  -34.0518  -61.0005 -121.0155
    0.3000  -60.7549  -33.9147  -60.7549 -120.5283
    0.4000  -60.4709  -33.7562  -60.4709 -119.9650
    0.5000  -60.1431  -33.5732  -60.1431 -119.3146
    0.6000  -59.7652  -33.3622  -59.7652 -118.5649
    0.7000  -59.3304  -33.1195  -59.3304 -117.7024
    0.8000  -58.8313  -32.8409  -58.8313 -116.7121
    0.9000  -58.2596  -32.5218  -58.2596 -115.5780
    1.0000  -57.6067  -32.1573  -57.6067 -114.2828
    1.1000  -56.8635  -31.7424  -56.8635 -112.8084
    1.2000  -56.0206  -31.2719  -56.0206 -111.1362
    1.3000  -55.0685  -30.7404  -55.0685 -109.2474
    1.4000  -53.9981  -30.1429  -53.9981 -107.1240
    1.5000  -52.8012  -29.4747  -52.8012 -104.7494
    1.6000  -51.4705  -28.7319  -51.4705 -102.1095
    1.7000  -50.0008  -27.9115  -50.0008  -99.1939
    1.8000  -48.3893  -27.0120  -48.3893  -95.9969
    1.9000  -46.6363  -26.0334  -46.6363  -92.5192
    2.0000  -44.7457  -24.9780  -44.7457  -88.7685
    2.1000  -42.7255  -23.8503  -42.7255  -84.7608
    2.2000  -40.5883  -22.6572  -40.5883  -80.5209
    2.3000  -38.3509  -21.4083  -38.3509  -76.0822
    2.4000  -36.0341  -20.1150  -36.0341  -71.4861
    2.5000  -33.6624  -18.7911  -33.6624  -66.7810
    2.6000  -31.2625  -17.4514  -31.2625  -62.0200
    2.7000  -28.8626  -16.1117  -28.8626  -57.2590
    2.8000  -26.4908  -14.7877  -26.4908  -52.5537
    2.9000  -24.1739  -13.4944  -24.1739  -47.9573
    3.0000  -21.9363  -12.2453  -21.9363  -43.5182
    3.1000  -19.7989  -11.0521  -19.7989  -39.2779
    3.2000  -17.7784   -9.9243  -17.7784  -35.2697
    3.3000  -15.8875   -8.8688  -15.8875  -31.5184
    3.4000  -14.1342   -7.8900  -14.1342  -28.0401
    3.5000  -12.5224   -6.9903  -12.5224  -24.8425
    3.6000  -11.0524   -6.1697  -11.0524  -21.9263
    3.7000   -9.7215   -5.4267   -9.7215  -19.2859
    3.8000   -8.5242   -4.7584   -8.5242  -16.9108
    3.9000   -7.4536   -4.1608   -7.4536  -14.7868
    4.0000   -6.5013   -3.6292   -6.5013  -12.8976
    4.1000   -5.6581   -3.1585   -5.6581  -11.2249
    4.2000   -4.9147   -2.7435   -4.9147   -9.7501
    4.3000   -4.2617   -2.3790   -4.2617   -8.4545
    4.4000   -3.6898   -2.0598   -3.6898   -7.3201
    4.5000   -3.1905   -1.7810   -3.1905   -6.3295
    4.6000   -2.7556   -1.5383   -2.7556   -5.4668
    4.7000   -2.3776   -1.3272   -2.3776   -4.7169
    4.8000   -2.0497   -1.1442   -2.0497   -4.0663
    4.9000   -1.7657   -0.9856   -1.7657   -3.5028
    5.0000   -1.5200   -0.8485   -1.5200   -3.0155
    5.1000   -1.3078   -0.7300   -1.3078   -2.5945
    5.2000   -1.1247   -0.6278   -1.1247   -2.2312
    5.3000   -0.9668   -0.5397   -0.9668   -1.9179
    5.4000   -0.8308   -0.4637   -0.8308   -1.6481
    5.5000   -0.7136   -0.3984   -0.7136   -1.4158
    5.6000   -0.6129   -0.3421   -0.6129   -1.2159
    5.7000   -0.5262   -0.2937   -0.5262   -1.0439
    5.8000   -0.4517   -0.2522   -0.4517   -0.8962
    5.9000   -0.3877   -0.2164   -0.3877   -0.7692
    6.0000   -0.3327   -0.1857   -0.3327   -0.6601
    6.1000   -0.2855   -0.1594   -0.2855   -0.5664
    6.2000   -0.2449   -0.1367   -0.2449   -0.4859
    6.3000   -0.2101   -0.1173   -0.2101   -0.4169
    6.4000   -0.1803   -0.1006   -0.1803   -0.3576
    6.5000   -0.1546   -0.0863   -0.1546   -0.3067
    6.6000   -0.1326   -0.0740   -0.1326   -0.2631
    6.7000   -0.1137   -0.0635   -0.1137   -0.2256
    6.8000   -0.0975   -0.0545   -0.0975   -0.1935
    6.9000   -0.0837   -0.0467   -0.0837   -0.1660
    7.0000   -0.0717   -0.0400   -0.0717   -0.1423
    7.1000   -0.0615   -0.0343   -0.0615   -0.1220
    7.2000   -0.0528   -0.0294   -0.0528   -0.1047
    7.3000   -0.0452   -0.0253   -0.0452   -0.0897
    7.4000   -0.0388   -0.0217   -0.0388   -0.0770
    7.5000   -0.0333   -0.0186   -0.0333   -0.0660
    7.6000   -0.0285   -0.0159   -0.0285   -0.0566
    7.7000   -0.0245   -0.0137   -0.0245   -0.0485
    7.8000   -0.0210   -0.0117   -0.0210   -0.0416
    7.9000   -0.0180   -0.0100   -0.0180   -0.0357
    8.0000   -0.0154   -0.0086   -0.0154   -0.0306
    8.1000   -0.0132   -0.0074   -0.0132   -0.0262
    8.2000   -0.0113   -0.0063   -0.0113   -0.0225
    8.3000   -0.0097   -0.0054   -0.0097   -0.0193
    8.4000   -0.0083   -0.0047   -0.0083   -0.0165
    8.5000   -0.0071   -0.0040   -0.0071   -0.0142
    8.6000   -0.0061   -0.0034   -0.0061   -0.0122
    8.7000   -0.0053   -0.0029   -0.0053   -0.0104
    8.8000   -0.0045   -0.0025   -0.0045   -0.0089
    8.9000   -0.0039   -0.0022   -0.0039   -0.0077
    9.0000   -0.0033   -0.0018   -0.0033   -0.0066
    9.1000   -0.0028   -0.0016   -0.0028   -0.0056
    9.2000   -0.0024   -0.0014   -0.0024   -0.0048
    9.3000   -0.0021   -0.0012   -0.0021   -0.0041
    9.4000   -0.0018   -0.0010   -0.0018   -0.0035
    9.5000   -0.0015   -0.0009   -0.0015   -0.0030
    9.6000   -0.0013   -0.0007   -0.0013   -0.0026
    9.7000   -0.0011   -0.0006   -0.0011   -0.0022
    9.8000   -0.0010   -0.0005   -0.0010   -0.0019
    9.9000   -0.0008   -0.0005   -0.0008   -0.0016
   10.0000   -0.0007   -0.0004   -0.0007   -0.0014
   10.1000   -0.0006   -0.0003   -0.0006   -0.0012
   10.2000   -0.0005   -0.0003   -0.0005   -0.0010
   10.3000   -0.0004   -0.0003   -0.0004   -0.0009
   10.4000   -0.0004   -0.0002   -0.0004   -0.0008
   10.5000   -0.0003   -0.0002   -0.0003   -0.0007
   10.6000   -0.0003   -0.0002   -0.0003   -0.0006
   10.7000   -0.0002   -0.0001   -0.0002   -0.0005
   10.8000   -0.0002   -0.0001   -0.0002   -0.0004
   10.9000   -0.0002   -0.0001   -0.0002   -0.0004
   11.0000   -0.0002   -0.0001   -0.0002   -0.0003
   11.1000   -0.0001   -0.0001   -0.0001   -0.0003
   11.2000   -0.0001   -0.0001   -0.0001   -0.0002
   11.3000   -0.0001   -0.0001   -0.0001   -0.0002
   11.4000   -0.0001   -0.0000   -0.0001   -0.0002
   11.5000   -0.0001   -0.0000   -0.0001   -0.0001
   11.6000   -0.0001   -0.0000   -0.0001   -0.0001
   11.7000   -0.0001   -0.0000   -0.0001   -0.0001
   11.8000   -0.0000   -0.0000   -0.0000   -0.0001
   11.9000   -0.0000   -0.0000   -0.0000   -0.0001
   12.0000   -0.0000   -0.0000   -0.0000   -0.0001
   12.1000   -0.0000   -0.0000   -0.0000   -0.0001
   12.2000   -0.0000   -0.0000   -0.0000   -0.0000
   12.3000   -0.0000   -0.0000   -0.0000   -0.0000
   12.4000   -0.0000   -0.0000   -0.0000   -0.0000
   12.5000   -0.0000   -0.0000   -0.0000   -0.0000
   12.6000   -0.0000   -0.0000   -0.0000   -0.0000
   12.7000   -0.0000   -0.0000   -0.0000   -0.0000
   12.8000   -0.0000   -0.0000   -0.0000   -0.0000
   12.9000   -0.0000   -0.0000   -0.0000   -0.0000
   13.0000   -0.0000   -0.0000   -0.0000   -0.0000
   13.1000   -0.0000   -0.0000   -0.0000   -0.0000
   13.2000   -0.0000   -0.0000   -0.0000   -0.0000
   13.3000   -0.0000   -0.0000   -0.0000   -0.0000
   13.4000   -0.0000   -0.0000   -0.0000   -0.0000
   13.5000   -0.0000   -0.0000   -0.0000   -0.0000
   13.6000   -0.0000   -0.0000   -0.0000   -0.0000
   13.7000   -0.0000   -0.0000   -0.0000   -0.0000
   13.8000   -0.0000   -0.0000   -0.0000   -0.0000
   13.9000   -0.0000   -0.0000   -0.0000   -0.0000
   14.0000   -0.0000   -0.0000   -0.0000   -0.0000
   14.1000   -0.0000   -0.0000   -0.0000   -0.0000
   14.2000   -0.0000   -0.0000   -0.0000   -0.0000
   14.3000   -0.0000   -0.0000   -0.0000   -0.0000
   14.4000   -0.0000   -0.0000   -0.0000   -0.0000
   14.5000   -0.0000   -0.0000   -0.0000   -0.0000
   14.6000   -0.0000   -0.0000   -0.0000   -0.0000
   14.7000   -0.0000   -0.0000   -0.0000   -0.0000
   14.8000   -0.0000   -0.0000   -0.0000   -0.0000
   14.9000   -0.0000   -0.0000   -0.0000   -0.0000
   15.0000   -0.0000   -0.0000   -0.0000   -0.0000
   15.1000   -0.0000   -0.0000   -0.0000   -0.0000
   15.2000   -0.0000   -0.0000   -0.0000   -0.0000
   15.3000   -0.0000   -0.0000   -0.0000   -0.0000
   15.4000   -0.0000   -0.0000   -0.0000   -0.0000
   15.5000   -0.0000   -0.0000   -0.0000   -0.0000
   15.6000   -0.0000   -0.0000   -0.0000   -0.0000
   15.7000   -0.0000   -0.0000   -0.0000   -0.0000
   15.8000   -0.0000   -0.0000   -0.0000   -0.0000
   15.9000   -0.0000   -0.0000   -0.0000   -0.0000
   16.0000   -0.0000   -0.0000   -0.0000   -0.0000
   16.1000   -0.0000   -0.0000   -0.0000   -0.0000
   16.2000   -0.0000   -0.0000   -0.0000   -0.0000
   16.3000   -0.0000   -0.0000   -0.0000   -0.0000
   16.4000   -0.0000   -0.0000   -0.0000   -0.0000
   16.5000   -0.0000   -0.0000   -0.0000   -0.0000
   16.6000   -0.0000   -0.0000   -0.0000   -0.0000
   16.7000   -0.0000   -0.0000   -0.0000   -0.0000
   16.8000   -0.0000   -0.0000   -0.0000   -0.0000
   16.9000   -0.0000   -0.0000   -0.0000   -0.0000
   17.0000   -0.0000   -0.0000   -0.0000   -0.0000
   17.1000   -0.0000   -0.0000   -0.0000   -0.0000
   17.2000   -0.0000   -0.0000   -0.0000   -0.0000
   17.3000   -0.0000   -0.0000   -0.0000   -0.0000
   17.4000   -0.0000   -0.0000   -0.0000   -0.0000
   17.5000   -0.0000   -0.0000   -0.0000   -0.0000
   17.6000   -0.0000   -0.0000   -0.0000   -0.0000
   17.7000   -0.0000   -0.0000   -0.0000   -0.0000
   17.8000   -0.0000   -0.0000   -0.0000   -0.0000
   17.9000   -0.0000   -0.0000   -0.0000   -0.0000
   18.0000   -0.0000   -0.0000   -0.0000   -0.0000
   18.1000   -0.0000   -0.0000   -0.0000   -0.0000
   18.2000   -0.0000   -0.0000   -0.0000   -0.0000
   18.3000   -0.0000   -0.0000   -0.0000   -0.0000
   18.4000   -0.0000   -0.0000   -0.0000   -0.0000
   18.5000   -0.0000   -0.0000   -0.0000   -0.0000
   18.6000   -0.0000   -0.0000   -0.0000   -0.0000
   18.7000   -0.0000   -0.0000   -0.0000   -0.0000
   18.8000   -0.0000   -0.0000   -0.0000   -0.0000
   18.9000   -0.0000   -0.0000   -0.0000   -0.0000
   19.0000   -0.0000   -0.0000   -0.0000   -0.0000
   19.1000   -0.0000   -0.0000   -0.0000   -0.0000
   19.2000   -0.0000   -0.0000   -0.0000   -0.0000
   19.3000   -0.0000   -0.0000   -0.0000   -0.0000
   19.4000   -0.0000   -0.0000   -0.0000   -0.0000
   19.5000   -0.0000   -0.0000   -0.0000   -0.0000
   19.6000   -0.0000   -0.0000   -0.0000   -0.0000
   19.7000   -0.0000   -0.0000   -0.0000   -0.0000
   19.8000   -0.0000   -0.0000   -0.0000   -0.0000
   19.9000   -0.0000   -0.0000   -0.0000   -0.0000
   20.0000   -0.0000   -0.0000   -0.0000   -0.0000
   20.1000   -0.0000   -0.0000   -0.0000   -0.0000
   20.2000   -0.0000   -0.0000   -0.0000   -0.0000
   20.3000   -0.0000   -0.0000   -0.0000   -0.0000
   20.4000   -0.0000   -0.0000   -0.0000   -0.0000
   20.5000   -0.0000   -0.0000   -0.0000   -0.0000
   20.6000   -0.0000   -0.0000   -0.0000   -0.0000
   20.7000   -0.0000   -0.0000   -0.0000   -0.0000
   20.8000   -0.0000   -0.0000   -0.0000   -0.0000
   20.9000   -0.0000   -0.0000   -0.0000   -0.0000
   21.0000   -0.0000   -0.0000   -0.0000   -0.0000
   21.1000   -0.0000   -0.0000   -0.0000   -0.0000
   21.2000   -0.0000   -0.0000   -0.0000   -0.0000
   21.3000   -0.0000   -0.0000   -0.0000   -0.0000
   21.4000   -0.0000   -0.0000   -0.0000   -0.0000
   21.5000   -0.0000   -0.0000   -0.0000   -0.0000
   21.6000   -0.0000   -0.0000   -0.0000   -0.0000
   21.7000   -0.0000   -0.0000   -0.0000   -0.0000
   21.8000   -0.0000   -0.0000   -0.0000   -0.0000
   21.9000   -0.0000   -0.0000   -0.0000   -0.0000
   22.0000   -0.0000   -0.0000   -0.0000   -0.0000
   22.1000   -0.0000   -0.0000   -0.0000   -0.0000
   22.2000   -0.0000   -0.0000   -0.0000   -0.0000
   22.3000   -0.0000   -0.0000   -0.0000   -0.0000
   22.4000   -0.0000   -0.0000   -0.0000   -0.0000
   22.5000   -0.0000   -0.0000   -0.0000   -0.0000
   22.6000   -0.0000   -0.0000   -0.0000   -0.0000
   22.7000   -0.0000   -0.0000   -0.0000   -0.0000
   22.8000   -0.0000   -0.0000   -0.0000   -0.0000
   22.9000   -0.0000   -0.0000   -0.0000   -0.0000
   23.0000   -0.0000   -0.0000   -0.0000   -0.0000
   23.1000   -0.0000   -0.0000   -0.0000   -0.0000
   23.2000   -0.0000   -0.0000   -0.0000   -0.0000
   23.3000   -0.0000   -0.0000   -0.0000   -0.0000
   23.4000   -0.0000   -0.0000   -0.0000   -0.0000
   23.5000   -0.0000   -0.0000   -0.0000   -0.0000
   23.6000   -0.0000   -0.0000   -0.0000   -0.0000
   23.7000   -0.0000   -0.0000   -0.0000   -0.0000
   23.8000   -0.0000   -0.0000   -0.0000   -0.0000
   23.9000   -0.0000   -0.0000   -0.0000   -0.0000
   24.0000   -0.0000   -0.0000   -0.0000   -0.0000
   24.1000   -0.0000   -0.0000   -0.0000   -0.0000
   24.2000   -0.0000   -0.0000   -0.0000   -0.0000
   24.3000   -0.0000   -0.0000   -0.0000   -0.0000
   24.4000   -0.0000   -0.0000   -0.0000   -0.0000
   24.5000   -0.0000   -0.0000   -0.0000   -0.0000
   24.6000   -0.0000   -0.0000   -0.0000   -0.0000
   24.7000   -0.0000   -0.0000   -0.0000   -0.0000
   24.8000   -0.0000   -0.0000   -0.0000   -0.0000
   24.9000   -0.0000   -0.0000   -0.0000   -0.0000
   25.0000   -0.0000   -0.0000   -0.0000   -0.0000
   25.1000   -0.0000   -0.0000   -0.0000   -0.0000
   25.2000   -0.0000   -0.0000   -0.0000   -0.0000
   25.3000   -0.0000   -0.0000   -0.0000   -0.0000
   25.4000   -0.0000   -0.0000   -0.0000   -0.0000
   25.5000   -0.0000   -0.0000   -0.0000   -0.0000
   25.6000   -0.0000   -0.0000   -0.0000   -0.0000
   25.7000   -0.0000   -0.0000   -0.0000   -0.0000
   25.8000   -0.0000   -0.0000   -0.0000   -0.0000
   25.9000   -0.0000   -0.0000   -0.0000   -0.0000
   26.0000   -0.0000   -0.0000   -0.0000   -0.0000
   26.1000    0.0000    0.0000    0.0000    0.0000
   26.2000    0.0000    0.0000    0.0000    0.0000
   26.3000    0.0000    0.0000    0.0000    0.0000
   26.4000    0.0000    0.0000    0.0000    0.0000
   26.5000    0.0000    0.0000    0.0000    0.0000
   26.6000    0.0000    0.0000    0.0000    0.0000
   26.7000    0.0000    0.0000    0.0000    0.0000
   26.8000    0.0000    0.0000    0.0000    0.0000
   26.9000    0.0000    0.0000    0.0000    0.0000
   27.0000    0.0000    0.0000    0.0000    0.0000
   27.1000    0.0000    0.0000    0.0000    0.0000
   27.2000    0.0000    0.0000    0.0000    0.0000
   27.3000    0.0000    0.0000    0.0000    0.0000
   27.4000    0.0000    0.0000    0.0000    0.0000
   27.5000    0.0000    0.0000    0.0000    0.0000
   27.6000    0.0000    0.0000    0.0000    0.0000
   27.7000    0.0000    0.0000    0.0000    0.0000
   27.8000    0.0000    0.0000    0.0000    0.0000
   27.9000    0.0000    0.0000    0.0000    0.0000
   28.0000    0.0000    0.0000    0.0000    0.0000
   28.1000    0.0000    0.0000    0.0000    0.0000
   28.2000    0.0000    0.0000    0.0000    0.0000
   28.3000    0.0000    0.0000    0.0000    0.0000
   28.4000    0.0000    0.0000    0.0000    0.0000
   28.5000    0.0000    0.0000    0.0000    0.0000
   28.6000    0.0000    0.0000    0.0000    0.0000
   28.7000    0.0000    0.0000    0.0000    0.0000
   28.8000    0.0000    0.0000    0.0000    0.0000
   28.9000    0.0000    0.0000    0.0000    0.0000
   29.0000    0.0000    0.0000    0.0000    0.0000
   29.1000    0.0000    0.0000    0.0000    0.0000
   29.2000    0.0000    0.0000    0.0000    0.0000
   29.3000    0.0000    0.0000    0.0000    0.0000
   29.4000    0.0000    0.0000    0.0000    0.0000
   29.5000    0.0000    0.0000    0.0000    0.0000
   29.6000    0.0000    0.0000    0.0000    0.0000
   29.7000    0.0000    0.0000    0.0000    0.0000
   29.8000    0.0000    0.0000    0.0000    0.0000
   29.9000    0.0000    0.0000    0.0000    0.0000
   30.0000    0.0000    0.0000    0.0000    0.0000
   30.1000    0.0000    0.0000    0.0000    0.0000
   30.2000    0.0000    0.0000    0.0000    0.0000
   30.3000    0.0000    0.0000    0.0000    0.0000
   30.4000    0.0000    0.0000    0.0000    0.0000
   30.5000    0.0000    0.0000    0.0000    0.0000
   30.6000    0.0000    0.0000    0.0000    0.0000
   30.7000    0.0000    0.0000    0.0000    0.0000
   30.8000    0.0000    0.0000    0.0000    0.0000
   30.9000    0.0000    0.0000    0.0000    0.0000
   31.0000    0.0000    0.0000    0.0000    0.0000
   31.1000    0.0000    0.0000    0.0000    0.0000
   31.2000    0.0000    0.0000    0.0000    0.0000
   31.3000    0.0000    0.0000    0.0000    0.0000
   31.4000    0.0000    0.0000    0.0000    0.0000
   31.5000    0.0000    0.0000    0.0000    0.0000
   31.6000    0.0000    0.0000    0.0000    0.0000
   31.7000    0.0000    0.0000    0.0000    0.0000
   31.8000    0.0000    0.0000    0.0000    0.0000
   31.9000    0.0000    0.0000    0.0000    0.0000
   32.0000    0.0000    0.0000    0.0000    0.0000
   32.1000    0.0000    0.0000    0.0000    0.0000
   32.2000    0.0000    0.0000    0.0000    0.0000
   32.3000    0.0000    0.0000    0.0000    0.0000
   32.4000    0.0000    0.0000    0.0000    0.0000
   32.5000    0.0000    0.0000    0.0000    0.0000
   32.6000    0.0000    0.0000    0.0000    0.0000
   32.7000    0.0000    0.0000    0.0000    0.0000
   32.8000    0.0000    0.0000    0.0000    0.0000
   32.9000    0.0000    0.0000    0.0000    0.0000
   33.0000    0.0000    0.0000    0.0000    0.0000
   33.1000    0.0000    0.0000    0.0000    0.0000
   33.2000    0.0000    0.0000    0.0000    0.0000
   33.3000    0.0000    0.0000    0.0000    0.0000
   33.4000    0.0000    0.0000    0.0000    0.0000
   33.5000    0.0000    0.0000    0.0000    0.0000
   33.6000    0.0000    0.0000    0.0000    0.0000
   33.7000    0.0000    0.0000    0.0000    0.0000
   33.8000    0.0000    0.0000    0.0000    0.0000
   33.9000    0.0000    0.0000    0.0000    0.0000
   34.0000    0.0000    0.0000    0.0000    0.0000
   34.1000    0.0000    0.0000    0.0000    0.0000
   34.2000    0.0000    0.0000    0.0000    0.0000
   34.3000    0.0000    0.0000    0.0000    0.0000
   34.4000    0.0000    0.0000    0.0000    0.0000
   34.5000    0.0000    0.0000    0.0000    0.0000
   34.6000    0.0000    0.0000    0.0000    0.0000
   34.7000    0.0000    0.0000    0.0000    0.0000
   34.8000    0.0000    0.0000    0.0000    0.0000
   34.9000    0.0000    0.0000    0.0000    0.0000
   35.0000    0.0000    0.0000    0.0000    0.0000
   35.1000    0.0000    0.0000    0.0000    0.0000
   35.2000    0.0000    0.0000    0.0000    0.0000
   35.3000    0.0000    0.0000    0.0000    0.0000
   35.4000    0.0000    0.0000    0.0000    0.0000
   35.5000    0.0000    0.0000    0.0000    0.0000
   35.6000    0.0000    0.0000    0.0000    0.0000
   35.7000    0.0000    0.0000    0.0000    0.0000
   35.8000    0.0000    0.0000    0.0000    0.0000
   35.9000    0.0000    0.0000    0.0000    0.0000
   36.0000    0.0000    0.0000    0.0000    0.0000
   36.1000    0.0000    0.0000    0.0000    0.0000
   36.2000    0.0000    0.0000    0.0000    0.0000
   36.3000    0.0000    0.0000    0.0000    0.0000
   36.4000    0.0000    0.0000    0.0000    0.0000
   36.5000    0.0000    0.0000    0.0000    0.0000
   36.6000    0.0000    0.0000    0.0000    0.0000
   36.7000    0.0000    0.0000    0.0000    0.0000
   36.8000    0.0000    0.0000    0.0000    0.0000
   36.9000    0.0000    0.0000    0.0000    0.0000
   37.0000    0.0000    0.0000    0.0000    0.0000
   37.1000    0.0000    0.0000    0.0000    0.0000
   37.2000    0.0000    0.0000    0.0000    0.0000
   37.3000    0.0000    0.0000    0.0000    0.0000
   37.4000    0.0000    0.0000    0.0000    0.0000
   37.5000    0.0000    0.0000    0.0000    0.0000
   37.6000    0.0000    0.0000    0.0000    0.0000
   37.7000    0.0000    0.0000    0.0000    0.0000
   37.8000    0.0000    0.0000    0.0000    0.0000
   37.9000    0.0000    0.0000    0.0000    0.0000
   38.0000    0.0000    0.0000    0.0000    0.0000
   38.1000    0.0000    0.0000    0.0000    0.0000
   38.2000    0.0000    0.0000    0.0000    0.0000
   38.3000    0.0000    0.0000    0.0000    0.0000
   38.4000    0.0000    0.0000    0.0000    0.0000
   38.5000    0.0000    0.0000    0.0000    0.0000
   38.6000    0.0000    0.0000    0.0000    0.0000
   38.7000    0.0000    0.0000    0.0000    0.0000
   38.8000    0.0000    0.0000    0.0000    0.0000
   38.9000    0.0000    0.0000    0.0000    0.0000
   39.0000    0.0000    0.0000    0.0000    0.0000
   39.1000    0.0000    0.0000    0.0000    0.0000
   39.2000    0.0000    0.0000    0.0000    0.0000
   39.3000    0.0000    0.0000    0.0000    0.0000
   39.4000    0.0000    0.0000    0.0000    0.0000
   39.5000    0.0000    0.0000    0.0000    0.0000
   39.6000    0.0000    0.0000    0.0000    0.0000
   39.7000    0.0000    0.0000    0.0000    0.0000
   39.8000    0.0000    0.0000    0.0000    0.0000
   39.9000    0.0000    0.0000    0.0000    0.0000
   40.0000    0.0000    0.0000    0.0000    0.0000
   40.1000    0.0000    0.0000    0.0000    0.0000
   40.2000    0.0000    0.0000    0.0000    0.0000
   40.3000    0.0000    0.0000    0.0000    0.0000
   40.4000    0.0000    0.0000    0.0000    0.0000
   40.5000    0.0000    0.0000    0.0000    0.0000
   40.6000    0.0000    0.0000    0.0000    0.0000
   40.7000    0.0000    0.0000    0.0000    0.0000
   40.8000    0.0000    0.0000    0.0000    0.0000
   40.9000    0.0000    0.0000    0.0000    0.0000
   41.0000    0.0000    0.0000    0.0000    0.0000
   41.1000    0.0000    0.0000    0.0000    0.0000
   41.2000    0.0000    0.0000    0.0000    0.0000
   41.3000    0.0000    0.0000    0.0000    0.0000
   41.4000    0.0000    0.0000    0.0000    0.0000
   41.5000    0.0000    0.0000    0.0000    0.0000
   41.6000    0.0000    0.0000    0.0000    0.0000
   41.7000    0.0000    0.0000    0.0000    0.0000
   41.8000    0.0000    0.0000    0.0000    0.0000
   41.9000    0.0000    0.0000    0.0000    0.0000
   42.0000    0.0000    0.0000    0.0000    0.0000
   42.1000    0.0000    0.0000    0.0000    0.0000
   42.2000    0.0000    0.0000    0.0000    0.0000
   42.3000    0.0000    0.0000    0.0000    0.0000
   42.4000    0.0000    0.0000    0.0000    0.0000
   42.5000    0.0000    0.0000    0.0000    0.0000
   42.6000    0.0000    0.0000    0.0000    0.0000
   42.7000    0.0000    0.0000    0.0000    0.0000
   42.8000    0.0000    0.0000    0.0000    0.0000
   42.9000    0.0000    0.0000    0.0000    0.0000
   43.0000    0.0000    0.0000    0.0000    0.0000
   43.1000    0.0000    0.0000    0.0000    0.0000
   43.2000    0.0000    0.0000    0.0000    0.0000
   43.3000    0.0000    0.0000    0.0000    0.0000
   43.4000    0.0000    0.0000    0.0000    0.0000
   43.5000    0.0000    0.0000    0.0000    0.0000
   43.6000    0.0000    0.0000    0.0000    0.0000
   43.7000    0.0000    0.0000    0.0000    0.0000
   43.8000    0.0000    0.0000    0.0000    0.0000
   43.9000    0.0000    0.0000    0.0000    0.0000
   44.0000    0.0000    0.0000    0.0000    0.0000
   44.1000    0.0000    0.0000    0.0000    0.0000
   44.2000    0.0000    0.0000    0.0000    0.0000
   44.3000    0.0000    0.0000    0.0000    0.0000
   44.4000    0.0000    0.0000    0.0000    0.0000
   44.5000    0.0000    0.0000    0.0000    0.0000
   44.6000    0.0000    0.0000    0.0000    0.0000
   44.7000    0.0000    0.0000    0.0000    0.0000
   44.8000    0.0000    0.0000    0.0000    0.0000
   44.9000    0.0000    0.0000    0.0000    0.0000
   45.0000    0.0000    0.0000    0.0000    0.0000
   45.1000    0.0000    0.0000    0.0000    0.0000
   45.2000    0.0000    0.0000    0.0000    0.0000
   45.3000    0.0000    0.0000    0.0000    0.0000
   45.4000    0.0000    0.0000    0.0000    0.0000
   45.5000    0.0000    0.0000    0.0000    0.0000
   45.6000    0.0000    0.0000    0.0000    0.0000
   45.7000    0.0000    0.0000    0.0000    0.0000
   45.8000    0.0000    0.0000    0.0000    0.0000
   45.9000    0.0000    0.0000    0.0000    0.0000
   46.0000    0.0000    0.0000    0.0000    0.0000
   46.1000    0.0000    0.0000    0.0000    0.0000
   46.2000    0.0000    0.0000    0.0000    0.0000
   46.3000    0.0000    0.0000    0.0000    0.0000
   46.4000    0.0000    0.0000    0.0000    0.0000
   46.5000    0.0000    0.0000    0.0000    0.0000
   46.6000    0.0000    0.0000    0.0000    0.0000
   46.7000    0.0000    0.0000    0.0000    0.0000
   46.8000    0.0000    0.0000    0.0000    0.0000
   46.9000    0.0000    0.0000    0.0000    0.0000
   47.0000    0.0000    0.0000    0.0000    0.0000
   47.1000    0.0000    0.0000    0.0000    0.0000
   47.2000    0.0000    0.0000    0.0000    0.0000
   47.3000    0.0000    0.0000    0.0000    0.0000
   47.4000    0.0000    0.0000    0.0000    0.0000
   47.5000    0.0000    0.0000    0.0000    0.0000
   47.6000    0.0000    0.0000    0.0000    0.0000
   47.7000    0.0000    0.0000    0.0000    0.0000
   47.8000    0.0000    0.0000    0.0000    0.0000
   47.9000    0.0000    0.0000    0.0000    0.0000
   48.0000    0.0000    0.0000    0.0000    0.0000
   48.1000    0.0000    0.0000    0.0000    0.0000
   48.2000    0.0000    0.0000    0.0000    0.0000
   48.3000    0.0000    0.0000    0.0000    0.0000
   48.4000    0.0000    0.0000    0.0000    0.0000
   48.5000    0.0000    0.0000    0.0000    0.0000
   48.6000    0.0000    0.0000    0.0000    0.0000
   48.7000    0.0000    0.0000    0.0000    0.0000
   48.8000    0.0000    0.0000    0.0000    0.0000
   48.9000    0.0000    0.0000    0.0000    0.0000
   49.0000    0.0000    0.0000    0.0000    0.0000
   49.1000    0.0000    0.0000    0.0000    0.0000
   49.2000    0.0000    0.0000    0.0000    0.0000
   49.3000    0.0000    0.0000    0.0000    0.0000
   49.4000    0.0000    0.0000    0.0000    0.0000
   49.5000    0.0000    0.0000    0.0000    0.0000
   49.6000    0.0000    0.0000    0.0000    0.0000
   49.7000    0.0000    0.0000    0.0000    0.0000
   49.8000    0.0000    0.0000    0.0000    0.0000
   49.9000    0.0000    0.0000    0.0000    0.0000
   50.0000    0.0000    0.0000    0.0000    0.0000
   50.1000    0.0000    0.0000    0.0000    0.0000
   50.2000    0.0000    0.0000    0.0000    0.0000
   50.3000    0.0000    0.0000    0.0000    0.0000
   50.4000    0.0000    0.0000    0.0000    0.0000
   50.5000    0.0000    0.0000    0.0000    0.0000
   50.6000    0.0000    0.0000    0.0000    0.0000
   50.7000    0.0000    0.0000    0.0000    0.0000
   50.8000    0.0000    0.0000    0.0000    0.0000
   50.9000    0.0000    0.0000    0.0000    0.0000
   51.0000    0.0000    0.0000    0.0000    0.0000
   51.1000    0.0000    0.0000    0.0000    0.0000
   51.2000    0.0000    0.0000    0.0000    0.0000
   51.3000    0.0000    0.0000    0.0000    0.0000
   51.4000    0.0000    0.0000    0.0000    0.0000
   51.5000    0.0000    0.0000    0.0000    0.0000
   51.6000    0.0000    0.0000    0.0000    0.0000
   51.7000    0.0000    0.0000    0.0000    0.0000
   51.8000    0.0000    0.0000    0.0000    0.0000
   51.9000    0.0000    0.0000    0.0000    0.0000
   52.0000    0.0000    0.0000    0.0000    0.0000
   52.1000    0.0000    0.0000    0.0000    0.0000
   52.2000    0.0000    0.0000    0.0000    0.0000
   52.3000    0.0000    0.0000    0.0000    0.0000
   52.4000    0.0000    0.0000    0.0000    0.0000
   52.5000    0.0000    0.0000    0.0000    0.0000
   52.6000    0.0000    0.0000    0.0000    0.0000
   52.7000    0.0000    0.0000    0.0000    0.0000
   52.8000    0.0000    0.0000    0.0000    0.0000
   52.9000    0.0000    0.0000    0.0000    0.0000
   53.0000    0.0000    0.0000    0.0000    0.0000
   53.1000    0.0000    0.0000    0.0000    0.0000
   53.2000    0.0000    0.0000    0.0000    0.0000
   53.3000    0.0000    0.0000    0.0000    0.0000
   53.4000    0.0000    0.0000    0.0000    0.0000
   53.5000    0.0000    0.0000    0.0000    0.0000
   53.6000    0.0000    0.0000    0.0000    0.0000
   53.7000    0.0000    0.0000    0.0000    0.0000
   53.8000    0.0000    0.0000    0.0000    0.0000
   53.9000    0.0000    0.0000    0.0000    0.0000
   54.0000    0.0000    0.0000    0.0000    0.0000
   54.1000    0.0000    0.0000    0.0000    0.0000
   54.2000    0.0000    0.0000    0.0000    0.0000
   54.3000    0.0000    0.0000    0.0000    0.0000
   54.4000    0.0000    0.0000    0.0000    0.0000
   54.5000    0.0000    0.0000    0.0000    0.0000
   54.6000    0.0000    0.0000    0.0000    0.0000
   54.7000    0.0000    0.0000    0.0000    0.0000
   54.8000    0.0000    0.0000    0.0000    0.0000
   54.9000    0.0000    0.0000    0.0000    0.0000
   55.0000    0.0000    0.0000    0.0000    0.0000
   55.1000    0.0000    0.0000    0.0000    0.0000
   55.2000    0.0000    0.0000    0.0000    0.0000
   55.3000    0.0000    0.0000    0.0000    0.0000
   55.4000    0.0000    0.0000    0.0000    0.0000
   55.5000    0.0000    0.0000    0.0000    0.0000
   55.6000    0.0000    0.0000    0.0000    0.0000
   55.7000    0.0000    0.0000    0.0000    0.0000
   55.8000    0.0000    0.0000    0.0000    0.0000
   55.9000    0.0000    0.0000    0.0000    0.0000
   56.0000    0.0000    0.0000    0.0000    0.0000
   56.1000    0.0000    0.0000    0.0000    0.0000
   56.2000    0.0000    0.0000    0.0000    0.0000
   56.3000    0.0000    0.0000    0.0000    0.0000
   56.4000    0.0000    0.0000    0.0000    0.0000
   56.5000    0.0000    0.0000    0.0000    0.0000
   56.6000    0.0000    0.0000    0.0000    0.0000
   56.7000    0.0000    0.0000    0.0000    0.0000
   56.8000    0.0000    0.0000    0.0000    0.0000
   56.9000    0.0000    0.0000    0.0000    0.0000
   57.0000    0.0000    0.0000    0.0000    0.0000
   57.1000    0.0000    0.0000    0.0000    0.0000
   57.2000    0.0000    0.0000    0.0000    0.0000
   57.3000    0.0000    0.0000    0.0000    0.0000
   57.4000    0.0000    0.0000    0.0000    0.0000
   57.5000    0.0000    0.0000    0.0000    0.0000
   57.6000    0.0000    0.0000    0.0000    0.0000
   57.7000    0.0000    0.0000    0.0000    0.0000
   57.8000    0.0000    0.0000    0.0000    0.0000
   57.9000    0.0000    0.0000    0.0000    0.0000
   58.0000    0.0000    0.0000    0.0000    0.0000
   58.1000    0.0000    0.0000    0.0000    0.0000
   58.2000    0.0000    0.0000    0.0000    0.0000
   58.3000    0.0000    0.0000    0.0000    0.0000
   58.4000    0.0000    0.0000    0.0000    0.0000
   58.5000    0.0000    0.0000    0.0000    0.0000
   58.6000    0.0000    0.0000    0.0000    0.0000
   58.7000    0.0000    0.0000    0.0000    0.0000
   58.8000    0.0000    0.0000    0.0000    0.0000
   58.9000    0.0000    0.0000    0.0000    0.0000
   59.0000    0.0000    0.0000    0.0000    0.0000
   59.1000    0.0000    0.0000    0.0000    0.0000
   59.2000    0.0000    0.0000    0.0000    0.0000
   59.3000    0.0000    0.0000    0.0000    0.0000
   59.4000    0.0000    0.0000    0.0000    0.0000
   59.5000    0.0000    0.0000    0.0000    0.0000
   59.6000    0.0000    0.0000    0.0000    0.0000
   59.7000    0.0000    0.0000    0.0000    0.0000
   59.8000    0.0000    0.0000    0.0000    0.0000
   59.9000    0.0000    0.0000    0.0000    0.0000
   60.0000    0.0000    0.0000    0.0000    0.0000
   60.1000    0.0000    0.0000    0.0000    0.0000
   60.2000    0.0000    0.0000    0.0000    0.0000
   60.3000    0.0000    0.0000    0.0000    0.0000
   60.4000    0.0000    0.0000    0.0000    0.0000
   60.5000    0.0000    0.0000    0.0000    0.0000
   60.6000    0.0000    0.0000    0.0000    0.0000
   60.7000    0.0000    0.0000    0.0000    0.0000
   60.8000    0.0000    0.0000    0.0000    0.0000
   60.9000    0.0000    0.0000    0.0000    0.0000
   61.0000    0.0000    0.0000    0.0000    0.0000
   61.1000    0.0000    0.0000    0.0000    0.0000
   61.2000    0.0000    0.0000    0.0000    0.0000
   61.3000    0.0000    0.0000    0.0000    0.0000
   61.4000    0.0000    0.0000    0.0000    0.0000
   61.5000    0.0000    0.0000    0.0000    0.0000
   61.6000    0.0000    0.0000    0.0000    0.0000
   61.7000    0.0000    0.0000    0.0000    0.0000
   61.8000    0.0000    0.0000    0.0000    0.0000
   61.9000    0.0000    0.0000    0.0000    0.0000
   62.0000    0.0000    0.0000    0.0000    0.0000
   62.1000    0.0000    0.0000    0.0000    0.0000
   62.2000    0.0000    0.0000    0.0000    0.0000
   62.3000    0.0000    0.0000    0.0000    0.0000
   62.4000    0.0000    0.0000    0.0000    0.0000
   62.5000    0.0000    0.0000    0.0000    0.0000
   62.6000    0.0000    0.0000    0.0000    0.0000
   62.7000    0.0000    0.0000    0.0000    0.0000
   62.8000    0.0000    0.0000    0.0000    0.0000
   62.9000    0.0000    0.0000    0.0000    0.0000
   63.0000    0.0000    0.0000    0.0000    0.0000
   63.1000    0.0000    0.0000    0.0000    0.0000
   63.2000    0.0000    0.0000    0.0000    0.0000
   63.3000    0.0000    0.0000    0.0000    0.0000
   63.4000    0.0000    0.0000    0.0000    0.0000
   63.5000    0.0000    0.0000    0.0000    0.0000
   63.6000    0.0000    0.0000    0.0000    0.0000
   63.7000    0.0000    0.0000    0.0000    0.0000
   63.8000    0.0000    0.0000    0.0000    0.0000
   63.9000    0.0000    0.0000    0.0000    0.0000
   64.0000    0.0000    0.0000    0.0000    0.0000
   64.1000    0.0000    0.0000    0.0000    0.0000
   64.2000    0.0000    0.0000    0.0000    0.0000
   64.3000    0.0000    0.0000    0.0000    0.0000
   64.4000    0.0000    0.0000    0.0000    0.0000
   64.5000    0.0000    0.0000    0.0000    0.0000
   64.6000    0.0000    0.0000    0.0000    0.0000
   64.7000    0.0000    0.0000    0.0000    0.0000
   64.8000    0.0000    0.0000    0.0000    0.0000
   64.9000    0.0000    0.0000    0.0000    0.0000
   65.0000    0.0000    0.0000    0.0000    0.0000
   65.1000    0.0000    0.0000    0.0000    0.0000
   65.2000    0.0000    0.0000    0.0000    0.0000
   65.3000    0.0000    0.0000    0.0000    0.0000
   65.4000    0.0000    0.0000    0.0000    0.0000
   65.5000    0.0000    0.0000    0.0000    0.0000
   65.6000    0.0000    0.0000    0.0000    0.0000
   65.7000    0.0000    0.0000    0.0000    0.0000
   65.8000    0.0000    0.0000    0.0000    0.0000
   65.9000    0.0000    0.0000    0.0000    0.0000
   66.0000    0.0000    0.0000    0.0000    0.0000
   66.1000    0.0000    0.0000    0.0000    0.0000
   66.2000    0.0000    0.0000    0.0000    0.0000
   66.3000    0.0000    0.0000    0.0000    0.0000
   66.4000    0.0000    0.0000    0.0000    0.0000
   66.5000    0.0000    0.0000    0.0000    0.0000
   66.6000    0.0000    0.0000    0.0000    0.0000
   66.7000    0.0000    0.0000    0.0000    0.0000
   66.8000    0.0000    0.0000    0.0000    0.0000
   66.9000    0.0000    0.0000    0.0000    0.0000
   67.0000    0.0000    0.0000    0.0000    0.0000
   67.1000    0.0000    0.0000    0.0000    0.0000
   67.2000    0.0000    0.0000    0.0000    0.0000
   67.3000    0.0000    0.0000    0.0000    0.0000
   67.4000    0.0000    0.0000    0.0000    0.0000
   67.5000    0.0000    0.0000    0.0000    0.0000
   67.6000    0.0000    0.0000    0.0000    0.0000
   67.7000    0.0000    0.0000    0.0000    0.0000
   67.8000    0.0000    0.0000    0.0000    0.0000
   67.9000    0.0000    0.0000    0.0000    0.0000
   68.0000    0.0000    0.0000    0.0000    0.0000
   68.1000    0.0000    0.0000    0.0000    0.0000
   68.2000    0.0000    0.0000    0.0000    0.0000
   68.3000    0.0000    0.0000    0.0000    0.0000
   68.4000    0.0000    0.0000    0.0000    0.0000
   68.5000    0.0000    0.0000    0.0000    0.0000
   68.6000    0.0000    0.0000    0.0000    0.0000
   68.7000    0.0000    0.0000    0.0000    0.0000
   68.8000    0.0000    0.0000    0.0000    0.0000
   68.9000    0.0000    0.0000    0.0000    0.0000
   69.0000    0.0000    0.0000    0.0000    0.0000
   69.1000    0.0000    0.0000    0.0000    0.0000
   69.2000    0.0000    0.0000    0.0000    0.0000
   69.3000    0.0000    0.0000    0.0000    0.0000
   69.4000    0.0000    0.0000    0.0000    0.0000
   69.5000    0.0000    0.0000    0.0000    0.0000
   69.6000    0.0000    0.0000    0.0000    0.0000
   69.7000    0.0000    0.0000    0.0000    0.0000
   69.8000    0.0000    0.0000    0.0000    0.0000
   69.9000    0.0000    0.0000    0.0000    0.0000
   70.0000    0.0000    0.0000    0.0000    0.0000
