    0.0000  -18.7247  -18.7247  -18.7247  -18.7247
    0.1000  -10.0797  -10.0797  -10.0797  -10.0797
    0.2000   -5.8374   -5.8374   -5.8374   -5.8374
    0.3000   -4.5023   -4.5023   -4.5023   -4.5023
    0.4000   -3.9016   -3.9016   -3.9016   -3.9016
    0.5000   -3.6010   -3.6010   -3.6010   -3.6010
    0.6000   -3.4561   -3.4561   -3.4561   -3.4561
    0.7000   -3.4049   -3.4049   -3.4049   -3.4049
    0.8000   -3.4166   -3.4166   -3.4166   -3.4166
    0.9000   -3.4736   -3.4736   -3.4736   -3.4736
    1.0000   -3.5649   -3.5649   -3.5649   -3.5649
    1.1000   -3.6829   -3.6829   -3.6829   -3.6829
    1.2000   -3.8215   -3.8215   -3.8215   -3.8215
    1.3000   -3.9756   -3.9756   -3.9756   -3.9756
    1.4000   -4.1398   -4.1398   -4.1398   -4.1398
    1.5000   -4.3089   -4.3089   -4.3089   -4.3089
    1.6000   -4.4769   -4.4769   -4.4769   -4.4769
    1.7000   -4.6377   -4.6377   -4.6377   -4.6377
    1.8000   -4.7845   -4.7845   -4.7845   -4.7845
    1.9000   -4.9104   -4.9104   -4.9104   -4.9104
    2.0000   -5.0086   -5.0086   -5.0086   -5.0086
    2.1000   -5.0724   -5.0724   -5.0724   -5.0724
    2.2000   -5.0962   -5.0962   -5.0962   -5.0962
    2.3000   -5.0758   -5.0758   -5.0758   -5.0758
    2.4000   -5.0086   -5.0086   -5.0086   -5.0086
    2.5000   -4.8940   -4.8940   -4.8940   -4.8940
    2.6000   -4.7337   -4.7337   -4.7337   -4.7337
    2.7000   -4.5316   -4.5316   -4.5316   -4.5316
    2.8000   -4.2933   -4.2933   -4.2933   -4.2933
    2.9000   -4.0260   -4.0260   -4.0260   -4.0260
    3.0000   -3.7376   -3.7376   -3.7376   -3.7376
    3.1000   -3.4365   -3.4365   -3.4365   -3.4365
    3.2000   -3.1308   -3.1308   -3.1308   -3.1308
    3.3000   -2.8277   -2.8277   -2.8277   -2.8277
    3.4000   -2.5334   -2.5334   -2.5334   -2.5334
    3.5000   -2.2530   -2.2530   -2.2530   -2.2530
    3.6000   -1.9902   -1.9902   -1.9902   -1.9902
    3.7000   -1.7472   -1.7472   -1.7472   -1.7472
    3.8000   -1.5256   -1.5256   -1.5256   -1.5256
    3.9000   -1.3255   -1.3255   -1.3255   -1.3255
    4.0000   -1.1468   -1.1468   -1.1468   -1.1468
    4.1000   -0.9883   -0.9883   -0.9883   -0.9883
    4.2000   -0.8490   -0.8490   -0.8490   -0.8490
    4.3000   -0.7272   -0.7272   -0.7272   -0.7272
    4.4000   -0.6214   -0.6214   -0.6214   -0.6214
    4.5000   -0.5298   -0.5298   -0.5298   -0.5298
    4.6000   -0.4509   -0.4509   -0.4509   -0.4509
    4.7000   -0.3832   -0.3832   -0.3832   -0.3832
    4.8000   -0.3252   -0.3252   -0.3252   -0.3252
    4.9000   -0.2757   -0.2757   -0.2757   -0.2757
    5.0000   -0.2336   -0.2336   -0.2336   -0.2336
    5.1000   -0.1977   -0.1977   -0.1977   -0.1977
    5.2000   -0.1672   -0.1672   -0.1672   -0.1672
    5.3000   -0.1414   -0.1414   -0.1414   -0.1414
    5.4000   -0.1195   -0.1195   -0.1195   -0.1195
    5.5000   -0.1010   -0.1010   -0.1010   -0.1010
    5.6000   -0.0853   -0.0853   -0.0853   -0.0853
    5.7000   -0.0721   -0.0721   -0.0721   -0.0721
    5.8000   -0.0609   -0.0609   -0.0609   -0.0609
    5.9000   -0.0514   -0.0514   -0.0514   -0.0514
    6.0000   -0.0434   -0.0434   -0.0434   -0.0434
    6.1000   -0.0367   -0.0367   -0.0367   -0.0367
    6.2000   -0.0310   -0.0310   -0.0310   -0.0310
    6.3000   -0.0262   -0.0262   -0.0262   -0.0262
    6.4000   -0.0221   -0.0221   -0.0221   -0.0221
    6.5000   -0.0187   -0.0187   -0.0187   -0.0187
    6.6000   -0.0158   -0.0158   -0.0158   -0.0158
    6.7000   -0.0133   -0.0133   -0.0133   -0.0133
    6.8000   -0.0113   -0.0113   -0.0113   -0.0113
    6.9000   -0.0095   -0.0095   -0.0095   -0.0095
    7.0000   -0.0081   -0.0081   -0.0081   -0.0081
    7.1000   -0.0068   -0.0068   -0.0068   -0.0068
    7.2000   -0.0058   -0.0058   -0.0058   -0.0058
    7.3000   -0.0049   -0.0049   -0.0049   -0.0049
    7.4000   -0.0041   -0.0041   -0.0041   -0.0041
    7.5000   -0.0035   -0.0035   -0.0035   -0.0035
    7.6000   -0.0030   -0.0030   -0.0030   -0.0030
    7.7000   -0.0025   -0.0025   -0.0025   -0.0025
    7.8000   -0.0021   -0.0021   -0.0021   -0.0021
    7.9000   -0.0018   -0.0018   -0.0018   -0.0018
    8.0000   -0.0015   -0.0015   -0.0015   -0.0015
    8.1000   -0.0013   -0.0013   -0.0013   -0.0013
    8.2000   -0.0011   -0.0011   -0.0011   -0.0011
    8.3000   -0.0009   -0.0009   -0.0009   -0.0009
    8.4000   -0.0008   -0.0008   -0.0008   -0.0008
    8.5000   -0.0007   -0.0007   -0.0007   -0.0007
    8.6000   -0.0006   -0.0006   -0.0006   -0.0006
    8.7000   -0.0005   -0.0005   -0.0005   -0.0005
    8.8000   -0.0004   -0.0004   -0.0004   -0.0004
    8.9000   -0.0003   -0.0003   -0.0003   -0.0003
    9.0000   -0.0003   -0.0003   -0.0003   -0.0003
    9.1000   -0.0002   -0.0002   -0.0002   -0.0002
    9.2000   -0.0002   -0.0002   -0.0002   -0.0002
    9.3000   -0.0002   -0.0002   -0.0002   -0.0002
    9.4000   -0.0001   -0.0001   -0.0001   -0.0001
    9.5000   -0.0001   -0.0001   -0.0001   -0.0001
    9.6000   -0.0001   -0.0001   -0.0001   -0.0001
    9.7000   -0.0001   -0.0001   -0.0001   -0.0001
    9.8000   -0.0001   -0.0001   -0.0001   -0.0001
    9.9000   -0.0001   -0.0001   -0.0001   -0.0001
   10.0000   -0.0001   -0.0001   -0.0001   -0.0001
   10.1000   -0.0000   -0.0000   -0.0000   -0.0000
   10.2000   -0.0000   -0.0000   -0.0000   -0.0000
   10.3000   -0.0000   -0.0000   -0.0000   -0.0000
   10.4000   -0.0000   -0.0000   -0.0000   -0.0000
   10.5000   -0.0000   -0.0000   -0.0000   -0.0000
   10.6000   -0.0000   -0.0000   -0.0000   -0.0000
   10.7000   -0.0000   -0.0000   -0.0000   -0.0000
   10.8000   -0.0000   -0.0000   -0.0000   -0.0000
   10.9000   -0.0000   -0.0000   -0.0000   -0.0000
   11.0000   -0.0000   -0.0000   -0.0000   -0.0000
   11.1000   -0.0000   -0.0000   -0.0000   -0.0000
   11.2000   -0.0000   -0.0000   -0.0000   -0.0000
   11.3000   -0.0000   -0.0000   -0.0000   -0.0000
   11.4000   -0.0000   -0.0000   -0.0000   -0.0000
   11.5000   -0.0000   -0.0000   -0.0000   -0.0000
   11.6000   -0.0000   -0.0000   -0.0000   -0.0000
   11.7000   -0.0000   -0.0000   -0.0000   -0.0000
   11.8000   -0.0000   -0.0000   -0.0000   -0.0000
   11.9000   -0.0000   -0.0000   -0.0000   -0.0000
   12.0000   -0.0000   -0.0000   -0.0000   -0.0000
   12.1000   -0.0000   -0.0000   -0.0000   -0.0000
   12.2000   -0.0000   -0.0000   -0.0000   -0.0000
   12.3000   -0.0000   -0.0000   -0.0000   -0.0000
   12.4000   -0.0000   -0.0000   -0.0000   -0.0000
   12.5000   -0.0000   -0.0000   -0.0000   -0.0000
   12.6000   -0.0000   -0.0000   -0.0000   -0.0000
   12.7000   -0.0000   -0.0000   -0.0000   -0.0000
   12.8000   -0.0000   -0.0000   -0.0000   -0.0000
   12.9000   -0.0000   -0.0000   -0.0000   -0.0000
   13.0000   -0.0000   -0.0000   -0.0000   -0.0000
   13.1000   -0.0000   -0.0000   -0.0000   -0.0000
   13.2000   -0.0000   -0.0000   -0.0000   -0.0000
   13.3000   -0.0000   -0.0000   -0.0000   -0.0000
   13.4000   -0.0000   -0.0000   -0.0000   -0.0000
   13.5000   -0.0000   -0.0000   -0.0000   -0.0000
   13.6000   -0.0000   -0.0000   -0.0000   -0.0000
   13.7000   -0.0000   -0.0000   -0.0000   -0.0000
   13.8000   -0.0000   -0.0000   -0.0000   -0.0000
   13.9000   -0.0000   -0.0000   -0.0000   -0.0000
   14.0000   -0.0000   -0.0000   -0.0000   -0.0000
   14.1000   -0.0000   -0.0000   -0.0000   -0.0000
   14.2000   -0.0000   -0.0000   -0.0000   -0.0000
   14.3000   -0.0000   -0.0000   -0.0000   -0.0000
   14.4000   -0.0000   -0.0000   -0.0000   -0.0000
   14.5000   -0.0000   -0.0000   -0.0000   -0.0000
   14.6000   -0.0000   -0.0000   -0.0000   -0.0000
   14.7000   -0.0000   -0.0000   -0.0000   -0.0000
   14.8000   -0.0000   -0.0000   -0.0000   -0.0000
   14.9000   -0.0000   -0.0000   -0.0000   -0.0000
   15.0000   -0.0000   -0.0000   -0.0000   -0.0000
   15.1000   -0.0000   -0.0000   -0.0000   -0.0000
   15.2000   -0.0000   -0.0000   -0.0000   -0.0000
   15.3000   -0.0000   -0.0000   -0.0000   -0.0000
   15.4000   -0.0000   -0.0000   -0.0000   -0.0000
   15.5000   -0.0000   -0.0000   -0.0000   -0.0000
   15.6000   -0.0000   -0.0000   -0.0000   -0.0000
   15.7000   -0.0000   -0.0000   -0.0000   -0.0000
   15.8000   -0.0000   -0.0000   -0.0000   -0.0000
   15.9000   -0.0000   -0.0000   -0.0000   -0.0000
   16.0000   -0.0000   -0.0000   -0.0000   -0.0000
   16.1000   -0.0000   -0.0000   -0.0000   -0.0000
   16.2000   -0.0000   -0.0000   -0.0000   -0.0000
   16.3000   -0.0000   -0.0000   -0.0000   -0.0000
   16.4000   -0.0000   -0.0000   -0.0000   -0.0000
   16.5000   -0.0000   -0.0000   -0.0000   -0.0000
   16.6000   -0.0000   -0.0000   -0.0000   -0.0000
   16.7000   -0.0000   -0.0000   -0.0000   -0.0000
   16.8000   -0.0000   -0.0000   -0.0000   -0.0000
   16.9000   -0.0000   -0.0000   -0.0000   -0.0000
   17.0000   -0.0000   -0.0000   -0.0000   -0.0000
   17.1000   -0.0000   -0.0000   -0.0000   -0.0000
   17.2000   -0.0000   -0.0000   -0.0000   -0.0000
   17.3000   -0.0000   -0.0000   -0.0000   -0.0000
   17.4000   -0.0000   -0.0000   -0.0000   -0.0000
   17.5000   -0.0000   -0.0000   -0.0000   -0.0000
   17.6000   -0.0000   -0.0000   -0.0000   -0.0000
   17.7000   -0.0000   -0.0000   -0.0000   -0.0000
   17.8000   -0.0000   -0.0000   -0.0000   -0.0000
   17.9000   -0.0000   -0.0000   -0.0000   -0.0000
   18.0000   -0.0000   -0.0000   -0.0000   -0.0000
   18.1000   -0.0000   -0.0000   -0.0000   -0.0000
   18.2000   -0.0000   -0.0000   -0.0000   -0.0000
   18.3000   -0.0000   -0.0000   -0.0000   -0.0000
   18.4000   -0.0000   -0.0000   -0.0000   -0.0000
   18.5000   -0.0000   -0.0000   -0.0000   -0.0000
   18.6000   -0.0000   -0.0000   -0.0000   -0.0000
   18.7000   -0.0000   -0.0000   -0.0000   -0.0000
   18.8000   -0.0000   -0.0000   -0.0000   -0.0000
   18.9000   -0.0000   -0.0000   -0.0000   -0.0000
   19.0000   -0.0000   -0.0000   -0.0000   -0.0000
   19.1000   -0.0000   -0.0000   -0.0000   -0.0000
   19.2000   -0.0000   -0.0000   -0.0000   -0.0000
   19.3000   -0.0000   -0.0000   -0.0000   -0.0000
   19.4000   -0.0000   -0.0000   -0.0000   -0.0000
   19.5000   -0.0000   -0.0000   -0.0000   -0.0000
   19.6000   -0.0000   -0.0000   -0.0000   -0.0000
   19.7000   -0.0000   -0.0000   -0.0000   -0.0000
   19.8000   -0.0000   -0.0000   -0.0000   -0.0000
   19.9000   -0.0000   -0.0000   -0.0000   -0.0000
   20.0000   -0.0000   -0.0000   -0.0000   -0.0000
   20.1000   -0.0000   -0.0000   -0.0000   -0.0000
   20.2000   -0.0000   -0.0000   -0.0000   -0.0000
   20.3000   -0.0000   -0.0000   -0.0000   -0.0000
   20.4000   -0.0000   -0.0000   -0.0000   -0.0000
   20.5000   -0.0000   -0.0000   -0.0000   -0.0000
   20.6000   -0.0000   -0.0000   -0.0000   -0.0000
   20.7000   -0.0000   -0.0000   -0.0000   -0.0000
   20.8000   -0.0000   -0.0000   -0.0000   -0.0000
   20.9000   -0.0000   -0.0000   -0.0000   -0.0000
   21.0000   -0.0000   -0.0000   -0.0000   -0.0000
   21.1000   -0.0000   -0.0000   -0.0000   -0.0000
   21.2000   -0.0000   -0.0000   -0.0000   -0.0000
   21.3000   -0.0000   -0.0000   -0.0000   -0.0000
   21.4000   -0.0000   -0.0000   -0.0000   -0.0000
   21.5000   -0.0000   -0.0000   -0.0000   -0.0000
   21.6000   -0.0000   -0.0000   -0.0000   -0.0000
   21.7000   -0.0000   -0.0000   -0.0000   -0.0000
   21.8000   -0.0000   -0.0000   -0.0000   -0.0000
   21.9000   -0.0000   -0.0000   -0.0000   -0.0000
   22.0000   -0.0000   -0.0000   -0.0000   -0.0000
   22.1000   -0.0000   -0.0000   -0.0000   -0.0000
   22.2000   -0.0000   -0.0000   -0.0000   -0.0000
   22.3000   -0.0000   -0.0000   -0.0000   -0.0000
   22.4000   -0.0000   -0.0000   -0.0000   -0.0000
   22.5000   -0.0000   -0.0000   -0.0000   -0.0000
   22.6000   -0.0000   -0.0000   -0.0000   -0.0000
   22.7000   -0.0000   -0.0000   -0.0000   -0.0000
   22.8000   -0.0000   -0.0000   -0.0000   -0.0000
   22.9000   -0.0000   -0.0000   -0.0000   -0.0000
   23.0000   -0.0000   -0.0000   -0.0000   -0.0000
   23.1000   -0.0000   -0.0000   -0.0000   -0.0000
   23.2000   -0.0000   -0.0000   -0.0000   -0.0000
   23.3000   -0.0000   -0.0000   -0.0000   -0.0000
   23.4000   -0.0000   -0.0000   -0.0000   -0.0000
   23.5000   -0.0000   -0.0000   -0.0000   -0.0000
   23.6000   -0.0000   -0.0000   -0.0000   -0.0000
   23.7000   -0.0000   -0.0000   -0.0000   -0.0000
   23.8000   -0.0000   -0.0000   -0.0000   -0.0000
   23.9000   -0.0000   -0.0000   -0.0000   -0.0000
   24.0000   -0.0000   -0.0000   -0.0000   -0.0000
   24.1000   -0.0000   -0.0000   -0.0000   -0.0000
   24.2000   -0.0000   -0.0000   -0.0000   -0.0000
   24.3000   -0.0000   -0.0000   -0.0000   -0.0000
   24.4000   -0.0000   -0.0000   -0.0000   -0.0000
   24.5000   -0.0000   -0.0000   -0.0000   -0.0000
   24.6000   -0.0000   -0.0000   -0.0000   -0.0000
   24.7000   -0.0000   -0.0000   -0.0000   -0.0000
   24.8000   -0.0000   -0.0000   -0.0000   -0.0000
   24.9000   -0.0000   -0.0000   -0.0000   -0.0000
   25.0000   -0.0000   -0.0000   -0.0000   -0.0000
   25.1000   -0.0000   -0.0000   -0.0000   -0.0000
   25.2000   -0.0000   -0.0000   -0.0000   -0.0000
   25.3000   -0.0000   -0.0000   -0.0000   -0.0000
   25.4000   -0.0000   -0.0000   -0.0000   -0.0000
   25.5000   -0.0000   -0.0000   -0.0000   -0.0000
   25.6000   -0.0000   -0.0000   -0.0000   -0.0000
   25.7000   -0.0000   -0.0000   -0.0000   -0.0000
   25.8000   -0.0000   -0.0000   -0.0000   -0.0000
   25.9000   -0.0000   -0.0000   -0.0000   -0.0000
   26.0000   -0.0000   -0.0000   -0.0000   -0.0000
   26.1000   -0.0000   -0.0000   -0.0000   -0.0000
   26.2000   -0.0000   -0.0000   -0.0000   -0.0000
   26.3000   -0.0000   -0.0000   -0.0000   -0.0000
   26.4000   -0.0000   -0.0000   -0.0000   -0.0000
   26.5000   -0.0000   -0.0000   -0.0000   -0.0000
   26.6000   -0.0000   -0.0000   -0.0000   -0.0000
   26.7000   -0.0000   -0.0000   -0.0000   -0.0000
   26.8000   -0.0000   -0.0000   -0.0000   -0.0000
   26.9000   -0.0000   -0.0000   -0.0000   -0.0000
   27.0000   -0.0000   -0.0000   -0.0000   -0.0000
   27.1000   -0.0000   -0.0000   -0.0000   -0.0000
   27.2000   -0.0000   -0.0000   -0.0000   -0.0000
   27.3000   -0.0000   -0.0000   -0.0000   -0.0000
   27.4000   -0.0000   -0.0000   -0.0000   -0.0000
   27.5000   -0.0000   -0.0000   -0.0000   -0.0000
   27.6000   -0.0000   -0.0000   -0.0000   -0.0000
   27.7000   -0.0000   -0.0000   -0.0000   -0.0000
   27.8000   -0.0000   -0.0000   -0.0000   -0.0000
   27.9000   -0.0000   -0.0000   -0.0000   -0.0000
   28.0000   -0.0000   -0.0000   -0.0000   -0.0000
   28.1000   -0.0000   -0.0000   -0.0000   -0.0000
   28.2000   -0.0000   -0.0000   -0.0000   -0.0000
   28.3000   -0.0000   -0.0000   -0.0000   -0.0000
   28.4000   -0.0000   -0.0000   -0.0000   -0.0000
   28.5000   -0.0000   -0.0000   -0.0000   -0.0000
   28.6000   -0.0000   -0.0000   -0.0000   -0.0000
   28.7000   -0.0000   -0.0000   -0.0000   -0.0000
   28.8000   -0.0000   -0.0000   -0.0000   -0.0000
   28.9000   -0.0000   -0.0000   -0.0000   -0.0000
   29.0000   -0.0000   -0.0000   -0.0000   -0.0000
   29.1000   -0.0000   -0.0000   -0.0000   -0.0000
   29.2000   -0.0000   -0.0000   -0.0000   -0.0000
   29.3000   -0.0000   -0.0000   -0.0000   -0.0000
   29.4000   -0.0000   -0.0000   -0.0000   -0.0000
   29.5000   -0.0000   -0.0000   -0.0000   -0.0000
   29.6000   -0.0000   -0.0000   -0.0000   -0.0000
   29.7000   -0.0000   -0.0000   -0.0000   -0.0000
   29.8000   -0.0000   -0.0000   -0.0000   -0.0000
   29.9000   -0.0000   -0.0000   -0.0000   -0.0000
   30.0000   -0.0000   -0.0000   -0.0000   -0.0000
   30.1000   -0.0000   -0.0000   -0.0000   -0.0000
   30.2000   -0.0000   -0.0000   -0.0000   -0.0000
   30.3000   -0.0000   -0.0000   -0.0000   -0.0000
   30.4000   -0.0000   -0.0000   -0.0000   -0.0000
   30.5000   -0.0000   -0.0000   -0.0000   -0.0000
   30.6000   -0.0000   -0.0000   -0.0000   -0.0000
   30.7000   -0.0000   -0.0000   -0.0000   -0.0000
   30.8000   -0.0000   -0.0000   -0.0000   -0.0000
   30.9000   -0.0000   -0.0000   -0.0000   -0.0000
   31.0000   -0.0000   -0.0000   -0.0000   -0.0000
   31.1000   -0.0000   -0.0000   -0.0000   -0.0000
   31.2000   -0.0000   -0.0000   -0.0000   -0.0000
   31.3000   -0.0000   -0.0000   -0.0000   -0.0000
   31.4000   -0.0000   -0.0000   -0.0000   -0.0000
   31.5000   -0.0000   -0.0000   -0.0000   -0.0000
   31.6000   -0.0000   -0.0000   -0.0000   -0.0000
   31.7000   -0.0000   -0.0000   -0.0000   -0.0000
   31.8000   -0.0000   -0.0000   -0.0000   -0.0000
   31.9000   -0.0000   -0.0000   -0.0000   -0.0000
   32.0000   -0.0000   -0.0000   -0.0000   -0.0000
   32.1000   -0.0000   -0.0000   -0.0000   -0.0000
   32.2000   -0.0000   -0.0000   -0.0000   -0.0000
   32.3000   -0.0000   -0.0000   -0.0000   -0.0000
   32.4000   -0.0000   -0.0000   -0.0000   -0.0000
   32.5000   -0.0000   -0.0000   -0.0000   -0.0000
   32.6000   -0.0000   -0.0000   -0.0000   -0.0000
   32.7000   -0.0000   -0.0000   -0.0000   -0.0000
   32.8000   -0.0000   -0.0000   -0.0000   -0.0000
   32.9000   -0.0000   -0.0000   -0.0000   -0.0000
   33.0000   -0.0000   -0.0000   -0.0000   -0.0000
   33.1000   -0.0000   -0.0000   -0.0000   -0.0000
   33.2000   -0.0000   -0.0000   -0.0000   -0.0000
   33.3000   -0.0000   -0.0000   -0.0000   -0.0000
   33.4000   -0.0000   -0.0000   -0.0000   -0.0000
   33.5000   -0.0000   -0.0000   -0.0000   -0.0000
   33.6000   -0.0000   -0.0000   -0.0000   -0.0000
   33.7000   -0.0000   -0.0000   -0.0000   -0.0000
   33.8000   -0.0000   -0.0000   -0.0000   -0.0000
   33.9000   -0.0000   -0.0000   -0.0000   -0.0000
   34.0000   -0.0000   -0.0000   -0.0000   -0.0000
   34.1000   -0.0000   -0.0000   -0.0000   -0.0000
   34.2000   -0.0000   -0.0000   -0.0000   -0.0000
   34.3000   -0.0000   -0.0000   -0.0000   -0.0000
   34.4000   -0.0000   -0.0000   -0.0000   -0.0000
   34.5000   -0.0000   -0.0000   -0.0000   -0.0000
   34.6000   -0.0000   -0.0000   -0.0000   -0.0000
   34.7000   -0.0000   -0.0000   -0.0000   -0.0000
   34.8000   -0.0000   -0.0000   -0.0000   -0.0000
   34.9000   -0.0000   -0.0000   -0.0000   -0.0000
   35.0000   -0.0000   -0.0000   -0.0000   -0.0000
   35.1000   -0.0000   -0.0000   -0.0000   -0.0000
   35.2000   -0.0000   -0.0000   -0.0000   -0.0000
   35.3000   -0.0000   -0.0000   -0.0000   -0.0000
   35.4000   -0.0000   -0.0000   -0.0000   -0.0000
   35.5000   -0.0000   -0.0000   -0.0000   -0.0000
   35.6000   -0.0000   -0.0000   -0.0000   -0.0000
   35.7000   -0.0000   -0.0000   -0.0000   -0.0000
   35.8000   -0.0000   -0.0000   -0.0000   -0.0000
   35.9000   -0.0000   -0.0000   -0.0000   -0.0000
   36.0000   -0.0000   -0.0000   -0.0000   -0.0000
   36.1000   -0.0000   -0.0000   -0.0000   -0.0000
   36.2000   -0.0000   -0.0000   -0.0000   -0.0000
   36.3000   -0.0000   -0.0000   -0.0000   -0.0000
   36.4000   -0.0000   -0.0000   -0.0000   -0.0000
   36.5000   -0.0000   -0.0000   -0.0000   -0.0000
   36.6000   -0.0000   -0.0000   -0.0000   -0.0000
   36.7000   -0.0000   -0.0000   -0.0000   -0.0000
   36.8000   -0.0000   -0.0000   -0.0000   -0.0000
   36.9000   -0.0000   -0.0000   -0.0000   -0.0000
   37.0000   -0.0000   -0.0000   -0.0000   -0.0000
   37.1000   -0.0000   -0.0000   -0.0000   -0.0000
   37.2000   -0.0000   -0.0000   -0.0000   -0.0000
   37.3000   -0.0000   -0.0000   -0.0000   -0.0000
   37.4000   -0.0000   -0.0000   -0.0000   -0.0000
   37.5000   -0.0000   -0.0000   -0.0000   -0.0000
   37.6000   -0.0000   -0.0000   -0.0000   -0.0000
   37.7000   -0.0000   -0.0000   -0.0000   -0.0000
   37.8000   -0.0000   -0.0000   -0.0000   -0.0000
   37.9000   -0.0000   -0.0000   -0.0000   -0.0000
   38.0000   -0.0000   -0.0000   -0.0000   -0.0000
   38.1000   -0.0000   -0.0000   -0.0000   -0.0000
   38.2000   -0.0000   -0.0000   -0.0000   -0.0000
   38.3000   -0.0000   -0.0000   -0.0000   -0.0000
   38.4000   -0.0000   -0.0000   -0.0000   -0.0000
   38.5000   -0.0000   -0.0000   -0.0000   -0.0000
   38.6000   -0.0000   -0.0000   -0.0000   -0.0000
   38.7000   -0.0000   -0.0000   -0.0000   -0.0000
   38.8000   -0.0000   -0.0000   -0.0000   -0.0000
   38.9000   -0.0000   -0.0000   -0.0000   -0.0000
   39.0000   -0.0000   -0.0000   -0.0000   -0.0000
   39.1000   -0.0000   -0.0000   -0.0000   -0.0000
   39.2000   -0.0000   -0.0000   -0.0000   -0.0000
   39.3000   -0.0000   -0.0000   -0.0000   -0.0000
   39.4000   -0.0000   -0.0000   -0.0000   -0.0000
   39.5000   -0.0000   -0.0000   -0.0000   -0.0000
   39.6000   -0.0000   -0.0000   -0.0000   -0.0000
   39.7000   -0.0000   -0.0000   -0.0000   -0.0000
   39.8000   -0.0000   -0.0000   -0.0000   -0.0000
   39.9000   -0.0000   -0.0000   -0.0000   -0.0000
   40.0000   -0.0000   -0.0000   -0.0000   -0.0000
   40.1000   -0.0000   -0.0000   -0.0000   -0.0000
   40.2000   -0.0000   -0.0000   -0.0000   -0.0000
   40.3000   -0.0000   -0.0000   -0.0000   -0.0000
   40.4000   -0.0000   -0.0000   -0.0000   -0.0000
   40.5000   -0.0000   -0.0000   -0.0000   -0.0000
   40.6000   -0.0000   -0.0000   -0.0000   -0.0000
   40.7000   -0.0000   -0.0000   -0.0000   -0.0000
   40.8000   -0.0000   -0.0000   -0.0000   -0.0000
   40.9000   -0.0000   -0.0000   -0.0000   -0.0000
   41.0000   -0.0000   -0.0000   -0.0000   -0.0000
   41.1000   -0.0000   -0.0000   -0.0000   -0.0000
   41.2000   -0.0000   -0.0000   -0.0000   -0.0000
   41.3000   -0.0000   -0.0000   -0.0000   -0.0000
   41.4000   -0.0000   -0.0000   -0.0000   -0.0000
   41.5000   -0.0000   -0.0000   -0.0000   -0.0000
   41.6000   -0.0000   -0.0000   -0.0000   -0.0000
   41.7000   -0.0000   -0.0000   -0.0000   -0.0000
   41.8000   -0.0000   -0.0000   -0.0000   -0.0000
   41.9000   -0.0000   -0.0000   -0.0000   -0.0000
   42.0000   -0.0000   -0.0000   -0.0000   -0.0000
   42.1000   -0.0000   -0.0000   -0.0000   -0.0000
   42.2000   -0.0000   -0.0000   -0.0000   -0.0000
   42.3000   -0.0000   -0.0000   -0.0000   -0.0000
   42.4000   -0.0000   -0.0000   -0.0000   -0.0000
   42.5000   -0.0000   -0.0000   -0.0000   -0.0000
   42.6000   -0.0000   -0.0000   -0.0000   -0.0000
   42.7000   -0.0000   -0.0000   -0.0000   -0.0000
   42.8000   -0.0000   -0.0000   -0.0000   -0.0000
   42.9000   -0.0000   -0.0000   -0.0000   -0.0000
   43.0000   -0.0000   -0.0000   -0.0000   -0.0000
   43.1000   -0.0000   -0.0000   -0.0000   -0.0000
   43.2000   -0.0000   -0.0000   -0.0000   -0.0000
   43.3000   -0.0000   -0.0000   -0.0000   -0.0000
   43.4000   -0.0000   -0.0000   -0.0000   -0.0000
   43.5000   -0.0000   -0.0000   -0.0000   -0.0000
   43.6000   -0.0000   -0.0000   -0.0000   -0.0000
   43.7000   -0.0000   -0.0000   -0.0000   -0.0000
   43.8000   -0.0000   -0.0000   -0.0000   -0.0000
   43.9000   -0.0000   -0.0000   -0.0000   -0.0000
   44.0000   -0.0000   -0.0000   -0.0000   -0.0000
   44.1000   -0.0000   -0.0000   -0.0000   -0.0000
   44.2000   -0.0000   -0.0000   -0.0000   -0.0000
   44.3000   -0.0000   -0.0000   -0.0000   -0.0000
   44.4000   -0.0000   -0.0000   -0.0000   -0.0000
   44.5000   -0.0000   -0.0000   -0.0000   -0.0000
   44.6000   -0.0000   -0.0000   -0.0000   -0.0000
   44.7000   -0.0000   -0.0000   -0.0000   -0.0000
   44.8000   -0.0000   -0.0000   -0.0000   -0.0000
   44.9000   -0.0000   -0.0000   -0.0000   -0.0000
   45.0000   -0.0000   -0.0000   -0.0000   -0.0000
   45.1000   -0.0000   -0.0000   -0.0000   -0.0000
   45.2000   -0.0000   -0.0000   -0.0000   -0.0000
   45.3000   -0.0000   -0.0000   -0.0000   -0.0000
   45.4000   -0.0000   -0.0000   -0.0000   -0.0000
   45.5000   -0.0000   -0.0000   -0.0000   -0.0000
   45.6000   -0.0000   -0.0000   -0.0000   -0.0000
   45.7000   -0.0000   -0.0000   -0.0000   -0.0000
   45.8000   -0.0000   -0.0000   -0.0000   -0.0000
   45.9000   -0.0000   -0.0000   -0.0000   -0.0000
   46.0000   -0.0000   -0.0000   -0.0000   -0.0000
   46.1000   -0.0000   -0.0000   -0.0000   -0.0000
   46.2000   -0.0000   -0.0000   -0.0000   -0.0000
   46.3000   -0.0000   -0.0000   -0.0000   -0.0000
   46.4000   -0.0000   -0.0000   -0.0000   -0.0000
   46.5000   -0.0000   -0.0000   -0.0000   -0.0000
   46.6000   -0.0000   -0.0000   -0.0000   -0.0000
   46.7000   -0.0000   -0.0000   -0.0000   -0.0000
   46.8000   -0.0000   -0.0000   -0.0000   -0.0000
   46.9000   -0.0000   -0.0000   -0.0000   -0.0000
   47.0000   -0.0000   -0.0000   -0.0000   -0.0000
   47.1000   -0.0000   -0.0000   -0.0000   -0.0000
   47.2000   -0.0000   -0.0000   -0.0000   -0.0000
   47.3000   -0.0000   -0.0000   -0.0000   -0.0000
   47.4000   -0.0000   -0.0000   -0.0000   -0.0000
   47.5000   -0.0000   -0.0000   -0.0000   -0.0000
   47.6000   -0.0000   -0.0000   -0.0000   -0.0000
   47.7000   -0.0000   -0.0000   -0.0000   -0.0000
   47.8000   -0.0000   -0.0000   -0.0000   -0.0000
   47.9000   -0.0000   -0.0000   -0.0000   -0.0000
   48.0000   -0.0000   -0.0000   -0.0000   -0.0000
   48.1000   -0.0000   -0.0000   -0.0000   -0.0000
   48.2000   -0.0000   -0.0000   -0.0000   -0.0000
   48.3000   -0.0000   -0.0000   -0.0000   -0.0000
   48.4000   -0.0000   -0.0000   -0.0000   -0.0000
   48.5000   -0.0000   -0.0000   -0.0000   -0.0000
   48.6000   -0.0000   -0.0000   -0.0000   -0.0000
   48.7000   -0.0000   -0.0000   -0.0000   -0.0000
   48.8000   -0.0000   -0.0000   -0.0000   -0.0000
   48.9000   -0.0000   -0.0000   -0.0000   -0.0000
   49.0000   -0.0000   -0.0000   -0.0000   -0.0000
   49.1000   -0.0000   -0.0000   -0.0000   -0.0000
   49.2000   -0.0000   -0.0000   -0.0000   -0.0000
   49.3000   -0.0000   -0.0000   -0.0000   -0.0000
   49.4000   -0.0000   -0.0000   -0.0000   -0.0000
   49.5000   -0.0000   -0.0000   -0.0000   -0.0000
   49.6000   -0.0000   -0.0000   -0.0000   -0.0000
   49.7000   -0.0000   -0.0000   -0.0000   -0.0000
   49.8000   -0.0000   -0.0000   -0.0000   -0.0000
   49.9000   -0.0000   -0.0000   -0.0000   -0.0000
   50.0000   -0.0000   -0.0000   -0.0000   -0.0000
   50.1000   -0.0000   -0.0000   -0.0000   -0.0000
   50.2000   -0.0000   -0.0000   -0.0000   -0.0000
   50.3000   -0.0000   -0.0000   -0.0000   -0.0000
   50.4000   -0.0000   -0.0000   -0.0000   -0.0000
   50.5000   -0.0000   -0.0000   -0.0000   -0.0000
   50.6000   -0.0000   -0.0000   -0.0000   -0.0000
   50.7000   -0.0000   -0.0000   -0.0000   -0.0000
   50.8000   -0.0000   -0.0000   -0.0000   -0.0000
   50.9000   -0.0000   -0.0000   -0.0000   -0.0000
   51.0000   -0.0000   -0.0000   -0.0000   -0.0000
   51.1000   -0.0000   -0.0000   -0.0000   -0.0000
   51.2000   -0.0000   -0.0000   -0.0000   -0.0000
   51.3000   -0.0000   -0.0000   -0.0000   -0.0000
   51.4000   -0.0000   -0.0000   -0.0000   -0.0000
   51.5000   -0.0000   -0.0000   -0.0000   -0.0000
   51.6000   -0.0000   -0.0000   -0.0000   -0.0000
   51.7000   -0.0000   -0.0000   -0.0000   -0.0000
   51.8000   -0.0000   -0.0000   -0.0000   -0.0000
   51.9000   -0.0000   -0.0000   -0.0000   -0.0000
   52.0000   -0.0000   -0.0000   -0.0000   -0.0000
   52.1000   -0.0000   -0.0000   -0.0000   -0.0000
   52.2000   -0.0000   -0.0000   -0.0000   -0.0000
   52.3000   -0.0000   -0.0000   -0.0000   -0.0000
   52.4000   -0.0000   -0.0000   -0.0000   -0.0000
   52.5000   -0.0000   -0.0000   -0.0000   -0.0000
   52.6000   -0.0000   -0.0000   -0.0000   -0.0000
   52.7000   -0.0000   -0.0000   -0.0000   -0.0000
   52.8000   -0.0000   -0.0000   -0.0000   -0.0000
   52.9000   -0.0000   -0.0000   -0.0000   -0.0000
   53.0000   -0.0000   -0.0000   -0.0000   -0.0000
   53.1000   -0.0000   -0.0000   -0.0000   -0.0000
   53.2000   -0.0000   -0.0000   -0.0000   -0.0000
   53.3000   -0.0000   -0.0000   -0.0000   -0.0000
   53.4000   -0.0000   -0.0000   -0.0000   -0.0000
   53.5000   -0.0000   -0.0000   -0.0000   -0.0000
   53.6000   -0.0000   -0.0000   -0.0000   -0.0000
   53.7000   -0.0000   -0.0000   -0.0000   -0.0000
   53.8000   -0.0000   -0.0000   -0.0000   -0.0000
   53.9000   -0.0000   -0.0000   -0.0000   -0.0000
   54.0000   -0.0000   -0.0000   -0.0000   -0.0000
   54.1000   -0.0000   -0.0000   -0.0000   -0.0000
   54.2000   -0.0000   -0.0000   -0.0000   -0.0000
   54.3000   -0.0000   -0.0000   -0.0000   -0.0000
   54.4000   -0.0000   -0.0000   -0.0000   -0.0000
   54.5000   -0.0000   -0.0000   -0.0000   -0.0000
   54.6000   -0.0000   -0.0000   -0.0000   -0.0000
   54.7000   -0.0000   -0.0000   -0.0000   -0.0000
   54.8000   -0.0000   -0.0000   -0.0000   -0.0000
   54.9000   -0.0000   -0.0000   -0.0000   -0.0000
   55.0000   -0.0000   -0.0000   -0.0000   -0.0000
   55.1000   -0.0000   -0.0000   -0.0000   -0.0000
   55.2000   -0.0000   -0.0000   -0.0000   -0.0000
   55.3000   -0.0000   -0.0000   -0.0000   -0.0000
   55.4000   -0.0000   -0.0000   -0.0000   -0.0000
   55.5000   -0.0000   -0.0000   -0.0000   -0.0000
   55.6000   -0.0000   -0.0000   -0.0000   -0.0000
   55.7000   -0.0000   -0.0000   -0.0000   -0.0000
   55.8000   -0.0000   -0.0000   -0.0000   -0.0000
   55.9000   -0.0000   -0.0000   -0.0000   -0.0000
   56.0000   -0.0000   -0.0000   -0.0000   -0.0000
   56.1000   -0.0000   -0.0000   -0.0000   -0.0000
   56.2000   -0.0000   -0.0000   -0.0000   -0.0000
   56.3000   -0.0000   -0.0000   -0.0000   -0.0000
   56.4000   -0.0000   -0.0000   -0.0000   -0.0000
   56.5000   -0.0000   -0.0000   -0.0000   -0.0000
   56.6000   -0.0000   -0.0000   -0.0000   -0.0000
   56.7000   -0.0000   -0.0000   -0.0000   -0.0000
   56.8000   -0.0000   -0.0000   -0.0000   -0.0000
   56.9000   -0.0000   -0.0000   -0.0000   -0.0000
   57.0000   -0.0000   -0.0000   -0.0000   -0.0000
   57.1000   -0.0000   -0.0000   -0.0000   -0.0000
   57.2000   -0.0000   -0.0000   -0.0000   -0.0000
   57.3000   -0.0000   -0.0000   -0.0000   -0.0000
   57.4000   -0.0000   -0.0000   -0.0000   -0.0000
   57.5000   -0.0000   -0.0000   -0.0000   -0.0000
   57.6000   -0.0000   -0.0000   -0.0000   -0.0000
   57.7000   -0.0000   -0.0000   -0.0000   -0.0000
   57.8000   -0.0000   -0.0000   -0.0000   -0.0000
   57.9000   -0.0000   -0.0000   -0.0000   -0.0000
   58.0000   -0.0000   -0.0000   -0.0000   -0.0000
   58.1000   -0.0000   -0.0000   -0.0000   -0.0000
   58.2000   -0.0000   -0.0000   -0.0000   -0.0000
   58.3000   -0.0000   -0.0000   -0.0000   -0.0000
   58.4000   -0.0000   -0.0000   -0.0000   -0.0000
   58.5000   -0.0000   -0.0000   -0.0000   -0.0000
   58.6000   -0.0000   -0.0000   -0.0000   -0.0000
   58.7000   -0.0000   -0.0000   -0.0000   -0.0000
   58.8000   -0.0000   -0.0000   -0.0000   -0.0000
   58.9000   -0.0000   -0.0000   -0.0000   -0.0000
   59.0000   -0.0000   -0.0000   -0.0000   -0.0000
   59.1000   -0.0000   -0.0000   -0.0000   -0.0000
   59.2000   -0.0000   -0.0000   -0.0000   -0.0000
   59.3000   -0.0000   -0.0000   -0.0000   -0.0000
   59.4000   -0.0000   -0.0000   -0.0000   -0.0000
   59.5000   -0.0000   -0.0000   -0.0000   -0.0000
   59.6000   -0.0000   -0.0000   -0.0000   -0.0000
   59.7000   -0.0000   -0.0000   -0.0000   -0.0000
   59.8000   -0.0000   -0.0000   -0.0000   -0.0000
   59.9000   -0.0000   -0.0000   -0.0000   -0.0000
   60.0000   -0.0000   -0.0000   -0.0000   -0.0000
   60.1000   -0.0000   -0.0000   -0.0000   -0.0000
   60.2000   -0.0000   -0.0000   -0.0000   -0.0000
   60.3000   -0.0000   -0.0000   -0.0000   -0.0000
   60.4000   -0.0000   -0.0000   -0.0000   -0.0000
   60.5000   -0.0000   -0.0000   -0.0000   -0.0000
   60.6000   -0.0000   -0.0000   -0.0000   -0.0000
   60.7000   -0.0000   -0.0000   -0.0000   -0.0000
   60.8000   -0.0000   -0.0000   -0.0000   -0.0000
   60.9000   -0.0000   -0.0000   -0.0000   -0.0000
   61.0000   -0.0000   -0.0000   -0.0000   -0.0000
   61.1000   -0.0000   -0.0000   -0.0000   -0.0000
   61.2000   -0.0000   -0.0000   -0.0000   -0.0000
   61.3000   -0.0000   -0.0000   -0.0000   -0.0000
   61.4000   -0.0000   -0.0000   -0.0000   -0.0000
   61.5000   -0.0000   -0.0000   -0.0000   -0.0000
   61.6000   -0.0000   -0.0000   -0.0000   -0.0000
   61.7000   -0.0000   -0.0000   -0.0000   -0.0000
   61.8000   -0.0000   -0.0000   -0.0000   -0.0000
   61.9000   -0.0000   -0.0000   -0.0000   -0.0000
   62.0000   -0.0000   -0.0000   -0.0000   -0.0000
   62.1000   -0.0000   -0.0000   -0.0000   -0.0000
   62.2000   -0.0000   -0.0000   -0.0000   -0.0000
   62.3000   -0.0000   -0.0000   -0.0000   -0.0000
   62.4000   -0.0000   -0.0000   -0.0000   -0.0000
   62.5000   -0.0000   -0.0000   -0.0000   -0.0000
   62.6000   -0.0000   -0.0000   -0.0000   -0.0000
   62.7000   -0.0000   -0.0000   -0.0000   -0.0000
   62.8000   -0.0000   -0.0000   -0.0000   -0.0000
   62.9000   -0.0000   -0.0000   -0.0000   -0.0000
   63.0000   -0.0000   -0.0000   -0.0000   -0.0000
   63.1000   -0.0000   -0.0000   -0.0000   -0.0000
   63.2000   -0.0000   -0.0000   -0.0000   -0.0000
   63.3000   -0.0000   -0.0000   -0.0000   -0.0000
   63.4000   -0.0000   -0.0000   -0.0000   -0.0000
   63.5000   -0.0000   -0.0000   -0.0000   -0.0000
   63.6000   -0.0000   -0.0000   -0.0000   -0.0000
   63.7000   -0.0000   -0.0000   -0.0000   -0.0000
   63.8000   -0.0000   -0.0000   -0.0000   -0.0000
   63.9000   -0.0000   -0.0000   -0.0000   -0.0000
   64.0000   -0.0000   -0.0000   -0.0000   -0.0000
   64.1000   -0.0000   -0.0000   -0.0000   -0.0000
   64.2000   -0.0000   -0.0000   -0.0000   -0.0000
   64.3000   -0.0000   -0.0000   -0.0000   -0.0000
   64.4000   -0.0000   -0.0000   -0.0000   -0.0000
   64.5000   -0.0000   -0.0000   -0.0000   -0.0000
   64.6000   -0.0000   -0.0000   -0.0000   -0.0000
   64.7000   -0.0000   -0.0000   -0.0000   -0.0000
   64.8000   -0.0000   -0.0000   -0.0000   -0.0000
   64.9000   -0.0000   -0.0000   -0.0000   -0.0000
   65.0000   -0.0000   -0.0000   -0.0000   -0.0000
   65.1000   -0.0000   -0.0000   -0.0000   -0.0000
   65.2000   -0.0000   -0.0000   -0.0000   -0.0000
   65.3000   -0.0000   -0.0000   -0.0000   -0.0000
   65.4000   -0.0000   -0.0000   -0.0000   -0.0000
   65.5000   -0.0000   -0.0000   -0.0000   -0.0000
   65.6000   -0.0000   -0.0000   -0.0000   -0.0000
   65.7000   -0.0000   -0.0000   -0.0000   -0.0000
   65.8000   -0.0000   -0.0000   -0.0000   -0.0000
   65.9000   -0.0000   -0.0000   -0.0000   -0.0000
   66.0000   -0.0000   -0.0000   -0.0000   -0.0000
   66.1000   -0.0000   -0.0000   -0.0000   -0.0000
   66.2000   -0.0000   -0.0000   -0.0000   -0.0000
   66.3000   -0.0000   -0.0000   -0.0000   -0.0000
   66.4000   -0.0000   -0.0000   -0.0000   -0.0000
   66.5000   -0.0000   -0.0000   -0.0000   -0.0000
   66.6000   -0.0000   -0.0000   -0.0000   -0.0000
   66.7000   -0.0000   -0.0000   -0.0000   -0.0000
   66.8000   -0.0000   -0.0000   -0.0000   -0.0000
   66.9000   -0.0000   -0.0000   -0.0000   -0.0000
   67.0000   -0.0000   -0.0000   -0.0000   -0.0000
   67.1000   -0.0000   -0.0000   -0.0000   -0.0000
   67.2000   -0.0000   -0.0000   -0.0000   -0.0000
   67.3000   -0.0000   -0.0000   -0.0000   -0.0000
   67.4000   -0.0000   -0.0000   -0.0000   -0.0000
   67.5000   -0.0000   -0.0000   -0.0000   -0.0000
   67.6000   -0.0000   -0.0000   -0.0000   -0.0000
   67.7000   -0.0000   -0.0000   -0.0000   -0.0000
   67.8000   -0.0000   -0.0000   -0.0000   -0.0000
   67.9000   -0.0000   -0.0000   -0.0000   -0.0000
   68.0000   -0.0000   -0.0000   -0.0000   -0.0000
   68.1000   -0.0000   -0.0000   -0.0000   -0.0000
   68.2000   -0.0000   -0.0000   -0.0000   -0.0000
   68.3000   -0.0000   -0.0000   -0.0000   -0.0000
   68.4000   -0.0000   -0.0000   -0.0000   -0.0000
   68.5000   -0.0000   -0.0000   -0.0000   -0.0000
   68.6000   -0.0000   -0.0000   -0.0000   -0.0000
   68.7000   -0.0000   -0.0000   -0.0000   -0.0000
   68.8000   -0.0000   -0.0000   -0.0000   -0.0000
   68.9000   -0.0000   -0.0000   -0.0000   -0.0000
   69.0000   -0.0000   -0.0000   -0.0000   -0.0000
   69.1000   -0.0000   -0.0000   -0.0000   -0.0000
   69.2000   -0.0000   -0.0000   -0.0000   -0.0000
   69.3000   -0.0000   -0.0000   -0.0000   -0.0000
   69.4000   -0.0000   -0.0000   -0.0000   -0.0000
   69.5000   -0.0000   -0.0000   -0.0000   -0.0000
   69.6000   -0.0000   -0.0000   -0.0000   -0.0000
   69.7000   -0.0000   -0.0000   -0.0000   -0.0000
   69.8000   -0.0000   -0.0000   -0.0000   -0.0000
   69.9000   -0.0000   -0.0000   -0.0000   -0.0000
   70.0000   -0.0000   -0.0000   -0.0000   -0.0000
