 #S.p. wfs for channel:           1
   0.000     0.00000   0.00000   0.00000
   0.100     0.00223   0.00012   0.00001
   0.200     0.00889   0.00045   0.00011
   0.300     0.01986   0.00090   0.00041
   0.400     0.03498   0.00139   0.00108
   0.500     0.05398   0.00184   0.00222
   0.600     0.07655   0.00221   0.00385
   0.700     0.10230   0.00253   0.00587
   0.800     0.13079   0.00288   0.00812
   0.900     0.16153   0.00334   0.01039
   1.000     0.19398   0.00398   0.01251
   1.100     0.22762   0.00482   0.01437
   1.200     0.26189   0.00583   0.01597
   1.300     0.29624   0.00692   0.01740
   1.400     0.33015   0.00801   0.01879
   1.500     0.36311   0.00898   0.02025
   1.600     0.39464   0.00977   0.02187
   1.700     0.42431   0.01035   0.02364
   1.800     0.45174   0.01074   0.02550
   1.900     0.47660   0.01097   0.02733
   2.000     0.49863   0.01112   0.02900
   2.100     0.51765   0.01126   0.03036
   2.200     0.53354   0.01143   0.03132
   2.300     0.54625   0.01165   0.03183
   2.400     0.55581   0.01192   0.03190
   2.500     0.56231   0.01221   0.03160
   2.600     0.56589   0.01249   0.03102
   2.700     0.56675   0.01269   0.03026
   2.800     0.56511   0.01278   0.02943
   2.900     0.56122   0.01272   0.02861
   3.000     0.55534   0.01250   0.02785
   3.100     0.54773   0.01213   0.02717
   3.200     0.53866   0.01161   0.02656
   3.300     0.52837   0.01100   0.02598
   3.400     0.51710   0.01032   0.02540
   3.500     0.50506   0.00963   0.02475
   3.600     0.49246   0.00895   0.02399
   3.700     0.47945   0.00832   0.02307
   3.800     0.46618   0.00776   0.02198
   3.900     0.45279   0.00728   0.02071
   4.000     0.43939   0.00688   0.01927
   4.100     0.42605   0.00654   0.01768
   4.200     0.41286   0.00626   0.01599
   4.300     0.39987   0.00601   0.01424
   4.400     0.38712   0.00577   0.01247
   4.500     0.37466   0.00550   0.01073
   4.600     0.36251   0.00520   0.00906
   4.700     0.35069   0.00484   0.00749
   4.800     0.33921   0.00442   0.00603
   4.900     0.32807   0.00393   0.00470
   5.000     0.31728   0.00337   0.00349
   5.100     0.30685   0.00276   0.00240
   5.200     0.29676   0.00209   0.00139
   5.300     0.28701   0.00138   0.00046
   5.400     0.27759   0.00065  -0.00044
   5.500     0.26850  -0.00008  -0.00132
   5.600     0.25973  -0.00081  -0.00223
   5.700     0.25127  -0.00150  -0.00318
   5.800     0.24311  -0.00216  -0.00420
   5.900     0.23524  -0.00278  -0.00531
   6.000     0.22765  -0.00334  -0.00651
   6.100     0.22033  -0.00385  -0.00781
   6.200     0.21327  -0.00430  -0.00922
   6.300     0.20646  -0.00470  -0.01072
   6.400     0.19988  -0.00506  -0.01230
   6.500     0.19354  -0.00539  -0.01395
   6.600     0.18742  -0.00568  -0.01566
   6.700     0.18152  -0.00597  -0.01740
   6.800     0.17582  -0.00625  -0.01915
   6.900     0.17032  -0.00654  -0.02089
   7.000     0.16500  -0.00685  -0.02261
   7.100     0.15987  -0.00719  -0.02429
   7.200     0.15492  -0.00756  -0.02592
   7.300     0.15013  -0.00798  -0.02748
   7.400     0.14550  -0.00844  -0.02897
   7.500     0.14103  -0.00895  -0.03038
   7.600     0.13671  -0.00951  -0.03172
   7.700     0.13253  -0.01011  -0.03299
   7.800     0.12849  -0.01076  -0.03419
   7.900     0.12459  -0.01144  -0.03533
   8.000     0.12081  -0.01216  -0.03643
   8.100     0.11716  -0.01290  -0.03750
   8.200     0.11363  -0.01366  -0.03854
   8.300     0.11021  -0.01443  -0.03958
   8.400     0.10690  -0.01520  -0.04063
   8.500     0.10370  -0.01597  -0.04170
   8.600     0.10061  -0.01672  -0.04280
   8.700     0.09761  -0.01746  -0.04395
   8.800     0.09471  -0.01817  -0.04515
   8.900     0.09190  -0.01885  -0.04641
   9.000     0.08918  -0.01950  -0.04774
   9.100     0.08655  -0.02012  -0.04914
   9.200     0.08400  -0.02070  -0.05061
   9.300     0.08153  -0.02125  -0.05215
   9.400     0.07913  -0.02177  -0.05376
   9.500     0.07682  -0.02225  -0.05543
   9.600     0.07457  -0.02272  -0.05716
   9.700     0.07239  -0.02316  -0.05894
   9.800     0.07028  -0.02358  -0.06075
   9.900     0.06824  -0.02399  -0.06260
  10.000     0.06626  -0.02440  -0.06446
  10.100     0.06434  -0.02481  -0.06633
  10.200     0.06247  -0.02522  -0.06821
  10.300     0.06066  -0.02564  -0.07007
  10.400     0.05891  -0.02608  -0.07191
  10.500     0.05721  -0.02654  -0.07372
  10.600     0.05556  -0.02703  -0.07550
  10.700     0.05396  -0.02754  -0.07723
  10.800     0.05241  -0.02808  -0.07892
  10.900     0.05091  -0.02866  -0.08055
  11.000     0.04945  -0.02928  -0.08213
  11.100     0.04803  -0.02993  -0.08365
  11.200     0.04666  -0.03061  -0.08511
  11.300     0.04532  -0.03133  -0.08653
  11.400     0.04403  -0.03208  -0.08789
  11.500     0.04277  -0.03286  -0.08920
  11.600     0.04155  -0.03367  -0.09046
  11.700     0.04037  -0.03450  -0.09169
  11.800     0.03922  -0.03535  -0.09289
  11.900     0.03811  -0.03622  -0.09406
  12.000     0.03702  -0.03710  -0.09522
  12.100     0.03597  -0.03799  -0.09636
  12.200     0.03495  -0.03888  -0.09751
  12.300     0.03397  -0.03978  -0.09865
  12.400     0.03301  -0.04066  -0.09981
  12.500     0.03207  -0.04154  -0.10098
  12.600     0.03117  -0.04241  -0.10218
  12.700     0.03029  -0.04327  -0.10341
  12.800     0.02944  -0.04410  -0.10467
  12.900     0.02861  -0.04492  -0.10597
  13.000     0.02781  -0.04571  -0.10731
  13.100     0.02703  -0.04648  -0.10869
  13.200     0.02627  -0.04723  -0.11012
  13.300     0.02554  -0.04795  -0.11158
  13.400     0.02483  -0.04864  -0.11310
  13.500     0.02413  -0.04932  -0.11465
  13.600     0.02346  -0.04997  -0.11625
  13.700     0.02281  -0.05060  -0.11788
  13.800     0.02217  -0.05121  -0.11954
  13.900     0.02155  -0.05180  -0.12124
  14.000     0.02095  -0.05238  -0.12295
  14.100     0.02037  -0.05295  -0.12469
  14.200     0.01981  -0.05351  -0.12644
  14.300     0.01926  -0.05406  -0.12819
  14.400     0.01872  -0.05461  -0.12995
  14.500     0.01820  -0.05516  -0.13170
  14.600     0.01770  -0.05572  -0.13344
  14.700     0.01721  -0.05628  -0.13517
  14.800     0.01673  -0.05685  -0.13687
  14.900     0.01627  -0.05744  -0.13854
  15.000     0.01582  -0.05804  -0.14018
  15.100     0.01538  -0.05866  -0.14178
  15.200     0.01496  -0.05930  -0.14334
  15.300     0.01454  -0.05996  -0.14485
  15.400     0.01414  -0.06065  -0.14632
  15.500     0.01375  -0.06136  -0.14773
  15.600     0.01337  -0.06209  -0.14910
  15.700     0.01300  -0.06285  -0.15041
  15.800     0.01264  -0.06364  -0.15166
  15.900     0.01229  -0.06445  -0.15286
  16.000     0.01195  -0.06529  -0.15401
  16.100     0.01162  -0.06615  -0.15511
  16.200     0.01129  -0.06703  -0.15615
  16.300     0.01098  -0.06794  -0.15715
  16.400     0.01068  -0.06886  -0.15810
  16.500     0.01038  -0.06981  -0.15901
  16.600     0.01010  -0.07077  -0.15988
  16.700     0.00982  -0.07174  -0.16071
  16.800     0.00955  -0.07273  -0.16152
  16.900     0.00928  -0.07372  -0.16229
  17.000     0.00903  -0.07472  -0.16305
  17.100     0.00878  -0.07572  -0.16378
  17.200     0.00854  -0.07673  -0.16450
  17.300     0.00830  -0.07773  -0.16521
  17.400     0.00807  -0.07873  -0.16592
  17.500     0.00785  -0.07972  -0.16662
  17.600     0.00764  -0.08071  -0.16733
  17.700     0.00743  -0.08168  -0.16804
  17.800     0.00722  -0.08264  -0.16876
  17.900     0.00703  -0.08359  -0.16949
  18.000     0.00683  -0.08452  -0.17023
  18.100     0.00665  -0.08543  -0.17099
  18.200     0.00647  -0.08632  -0.17177
  18.300     0.00629  -0.08720  -0.17256
  18.400     0.00612  -0.08805  -0.17338
  18.500     0.00595  -0.08889  -0.17422
  18.600     0.00579  -0.08970  -0.17508
  18.700     0.00564  -0.09049  -0.17595
  18.800     0.00548  -0.09127  -0.17685
  18.900     0.00534  -0.09202  -0.17777
  19.000     0.00519  -0.09275  -0.17870
  19.100     0.00505  -0.09347  -0.17964
  19.200     0.00492  -0.09417  -0.18060
  19.300     0.00478  -0.09485  -0.18157
  19.400     0.00465  -0.09552  -0.18255
  19.500     0.00453  -0.09617  -0.18353
  19.600     0.00441  -0.09682  -0.18451
  19.700     0.00429  -0.09745  -0.18549
  19.800     0.00417  -0.09808  -0.18646
  19.900     0.00406  -0.09870  -0.18743
  20.000     0.00395  -0.09932  -0.18837
  20.100     0.00385  -0.09993  -0.18931
  20.200     0.00374  -0.10055  -0.19022
  20.300     0.00364  -0.10117  -0.19110
  20.400     0.00354  -0.10179  -0.19196
  20.500     0.00345  -0.10242  -0.19279
  20.600     0.00335  -0.10305  -0.19358
  20.700     0.00326  -0.10370  -0.19433
  20.800     0.00318  -0.10435  -0.19504
  20.900     0.00309  -0.10502  -0.19571
  21.000     0.00301  -0.10570  -0.19633
  21.100     0.00292  -0.10639  -0.19690
  21.200     0.00284  -0.10710  -0.19742
  21.300     0.00277  -0.10783  -0.19788
  21.400     0.00269  -0.10857  -0.19830
  21.500     0.00262  -0.10933  -0.19865
  21.600     0.00255  -0.11011  -0.19896
  21.700     0.00248  -0.11091  -0.19920
  21.800     0.00241  -0.11172  -0.19939
  21.900     0.00234  -0.11256  -0.19952
  22.000     0.00228  -0.11341  -0.19960
  22.100     0.00222  -0.11427  -0.19962
  22.200     0.00215  -0.11516  -0.19958
  22.300     0.00209  -0.11606  -0.19949
  22.400     0.00204  -0.11697  -0.19935
  22.500     0.00198  -0.11790  -0.19916
  22.600     0.00193  -0.11884  -0.19892
  22.700     0.00187  -0.11979  -0.19864
  22.800     0.00182  -0.12075  -0.19831
  22.900     0.00177  -0.12173  -0.19794
  23.000     0.00172  -0.12270  -0.19753
  23.100     0.00167  -0.12369  -0.19708
  23.200     0.00163  -0.12467  -0.19660
  23.300     0.00158  -0.12566  -0.19609
  23.400     0.00154  -0.12665  -0.19555
  23.500     0.00149  -0.12764  -0.19498
  23.600     0.00145  -0.12863  -0.19439
  23.700     0.00141  -0.12961  -0.19379
  23.800     0.00137  -0.13059  -0.19316
  23.900     0.00134  -0.13156  -0.19252
  24.000     0.00130  -0.13252  -0.19187
  24.100     0.00126  -0.13347  -0.19121
  24.200     0.00123  -0.13441  -0.19054
  24.300     0.00120  -0.13533  -0.18987
  24.400     0.00116  -0.13625  -0.18919
  24.500     0.00113  -0.13714  -0.18852
  24.600     0.00110  -0.13802  -0.18784
  24.700     0.00107  -0.13889  -0.18717
  24.800     0.00104  -0.13973  -0.18650
  24.900     0.00102  -0.14056  -0.18584
  25.000     0.00099  -0.14136  -0.18518
  25.100     0.00096  -0.14215  -0.18453
  25.200     0.00094  -0.14292  -0.18388
  25.300     0.00091  -0.14367  -0.18325
  25.400     0.00089  -0.14440  -0.18262
  25.500     0.00087  -0.14510  -0.18200
  25.600     0.00085  -0.14579  -0.18138
  25.700     0.00082  -0.14646  -0.18077
  25.800     0.00080  -0.14711  -0.18017
  25.900     0.00078  -0.14774  -0.17957
  26.000     0.00076  -0.14835  -0.17898
  26.100     0.00074  -0.14894  -0.17839
  26.200     0.00072  -0.14951  -0.17780
  26.300     0.00071  -0.15007  -0.17721
  26.400     0.00069  -0.15062  -0.17662
  26.500     0.00067  -0.15115  -0.17603
  26.600     0.00065  -0.15167  -0.17543
  26.700     0.00064  -0.15217  -0.17482
  26.800     0.00062  -0.15266  -0.17420
  26.900     0.00061  -0.15315  -0.17358
  27.000     0.00059  -0.15362  -0.17294
  27.100     0.00058  -0.15409  -0.17228
  27.200     0.00056  -0.15455  -0.17161
  27.300     0.00055  -0.15500  -0.17091
  27.400     0.00054  -0.15546  -0.17020
  27.500     0.00052  -0.15590  -0.16945
  27.600     0.00051  -0.15635  -0.16869
  27.700     0.00050  -0.15680  -0.16789
  27.800     0.00048  -0.15725  -0.16706
  27.900     0.00047  -0.15770  -0.16621
  28.000     0.00046  -0.15815  -0.16531
  28.100     0.00045  -0.15861  -0.16438
  28.200     0.00043  -0.15907  -0.16341
  28.300     0.00042  -0.15953  -0.16241
  28.400     0.00041  -0.16001  -0.16136
  28.500     0.00040  -0.16049  -0.16027
  28.600     0.00039  -0.16098  -0.15913
  28.700     0.00038  -0.16148  -0.15795
  28.800     0.00037  -0.16199  -0.15673
  28.900     0.00036  -0.16251  -0.15545
  29.000     0.00035  -0.16303  -0.15413
  29.100     0.00034  -0.16357  -0.15277
  29.200     0.00033  -0.16412  -0.15135
  29.300     0.00032  -0.16468  -0.14989
  29.400     0.00031  -0.16526  -0.14838
  29.500     0.00030  -0.16584  -0.14682
  29.600     0.00029  -0.16643  -0.14522
  29.700     0.00028  -0.16704  -0.14356
  29.800     0.00028  -0.16765  -0.14186
  29.900     0.00027  -0.16828  -0.14012
  30.000     0.00026  -0.16891  -0.13833
  30.100     0.00025  -0.16956  -0.13649
  30.200     0.00024  -0.17021  -0.13461
  30.300     0.00024  -0.17087  -0.13269
  30.400     0.00023  -0.17154  -0.13073
  30.500     0.00022  -0.17222  -0.12873
  30.600     0.00021  -0.17290  -0.12669
  30.700     0.00021  -0.17359  -0.12462
  30.800     0.00020  -0.17428  -0.12251
  30.900     0.00019  -0.17498  -0.12037
  31.000     0.00019  -0.17568  -0.11820
  31.100     0.00018  -0.17638  -0.11600
  31.200     0.00017  -0.17708  -0.11378
  31.300     0.00017  -0.17778  -0.11153
  31.400     0.00016  -0.17847  -0.10925
  31.500     0.00016  -0.17917  -0.10696
  31.600     0.00015  -0.17986  -0.10465
  31.700     0.00015  -0.18055  -0.10232
  31.800     0.00014  -0.18123  -0.09998
  31.900     0.00014  -0.18191  -0.09762
  32.000     0.00013  -0.18257  -0.09526
  32.100     0.00013  -0.18323  -0.09288
  32.200     0.00012  -0.18388  -0.09050
  32.300     0.00012  -0.18452  -0.08812
  32.400     0.00012  -0.18515  -0.08573
  32.500     0.00011  -0.18576  -0.08335
  32.600     0.00011  -0.18636  -0.08097
  32.700     0.00011  -0.18695  -0.07859
  32.800     0.00010  -0.18752  -0.07621
  32.900     0.00010  -0.18807  -0.07384
  33.000     0.00010  -0.18861  -0.07148
  33.100     0.00009  -0.18913  -0.06913
  33.200     0.00009  -0.18963  -0.06679
  33.300     0.00009  -0.19012  -0.06446
  33.400     0.00009  -0.19058  -0.06215
  33.500     0.00009  -0.19103  -0.05985
  33.600     0.00008  -0.19145  -0.05757
  33.700     0.00008  -0.19186  -0.05530
  33.800     0.00008  -0.19224  -0.05305
  33.900     0.00008  -0.19261  -0.05082
  34.000     0.00008  -0.19295  -0.04860
  34.100     0.00007  -0.19327  -0.04641
  34.200     0.00007  -0.19357  -0.04423
  34.300     0.00007  -0.19385  -0.04208
  34.400     0.00007  -0.19411  -0.03994
  34.500     0.00007  -0.19434  -0.03783
  34.600     0.00007  -0.19456  -0.03573
  34.700     0.00007  -0.19475  -0.03366
  34.800     0.00007  -0.19493  -0.03160
  34.900     0.00007  -0.19508  -0.02957
  35.000     0.00007  -0.19521  -0.02755
  35.100     0.00006  -0.19533  -0.02555
  35.200     0.00006  -0.19542  -0.02357
  35.300     0.00006  -0.19550  -0.02161
  35.400     0.00006  -0.19555  -0.01966
  35.500     0.00006  -0.19559  -0.01773
  35.600     0.00006  -0.19562  -0.01581
  35.700     0.00006  -0.19562  -0.01391
  35.800     0.00006  -0.19561  -0.01203
  35.900     0.00006  -0.19559  -0.01015
  36.000     0.00006  -0.19555  -0.00829
  36.100     0.00006  -0.19550  -0.00644
  36.200     0.00006  -0.19543  -0.00460
  36.300     0.00006  -0.19535  -0.00276
  36.400     0.00006  -0.19527  -0.00094
  36.500     0.00006  -0.19517   0.00088
  36.600     0.00006  -0.19506   0.00270
  36.700     0.00006  -0.19494   0.00451
  36.800     0.00006  -0.19481   0.00632
  36.900     0.00006  -0.19467   0.00813
  37.000     0.00006  -0.19453   0.00993
  37.100     0.00005  -0.19438   0.01174
  37.200     0.00005  -0.19423   0.01355
  37.300     0.00005  -0.19407   0.01536
  37.400     0.00005  -0.19391   0.01717
  37.500     0.00005  -0.19374   0.01900
  37.600     0.00005  -0.19358   0.02082
  37.700     0.00005  -0.19341   0.02266
  37.800     0.00005  -0.19324   0.02450
  37.900     0.00005  -0.19307   0.02635
  38.000     0.00005  -0.19290   0.02821
  38.100     0.00005  -0.19273   0.03008
  38.200     0.00005  -0.19256   0.03196
  38.300     0.00005  -0.19240   0.03386
  38.400     0.00005  -0.19223   0.03577
  38.500     0.00004  -0.19207   0.03769
  38.600     0.00004  -0.19192   0.03962
  38.700     0.00004  -0.19177   0.04157
  38.800     0.00004  -0.19162   0.04353
  38.900     0.00004  -0.19147   0.04551
  39.000     0.00004  -0.19134   0.04751
  39.100     0.00004  -0.19120   0.04952
  39.200     0.00004  -0.19108   0.05154
  39.300     0.00004  -0.19095   0.05358
  39.400     0.00003  -0.19084   0.05564
  39.500     0.00003  -0.19073   0.05771
  39.600     0.00003  -0.19063   0.05980
  39.700     0.00003  -0.19053   0.06191
  39.800     0.00003  -0.19044   0.06403
  39.900     0.00003  -0.19035   0.06617
  40.000     0.00003  -0.19027   0.06832
  40.100     0.00003  -0.19020   0.07048
  40.200     0.00002  -0.19014   0.07266
  40.300     0.00002  -0.19007   0.07485
  40.400     0.00002  -0.19002   0.07705
  40.500     0.00002  -0.18997   0.07927
  40.600     0.00002  -0.18993   0.08150
  40.700     0.00002  -0.18989   0.08373
  40.800     0.00002  -0.18985   0.08598
  40.900     0.00001  -0.18982   0.08824
  41.000     0.00001  -0.18980   0.09050
  41.100     0.00001  -0.18977   0.09277
  41.200     0.00001  -0.18975   0.09504
  41.300     0.00001  -0.18974   0.09732
  41.400     0.00001  -0.18972   0.09961
  41.500     0.00001  -0.18971   0.10189
  41.600     0.00001  -0.18970   0.10418
  41.700     0.00000  -0.18969   0.10647
  41.800     0.00000  -0.18968   0.10875
  41.900     0.00000  -0.18967   0.11104
  42.000     0.00000  -0.18966   0.11332
  42.100    -0.00000  -0.18965   0.11559
  42.200    -0.00000  -0.18963   0.11786
  42.300    -0.00000  -0.18962   0.12011
  42.400    -0.00000  -0.18960   0.12236
  42.500    -0.00000  -0.18957   0.12460
  42.600    -0.00001  -0.18955   0.12683
  42.700    -0.00001  -0.18951   0.12904
  42.800    -0.00001  -0.18948   0.13124
  42.900    -0.00001  -0.18943   0.13342
  43.000    -0.00001  -0.18938   0.13558
  43.100    -0.00001  -0.18932   0.13773
  43.200    -0.00001  -0.18925   0.13985
  43.300    -0.00001  -0.18918   0.14195
  43.400    -0.00001  -0.18909   0.14403
  43.500    -0.00001  -0.18900   0.14609
  43.600    -0.00001  -0.18890   0.14811
  43.700    -0.00001  -0.18878   0.15011
  43.800    -0.00001  -0.18865   0.15208
  43.900    -0.00002  -0.18851   0.15402
  44.000    -0.00002  -0.18836   0.15593
  44.100    -0.00002  -0.18820   0.15781
  44.200    -0.00002  -0.18802   0.15965
  44.300    -0.00002  -0.18782   0.16146
  44.400    -0.00002  -0.18761   0.16324
  44.500    -0.00002  -0.18739   0.16497
  44.600    -0.00002  -0.18715   0.16667
  44.700    -0.00002  -0.18690   0.16832
  44.800    -0.00002  -0.18662   0.16994
  44.900    -0.00002  -0.18634   0.17152
  45.000    -0.00002  -0.18603   0.17305
  45.100    -0.00002  -0.18571   0.17454
  45.200    -0.00002  -0.18536   0.17598
  45.300    -0.00002  -0.18500   0.17739
  45.400    -0.00002  -0.18462   0.17874
  45.500    -0.00002  -0.18422   0.18005
  45.600    -0.00002  -0.18381   0.18131
  45.700    -0.00002  -0.18337   0.18252
  45.800    -0.00002  -0.18291   0.18369
  45.900    -0.00002  -0.18243   0.18481
  46.000    -0.00002  -0.18194   0.18587
  46.100    -0.00001  -0.18142   0.18689
  46.200    -0.00001  -0.18088   0.18786
  46.300    -0.00001  -0.18032   0.18877
  46.400    -0.00001  -0.17974   0.18964
  46.500    -0.00001  -0.17914   0.19045
  46.600    -0.00001  -0.17852   0.19121
  46.700    -0.00001  -0.17788   0.19192
  46.800    -0.00001  -0.17722   0.19258
  46.900    -0.00001  -0.17654   0.19319
  47.000    -0.00001  -0.17583   0.19374
  47.100    -0.00001  -0.17511   0.19424
  47.200    -0.00001  -0.17436   0.19469
  47.300    -0.00001  -0.17360   0.19509
  47.400    -0.00001  -0.17281   0.19544
  47.500    -0.00001  -0.17200   0.19573
  47.600    -0.00001  -0.17118   0.19597
  47.700    -0.00000  -0.17033   0.19616
  47.800    -0.00000  -0.16946   0.19630
  47.900    -0.00000  -0.16858   0.19639
  48.000    -0.00000  -0.16767   0.19643
  48.100    -0.00000  -0.16675   0.19642
  48.200    -0.00000  -0.16581   0.19636
  48.300     0.00000  -0.16484   0.19624
  48.400     0.00000  -0.16386   0.19608
  48.500     0.00000  -0.16287   0.19588
  48.600     0.00000  -0.16185   0.19562
  48.700     0.00000  -0.16082   0.19531
  48.800     0.00000  -0.15977   0.19496
  48.900     0.00001  -0.15870   0.19457
  49.000     0.00001  -0.15762   0.19413
  49.100     0.00001  -0.15652   0.19364
  49.200     0.00001  -0.15541   0.19311
  49.300     0.00001  -0.15428   0.19253
  49.400     0.00001  -0.15314   0.19192
  49.500     0.00001  -0.15198   0.19126
  49.600     0.00001  -0.15081   0.19056
  49.700     0.00001  -0.14963   0.18982
  49.800     0.00001  -0.14843   0.18904
  49.900     0.00001  -0.14722   0.18822
  50.000     0.00002  -0.14600   0.18736
  50.100     0.00002  -0.14477   0.18647
  50.200     0.00002  -0.14353   0.18554
  50.300     0.00002  -0.14227   0.18457
  50.400     0.00002  -0.14101   0.18357
  50.500     0.00002  -0.13974   0.18254
  50.600     0.00002  -0.13845   0.18148
  50.700     0.00002  -0.13716   0.18038
  50.800     0.00002  -0.13586   0.17925
  50.900     0.00002  -0.13456   0.17809
  51.000     0.00002  -0.13324   0.17691
  51.100     0.00002  -0.13192   0.17569
  51.200     0.00002  -0.13059   0.17445
  51.300     0.00003  -0.12926   0.17319
  51.400     0.00003  -0.12792   0.17189
  51.500     0.00003  -0.12658   0.17058
  51.600     0.00003  -0.12523   0.16924
  51.700     0.00003  -0.12388   0.16788
  51.800     0.00003  -0.12253   0.16649
  51.900     0.00003  -0.12117   0.16509
  52.000     0.00003  -0.11981   0.16367
  52.100     0.00003  -0.11845   0.16223
  52.200     0.00003  -0.11709   0.16077
  52.300     0.00003  -0.11573   0.15929
  52.400     0.00003  -0.11436   0.15780
  52.500     0.00003  -0.11300   0.15629
  52.600     0.00003  -0.11163   0.15477
  52.700     0.00003  -0.11027   0.15324
  52.800     0.00003  -0.10891   0.15170
  52.900     0.00003  -0.10755   0.15014
  53.000     0.00003  -0.10619   0.14857
  53.100     0.00003  -0.10483   0.14700
  53.200     0.00003  -0.10348   0.14541
  53.300     0.00004  -0.10213   0.14382
  53.400     0.00004  -0.10079   0.14222
  53.500     0.00004  -0.09944   0.14061
  53.600     0.00004  -0.09810   0.13900
  53.700     0.00004  -0.09677   0.13738
  53.800     0.00004  -0.09544   0.13576
  53.900     0.00004  -0.09412   0.13413
  54.000     0.00004  -0.09280   0.13250
  54.100     0.00004  -0.09149   0.13087
  54.200     0.00004  -0.09019   0.12924
  54.300     0.00004  -0.08889   0.12761
  54.400     0.00004  -0.08760   0.12598
  54.500     0.00004  -0.08631   0.12435
  54.600     0.00004  -0.08503   0.12272
  54.700     0.00004  -0.08377   0.12110
  54.800     0.00004  -0.08250   0.11947
  54.900     0.00004  -0.08125   0.11785
  55.000     0.00004  -0.08001   0.11623
  55.100     0.00004  -0.07877   0.11462
  55.200     0.00004  -0.07754   0.11301
  55.300     0.00004  -0.07633   0.11141
  55.400     0.00004  -0.07512   0.10982
  55.500     0.00004  -0.07392   0.10823
  55.600     0.00004  -0.07273   0.10664
  55.700     0.00004  -0.07155   0.10507
  55.800     0.00004  -0.07038   0.10350
  55.900     0.00004  -0.06923   0.10194
  56.000     0.00004  -0.06808   0.10039
  56.100     0.00004  -0.06694   0.09885
  56.200     0.00004  -0.06581   0.09732
  56.300     0.00004  -0.06470   0.09580
  56.400     0.00004  -0.06359   0.09429
  56.500     0.00004  -0.06250   0.09279
  56.600     0.00004  -0.06142   0.09130
  56.700     0.00004  -0.06035   0.08982
  56.800     0.00004  -0.05929   0.08835
  56.900     0.00004  -0.05824   0.08690
  57.000     0.00004  -0.05721   0.08546
  57.100     0.00004  -0.05618   0.08403
  57.200     0.00004  -0.05517   0.08261
  57.300     0.00004  -0.05417   0.08121
  57.400     0.00003  -0.05318   0.07981
  57.500     0.00003  -0.05220   0.07844
  57.600     0.00003  -0.05124   0.07707
  57.700     0.00003  -0.05028   0.07572
  57.800     0.00003  -0.04934   0.07439
  57.900     0.00003  -0.04841   0.07306
  58.000     0.00003  -0.04749   0.07175
  58.100     0.00003  -0.04659   0.07046
  58.200     0.00003  -0.04569   0.06918
  58.300     0.00003  -0.04481   0.06792
  58.400     0.00003  -0.04394   0.06667
  58.500     0.00003  -0.04309   0.06543
  58.600     0.00003  -0.04224   0.06421
  58.700     0.00003  -0.04141   0.06300
  58.800     0.00003  -0.04059   0.06181
  58.900     0.00003  -0.03978   0.06064
  59.000     0.00003  -0.03898   0.05948
  59.100     0.00003  -0.03819   0.05833
  59.200     0.00003  -0.03742   0.05720
  59.300     0.00003  -0.03666   0.05608
  59.400     0.00003  -0.03590   0.05498
  59.500     0.00003  -0.03517   0.05390
  59.600     0.00003  -0.03444   0.05283
  59.700     0.00003  -0.03372   0.05178
  59.800     0.00003  -0.03302   0.05074
  59.900     0.00003  -0.03232   0.04971
  60.000     0.00003  -0.03164   0.04870
  60.100     0.00003  -0.03097   0.04771
  60.200     0.00003  -0.03031   0.04673
  60.300     0.00003  -0.02966   0.04576
  60.400     0.00003  -0.02902   0.04481
  60.500     0.00002  -0.02839   0.04388
  60.600     0.00002  -0.02778   0.04296
  60.700     0.00002  -0.02717   0.04205
  60.800     0.00002  -0.02657   0.04116
  60.900     0.00002  -0.02599   0.04028
  61.000     0.00002  -0.02541   0.03942
  61.100     0.00002  -0.02485   0.03857
  61.200     0.00002  -0.02429   0.03774
  61.300     0.00002  -0.02375   0.03692
  61.400     0.00002  -0.02321   0.03611
  61.500     0.00002  -0.02269   0.03532
  61.600     0.00002  -0.02217   0.03454
  61.700     0.00002  -0.02167   0.03378
  61.800     0.00002  -0.02117   0.03303
  61.900     0.00002  -0.02068   0.03229
  62.000     0.00002  -0.02021   0.03156
  62.100     0.00002  -0.01974   0.03085
  62.200     0.00002  -0.01928   0.03015
  62.300     0.00002  -0.01883   0.02947
  62.400     0.00002  -0.01839   0.02879
  62.500     0.00002  -0.01795   0.02813
  62.600     0.00002  -0.01753   0.02748
  62.700     0.00002  -0.01711   0.02685
  62.800     0.00002  -0.01670   0.02622
  62.900     0.00002  -0.01630   0.02561
  63.000     0.00002  -0.01591   0.02501
  63.100     0.00002  -0.01553   0.02442
  63.200     0.00002  -0.01515   0.02384
  63.300     0.00002  -0.01479   0.02328
  63.400     0.00002  -0.01442   0.02272
  63.500     0.00002  -0.01407   0.02218
  63.600     0.00001  -0.01373   0.02165
  63.700     0.00001  -0.01339   0.02113
  63.800     0.00001  -0.01306   0.02061
  63.900     0.00001  -0.01273   0.02011
  64.000     0.00001  -0.01242   0.01962
  64.100     0.00001  -0.01211   0.01914
  64.200     0.00001  -0.01180   0.01867
  64.300     0.00001  -0.01151   0.01821
  64.400     0.00001  -0.01121   0.01776
  64.500     0.00001  -0.01093   0.01732
  64.600     0.00001  -0.01065   0.01689
  64.700     0.00001  -0.01038   0.01647
  64.800     0.00001  -0.01012   0.01605
  64.900     0.00001  -0.00986   0.01565
  65.000     0.00001  -0.00960   0.01525
  65.100     0.00001  -0.00935   0.01487
  65.200     0.00001  -0.00911   0.01449
  65.300     0.00001  -0.00887   0.01412
  65.400     0.00001  -0.00864   0.01376
  65.500     0.00001  -0.00842   0.01340
  65.600     0.00001  -0.00820   0.01306
  65.700     0.00001  -0.00798   0.01272
  65.800     0.00001  -0.00777   0.01239
  65.900     0.00001  -0.00756   0.01207
  66.000     0.00001  -0.00736   0.01175
  66.100     0.00001  -0.00717   0.01144
  66.200     0.00001  -0.00698   0.01114
  66.300     0.00001  -0.00679   0.01085
  66.400     0.00001  -0.00661   0.01056
  66.500     0.00001  -0.00643   0.01028
  66.600     0.00001  -0.00625   0.01001
  66.700     0.00001  -0.00609   0.00974
  66.800     0.00001  -0.00592   0.00948
  66.900     0.00001  -0.00576   0.00922
  67.000     0.00001  -0.00560   0.00897
  67.100     0.00001  -0.00545   0.00873
  67.200     0.00001  -0.00530   0.00850
  67.300     0.00001  -0.00515   0.00826
  67.400     0.00001  -0.00501   0.00804
  67.500     0.00001  -0.00487   0.00782
  67.600     0.00001  -0.00474   0.00761
  67.700     0.00001  -0.00460   0.00740
  67.800     0.00001  -0.00447   0.00719
  67.900     0.00001  -0.00435   0.00699
  68.000     0.00001  -0.00423   0.00680
  68.100     0.00001  -0.00411   0.00661
  68.200     0.00001  -0.00399   0.00643
  68.300     0.00001  -0.00388   0.00625
  68.400     0.00001  -0.00377   0.00607
  68.500     0.00001  -0.00366   0.00590
  68.600     0.00000  -0.00356   0.00573
  68.700     0.00000  -0.00346   0.00557
  68.800     0.00000  -0.00336   0.00541
  68.900     0.00000  -0.00326   0.00526
  69.000     0.00000  -0.00317   0.00511
  69.100     0.00000  -0.00308   0.00497
  69.200     0.00000  -0.00299   0.00482
  69.300     0.00000  -0.00290   0.00468
  69.400     0.00000  -0.00282   0.00455
  69.500     0.00000  -0.00273   0.00442
  69.600     0.00000  -0.00265   0.00429
  69.700     0.00000  -0.00258   0.00417
  69.800     0.00000  -0.00250   0.00405
  69.900     0.00000  -0.00243   0.00393
  70.000     0.00000  -0.00236   0.00381
 #S.p. wfs for channel:           1
   0.000     0.00000   0.00000  -0.00000
   0.100     0.00003   0.00025  -0.00017
   0.200     0.00007   0.00093  -0.00075
   0.300     0.00007   0.00192  -0.00190
   0.400    -0.00007   0.00305  -0.00380
   0.500    -0.00041   0.00419  -0.00660
   0.600    -0.00097   0.00528  -0.01029
   0.700    -0.00170   0.00637  -0.01473
   0.800    -0.00253   0.00757  -0.01968
   0.900    -0.00334   0.00902  -0.02484
   1.000    -0.00404   0.01082  -0.02997
   1.100    -0.00460   0.01301  -0.03490
   1.200    -0.00503   0.01552  -0.03960
   1.300    -0.00537   0.01821  -0.04416
   1.400    -0.00571   0.02092  -0.04872
   1.500    -0.00613   0.02346  -0.05341
   1.600    -0.00667   0.02572  -0.05830
   1.700    -0.00735   0.02764  -0.06339
   1.800    -0.00814   0.02925  -0.06858
   1.900    -0.00898   0.03062  -0.07371
   2.000    -0.00980   0.03187  -0.07858
   2.100    -0.01053   0.03310  -0.08301
   2.200    -0.01111   0.03439  -0.08688
   2.300    -0.01152   0.03578  -0.09012
   2.400    -0.01177   0.03727  -0.09275
   2.500    -0.01189   0.03880  -0.09485
   2.600    -0.01192   0.04030  -0.09653
   2.700    -0.01192   0.04170  -0.09795
   2.800    -0.01195   0.04291  -0.09924
   2.900    -0.01204   0.04389  -0.10051
   3.000    -0.01221   0.04461  -0.10182
   3.100    -0.01247   0.04508  -0.10321
   3.200    -0.01281   0.04533  -0.10466
   3.300    -0.01320   0.04541  -0.10615
   3.400    -0.01361   0.04540  -0.10759
   3.500    -0.01401   0.04536  -0.10894
   3.600    -0.01437   0.04536  -0.11013
   3.700    -0.01466   0.04545  -0.11110
   3.800    -0.01487   0.04566  -0.11185
   3.900    -0.01499   0.04601  -0.11236
   4.000    -0.01503   0.04651  -0.11264
   4.100    -0.01500   0.04713  -0.11275
   4.200    -0.01492   0.04784  -0.11273
   4.300    -0.01481   0.04861  -0.11264
   4.400    -0.01470   0.04940  -0.11254
   4.500    -0.01462   0.05018  -0.11250
   4.600    -0.01458   0.05091  -0.11257
   4.700    -0.01460   0.05155  -0.11278
   4.800    -0.01469   0.05211  -0.11317
   4.900    -0.01485   0.05257  -0.11375
   5.000    -0.01509   0.05293  -0.11451
   5.100    -0.01540   0.05321  -0.11544
   5.200    -0.01577   0.05342  -0.11652
   5.300    -0.01619   0.05359  -0.11772
   5.400    -0.01663   0.05375  -0.11900
   5.500    -0.01708   0.05392  -0.12032
   5.600    -0.01753   0.05412  -0.12164
   5.700    -0.01797   0.05439  -0.12293
   5.800    -0.01838   0.05475  -0.12416
   5.900    -0.01875   0.05520  -0.12531
   6.000    -0.01907   0.05577  -0.12636
   6.100    -0.01935   0.05644  -0.12730
   6.200    -0.01958   0.05723  -0.12814
   6.300    -0.01977   0.05813  -0.12888
   6.400    -0.01992   0.05912  -0.12954
   6.500    -0.02005   0.06019  -0.13014
   6.600    -0.02015   0.06132  -0.13069
   6.700    -0.02025   0.06249  -0.13122
   6.800    -0.02035   0.06369  -0.13176
   6.900    -0.02047   0.06490  -0.13233
   7.000    -0.02061   0.06610  -0.13295
   7.100    -0.02078   0.06726  -0.13365
   7.200    -0.02099   0.06839  -0.13443
   7.300    -0.02124   0.06946  -0.13532
   7.400    -0.02155   0.07048  -0.13631
   7.500    -0.02191   0.07144  -0.13742
   7.600    -0.02232   0.07233  -0.13865
   7.700    -0.02277   0.07316  -0.13998
   7.800    -0.02328   0.07394  -0.14141
   7.900    -0.02382   0.07468  -0.14292
   8.000    -0.02440   0.07538  -0.14450
   8.100    -0.02501   0.07605  -0.14614
   8.200    -0.02563   0.07671  -0.14781
   8.300    -0.02627   0.07737  -0.14949
   8.400    -0.02692   0.07805  -0.15117
   8.500    -0.02756   0.07875  -0.15282
   8.600    -0.02819   0.07949  -0.15444
   8.700    -0.02880   0.08028  -0.15600
   8.800    -0.02940   0.08112  -0.15748
   8.900    -0.02997   0.08202  -0.15889
   9.000    -0.03051   0.08300  -0.16021
   9.100    -0.03102   0.08404  -0.16144
   9.200    -0.03150   0.08515  -0.16257
   9.300    -0.03194   0.08634  -0.16360
   9.400    -0.03236   0.08759  -0.16454
   9.500    -0.03275   0.08890  -0.16540
   9.600    -0.03312   0.09027  -0.16617
   9.700    -0.03347   0.09168  -0.16687
   9.800    -0.03380   0.09314  -0.16751
   9.900    -0.03413   0.09463  -0.16810
  10.000    -0.03445   0.09614  -0.16865
  10.100    -0.03477   0.09765  -0.16918
  10.200    -0.03510   0.09917  -0.16969
  10.300    -0.03544   0.10068  -0.17021
  10.400    -0.03580   0.10218  -0.17074
  10.500    -0.03618   0.10364  -0.17128
  10.600    -0.03659   0.10508  -0.17186
  10.700    -0.03703   0.10647  -0.17248
  10.800    -0.03750   0.10782  -0.17314
  10.900    -0.03800   0.10913  -0.17384
  11.000    -0.03854   0.11038  -0.17460
  11.100    -0.03911   0.11158  -0.17541
  11.200    -0.03972   0.11272  -0.17627
  11.300    -0.04036   0.11382  -0.17717
  11.400    -0.04104   0.11487  -0.17812
  11.500    -0.04174   0.11587  -0.17911
  11.600    -0.04248   0.11684  -0.18012
  11.700    -0.04324   0.11777  -0.18116
  11.800    -0.04402   0.11867  -0.18221
  11.900    -0.04482   0.11954  -0.18326
  12.000    -0.04563   0.12040  -0.18431
  12.100    -0.04644   0.12125  -0.18533
  12.200    -0.04727   0.12210  -0.18633
  12.300    -0.04809   0.12295  -0.18729
  12.400    -0.04891   0.12382  -0.18821
  12.500    -0.04972   0.12470  -0.18906
  12.600    -0.05053   0.12560  -0.18985
  12.700    -0.05131   0.12653  -0.19056
  12.800    -0.05208   0.12749  -0.19119
  12.900    -0.05284   0.12849  -0.19174
  13.000    -0.05357   0.12952  -0.19219
  13.100    -0.05428   0.13060  -0.19255
  13.200    -0.05496   0.13172  -0.19281
  13.300    -0.05562   0.13287  -0.19298
  13.400    -0.05626   0.13407  -0.19304
  13.500    -0.05688   0.13531  -0.19301
  13.600    -0.05747   0.13659  -0.19288
  13.700    -0.05805   0.13790  -0.19266
  13.800    -0.05860   0.13924  -0.19236
  13.900    -0.05914   0.14060  -0.19197
  14.000    -0.05967   0.14199  -0.19150
  14.100    -0.06019   0.14340  -0.19097
  14.200    -0.06069   0.14482  -0.19037
  14.300    -0.06120   0.14624  -0.18972
  14.400    -0.06170   0.14766  -0.18902
  14.500    -0.06220   0.14908  -0.18827
  14.600    -0.06271   0.15049  -0.18749
  14.700    -0.06322   0.15188  -0.18669
  14.800    -0.06375   0.15325  -0.18586
  14.900    -0.06428   0.15459  -0.18503
  15.000    -0.06484   0.15590  -0.18418
  15.100    -0.06541   0.15717  -0.18334
  15.200    -0.06600   0.15841  -0.18249
  15.300    -0.06661   0.15960  -0.18166
  15.400    -0.06725   0.16074  -0.18083
  15.500    -0.06791   0.16184  -0.18002
  15.600    -0.06859   0.16288  -0.17923
  15.700    -0.06930   0.16388  -0.17845
  15.800    -0.07004   0.16482  -0.17769
  15.900    -0.07080   0.16571  -0.17694
  16.000    -0.07159   0.16655  -0.17621
  16.100    -0.07240   0.16734  -0.17550
  16.200    -0.07323   0.16808  -0.17480
  16.300    -0.07409   0.16878  -0.17410
  16.400    -0.07497   0.16943  -0.17341
  16.500    -0.07586   0.17004  -0.17271
  16.600    -0.07677   0.17062  -0.17202
  16.700    -0.07769   0.17116  -0.17131
  16.800    -0.07862   0.17167  -0.17058
  16.900    -0.07956   0.17216  -0.16984
  17.000    -0.08051   0.17262  -0.16907
  17.100    -0.08147   0.17307  -0.16826
  17.200    -0.08242   0.17350  -0.16742
  17.300    -0.08337   0.17392  -0.16653
  17.400    -0.08432   0.17434  -0.16559
  17.500    -0.08526   0.17475  -0.16460
  17.600    -0.08620   0.17517  -0.16354
  17.700    -0.08712   0.17559  -0.16242
  17.800    -0.08803   0.17602  -0.16123
  17.900    -0.08893   0.17646  -0.15997
  18.000    -0.08981   0.17691  -0.15863
  18.100    -0.09068   0.17738  -0.15722
  18.200    -0.09152   0.17786  -0.15572
  18.300    -0.09235   0.17836  -0.15414
  18.400    -0.09316   0.17888  -0.15247
  18.500    -0.09395   0.17942  -0.15072
  18.600    -0.09472   0.17998  -0.14888
  18.700    -0.09547   0.18055  -0.14696
  18.800    -0.09619   0.18115  -0.14496
  18.900    -0.09690   0.18176  -0.14287
  19.000    -0.09759   0.18239  -0.14071
  19.100    -0.09827   0.18303  -0.13846
  19.200    -0.09892   0.18368  -0.13615
  19.300    -0.09956   0.18434  -0.13376
  19.400    -0.10019   0.18501  -0.13131
  19.500    -0.10080   0.18568  -0.12880
  19.600    -0.10141   0.18636  -0.12623
  19.700    -0.10200   0.18703  -0.12360
  19.800    -0.10259   0.18769  -0.12093
  19.900    -0.10317   0.18835  -0.11822
  20.000    -0.10375   0.18899  -0.11547
  20.100    -0.10432   0.18962  -0.11268
  20.200    -0.10490   0.19023  -0.10987
  20.300    -0.10548   0.19081  -0.10704
  20.400    -0.10606   0.19137  -0.10419
  20.500    -0.10665   0.19189  -0.10133
  20.600    -0.10724   0.19239  -0.09846
  20.700    -0.10785   0.19284  -0.09559
  20.800    -0.10846   0.19326  -0.09272
  20.900    -0.10909   0.19364  -0.08986
  21.000    -0.10973   0.19398  -0.08701
  21.100    -0.11038   0.19426  -0.08417
  21.200    -0.11105   0.19450  -0.08135
  21.300    -0.11174   0.19469  -0.07855
  21.400    -0.11244   0.19484  -0.07577
  21.500    -0.11316   0.19492  -0.07301
  21.600    -0.11390   0.19496  -0.07027
  21.700    -0.11465   0.19494  -0.06757
  21.800    -0.11542   0.19487  -0.06489
  21.900    -0.11621   0.19475  -0.06223
  22.000    -0.11702   0.19458  -0.05961
  22.100    -0.11785   0.19435  -0.05701
  22.200    -0.11869   0.19407  -0.05444
  22.300    -0.11954   0.19375  -0.05189
  22.400    -0.12041   0.19337  -0.04937
  22.500    -0.12129   0.19295  -0.04687
  22.600    -0.12219   0.19248  -0.04439
  22.700    -0.12310   0.19197  -0.04193
  22.800    -0.12401   0.19142  -0.03948
  22.900    -0.12494   0.19083  -0.03705
  23.000    -0.12587   0.19020  -0.03463
  23.100    -0.12681   0.18954  -0.03221
  23.200    -0.12775   0.18885  -0.02980
  23.300    -0.12870   0.18814  -0.02740
  23.400    -0.12964   0.18739  -0.02499
  23.500    -0.13058   0.18662  -0.02258
  23.600    -0.13153   0.18584  -0.02016
  23.700    -0.13246   0.18503  -0.01773
  23.800    -0.13339   0.18421  -0.01528
  23.900    -0.13432   0.18338  -0.01282
  24.000    -0.13523   0.18254  -0.01035
  24.100    -0.13614   0.18169  -0.00785
  24.200    -0.13703   0.18083  -0.00533
  24.300    -0.13791   0.17997  -0.00278
  24.400    -0.13878   0.17911  -0.00020
  24.500    -0.13964   0.17825   0.00240
  24.600    -0.14047   0.17740   0.00504
  24.700    -0.14129   0.17654   0.00771
  24.800    -0.14209   0.17569   0.01041
  24.900    -0.14288   0.17485   0.01315
  25.000    -0.14364   0.17401   0.01592
  25.100    -0.14439   0.17318   0.01872
  25.200    -0.14512   0.17236   0.02156
  25.300    -0.14583   0.17155   0.02444
  25.400    -0.14651   0.17075   0.02734
  25.500    -0.14718   0.16995   0.03028
  25.600    -0.14783   0.16916   0.03325
  25.700    -0.14846   0.16839   0.03625
  25.800    -0.14907   0.16761   0.03928
  25.900    -0.14966   0.16685   0.04234
  26.000    -0.15023   0.16609   0.04542
  26.100    -0.15079   0.16533   0.04852
  26.200    -0.15133   0.16458   0.05163
  26.300    -0.15185   0.16382   0.05477
  26.400    -0.15236   0.16307   0.05792
  26.500    -0.15285   0.16232   0.06107
  26.600    -0.15333   0.16156   0.06424
  26.700    -0.15380   0.16080   0.06740
  26.800    -0.15426   0.16003   0.07057
  26.900    -0.15471   0.15925   0.07373
  27.000    -0.15515   0.15846   0.07688
  27.100    -0.15558   0.15766   0.08002
  27.200    -0.15601   0.15684   0.08315
  27.300    -0.15643   0.15600   0.08625
  27.400    -0.15684   0.15515   0.08934
  27.500    -0.15726   0.15427   0.09239
  27.600    -0.15767   0.15338   0.09542
  27.700    -0.15808   0.15245   0.09841
  27.800    -0.15850   0.15150   0.10136
  27.900    -0.15891   0.15052   0.10428
  28.000    -0.15933   0.14951   0.10714
  28.100    -0.15976   0.14847   0.10996
  28.200    -0.16018   0.14739   0.11273
  28.300    -0.16062   0.14628   0.11545
  28.400    -0.16106   0.14513   0.11810
  28.500    -0.16150   0.14394   0.12070
  28.600    -0.16196   0.14271   0.12324
  28.700    -0.16242   0.14145   0.12571
  28.800    -0.16290   0.14014   0.12812
  28.900    -0.16338   0.13879   0.13046
  29.000    -0.16387   0.13740   0.13273
  29.100    -0.16438   0.13596   0.13492
  29.200    -0.16489   0.13448   0.13705
  29.300    -0.16542   0.13296   0.13910
  29.400    -0.16595   0.13140   0.14108
  29.500    -0.16650   0.12979   0.14298
  29.600    -0.16706   0.12814   0.14481
  29.700    -0.16762   0.12644   0.14656
  29.800    -0.16820   0.12471   0.14824
  29.900    -0.16879   0.12293   0.14984
  30.000    -0.16939   0.12111   0.15136
  30.100    -0.17000   0.11926   0.15281
  30.200    -0.17061   0.11736   0.15419
  30.300    -0.17124   0.11543   0.15549
  30.400    -0.17187   0.11346   0.15672
  30.500    -0.17251   0.11145   0.15788
  30.600    -0.17315   0.10942   0.15897
  30.700    -0.17380   0.10735   0.16000
  30.800    -0.17446   0.10525   0.16095
  30.900    -0.17511   0.10312   0.16185
  31.000    -0.17577   0.10097   0.16268
  31.100    -0.17643   0.09879   0.16344
  31.200    -0.17710   0.09659   0.16415
  31.300    -0.17776   0.09437   0.16481
  31.400    -0.17842   0.09212   0.16540
  31.500    -0.17908   0.08986   0.16595
  31.600    -0.17973   0.08759   0.16644
  31.700    -0.18038   0.08530   0.16689
  31.800    -0.18102   0.08300   0.16729
  31.900    -0.18166   0.08070   0.16764
  32.000    -0.18229   0.07838   0.16796
  32.100    -0.18291   0.07606   0.16823
  32.200    -0.18353   0.07373   0.16847
  32.300    -0.18413   0.07141   0.16867
  32.400    -0.18472   0.06908   0.16883
  32.500    -0.18530   0.06676   0.16897
  32.600    -0.18586   0.06444   0.16907
  32.700    -0.18641   0.06212   0.16915
  32.800    -0.18695   0.05982   0.16920
  32.900    -0.18747   0.05752   0.16923
  33.000    -0.18797   0.05523   0.16923
  33.100    -0.18846   0.05295   0.16922
  33.200    -0.18893   0.05068   0.16918
  33.300    -0.18938   0.04843   0.16912
  33.400    -0.18981   0.04619   0.16905
  33.500    -0.19022   0.04397   0.16896
  33.600    -0.19062   0.04177   0.16885
  33.700    -0.19099   0.03958   0.16873
  33.800    -0.19134   0.03741   0.16860
  33.900    -0.19168   0.03526   0.16845
  34.000    -0.19199   0.03313   0.16828
  34.100    -0.19228   0.03102   0.16811
  34.200    -0.19255   0.02893   0.16792
  34.300    -0.19280   0.02687   0.16771
  34.400    -0.19303   0.02482   0.16750
  34.500    -0.19324   0.02279   0.16727
  34.600    -0.19343   0.02078   0.16702
  34.700    -0.19360   0.01880   0.16677
  34.800    -0.19375   0.01683   0.16649
  34.900    -0.19387   0.01489   0.16621
  35.000    -0.19398   0.01296   0.16590
  35.100    -0.19407   0.01106   0.16558
  35.200    -0.19414   0.00917   0.16524
  35.300    -0.19420   0.00730   0.16488
  35.400    -0.19423   0.00545   0.16451
  35.500    -0.19425   0.00362   0.16411
  35.600    -0.19425   0.00180   0.16368
  35.700    -0.19423   0.00000   0.16324
  35.800    -0.19420  -0.00178   0.16276
  35.900    -0.19416  -0.00356   0.16226
  36.000    -0.19410  -0.00532   0.16174
  36.100    -0.19402  -0.00707   0.16118
  36.200    -0.19394  -0.00880   0.16059
  36.300    -0.19384  -0.01053   0.15997
  36.400    -0.19373  -0.01225   0.15931
  36.500    -0.19361  -0.01396   0.15861
  36.600    -0.19348  -0.01567   0.15788
  36.700    -0.19334  -0.01737   0.15711
  36.800    -0.19320  -0.01906   0.15630
  36.900    -0.19305  -0.02075   0.15544
  37.000    -0.19289  -0.02244   0.15454
  37.100    -0.19272  -0.02413   0.15359
  37.200    -0.19255  -0.02582   0.15259
  37.300    -0.19237  -0.02751   0.15155
  37.400    -0.19219  -0.02920   0.15045
  37.500    -0.19201  -0.03090   0.14931
  37.600    -0.19183  -0.03259   0.14811
  37.700    -0.19164  -0.03430   0.14685
  37.800    -0.19146  -0.03601   0.14554
  37.900    -0.19127  -0.03773   0.14417
  38.000    -0.19108  -0.03945   0.14274
  38.100    -0.19090  -0.04118   0.14126
  38.200    -0.19071  -0.04293   0.13971
  38.300    -0.19053  -0.04468   0.13810
  38.400    -0.19035  -0.04644   0.13643
  38.500    -0.19018  -0.04821   0.13470
  38.600    -0.19000  -0.05000   0.13290
  38.700    -0.18984  -0.05180   0.13104
  38.800    -0.18967  -0.05361   0.12912
  38.900    -0.18951  -0.05543   0.12713
  39.000    -0.18936  -0.05727   0.12508
  39.100    -0.18921  -0.05912   0.12296
  39.200    -0.18906  -0.06098   0.12078
  39.300    -0.18893  -0.06286   0.11853
  39.400    -0.18879  -0.06475   0.11622
  39.500    -0.18867  -0.06665   0.11385
  39.600    -0.18855  -0.06857   0.11141
  39.700    -0.18844  -0.07050   0.10891
  39.800    -0.18833  -0.07245   0.10634
  39.900    -0.18823  -0.07440   0.10372
  40.000    -0.18813  -0.07637   0.10103
  40.100    -0.18804  -0.07836   0.09828
  40.200    -0.18796  -0.08035   0.09548
  40.300    -0.18788  -0.08236   0.09261
  40.400    -0.18781  -0.08437   0.08969
  40.500    -0.18774  -0.08640   0.08671
  40.600    -0.18768  -0.08844   0.08368
  40.700    -0.18763  -0.09048   0.08060
  40.800    -0.18758  -0.09253   0.07747
  40.900    -0.18753  -0.09459   0.07428
  41.000    -0.18749  -0.09666   0.07105
  41.100    -0.18745  -0.09873   0.06777
  41.200    -0.18741  -0.10081   0.06445
  41.300    -0.18738  -0.10289   0.06109
  41.400    -0.18735  -0.10497   0.05768
  41.500    -0.18732  -0.10705   0.05424
  41.600    -0.18729  -0.10914   0.05076
  41.700    -0.18727  -0.11122   0.04725
  41.800    -0.18724  -0.11330   0.04370
  41.900    -0.18721  -0.11538   0.04013
  42.000    -0.18719  -0.11745   0.03653
  42.100    -0.18716  -0.11952   0.03290
  42.200    -0.18713  -0.12158   0.02925
  42.300    -0.18710  -0.12363   0.02558
  42.400    -0.18706  -0.12567   0.02189
  42.500    -0.18702  -0.12770   0.01819
  42.600    -0.18698  -0.12972   0.01447
  42.700    -0.18693  -0.13173   0.01075
  42.800    -0.18688  -0.13372   0.00701
  42.900    -0.18682  -0.13569   0.00327
  43.000    -0.18676  -0.13765  -0.00047
  43.100    -0.18668  -0.13959  -0.00422
  43.200    -0.18660  -0.14151  -0.00796
  43.300    -0.18651  -0.14341  -0.01170
  43.400    -0.18642  -0.14528  -0.01543
  43.500    -0.18631  -0.14713  -0.01915
  43.600    -0.18619  -0.14896  -0.02286
  43.700    -0.18606  -0.15076  -0.02656
  43.800    -0.18592  -0.15253  -0.03024
  43.900    -0.18577  -0.15428  -0.03390
  44.000    -0.18561  -0.15599  -0.03754
  44.100    -0.18543  -0.15768  -0.04116
  44.200    -0.18524  -0.15933  -0.04475
  44.300    -0.18504  -0.16095  -0.04832
  44.400    -0.18482  -0.16253  -0.05185
  44.500    -0.18459  -0.16408  -0.05536
  44.600    -0.18434  -0.16559  -0.05882
  44.700    -0.18408  -0.16707  -0.06226
  44.800    -0.18380  -0.16850  -0.06565
  44.900    -0.18350  -0.16990  -0.06900
  45.000    -0.18319  -0.17126  -0.07232
  45.100    -0.18286  -0.17258  -0.07559
  45.200    -0.18251  -0.17385  -0.07881
  45.300    -0.18215  -0.17509  -0.08198
  45.400    -0.18176  -0.17628  -0.08511
  45.500    -0.18136  -0.17742  -0.08819
  45.600    -0.18094  -0.17852  -0.09121
  45.700    -0.18049  -0.17958  -0.09418
  45.800    -0.18003  -0.18059  -0.09710
  45.900    -0.17956  -0.18156  -0.09996
  46.000    -0.17906  -0.18248  -0.10276
  46.100    -0.17854  -0.18335  -0.10551
  46.200    -0.17800  -0.18418  -0.10819
  46.300    -0.17744  -0.18495  -0.11082
  46.400    -0.17686  -0.18568  -0.11338
  46.500    -0.17626  -0.18636  -0.11588
  46.600    -0.17564  -0.18700  -0.11831
  46.700    -0.17500  -0.18758  -0.12068
  46.800    -0.17434  -0.18812  -0.12299
  46.900    -0.17366  -0.18861  -0.12523
  47.000    -0.17296  -0.18904  -0.12740
  47.100    -0.17224  -0.18943  -0.12951
  47.200    -0.17150  -0.18977  -0.13155
  47.300    -0.17074  -0.19007  -0.13352
  47.400    -0.16996  -0.19031  -0.13542
  47.500    -0.16915  -0.19050  -0.13726
  47.600    -0.16833  -0.19065  -0.13902
  47.700    -0.16749  -0.19075  -0.14072
  47.800    -0.16664  -0.19080  -0.14235
  47.900    -0.16576  -0.19080  -0.14390
  48.000    -0.16486  -0.19076  -0.14539
  48.100    -0.16395  -0.19067  -0.14681
  48.200    -0.16301  -0.19053  -0.14816
  48.300    -0.16206  -0.19035  -0.14945
  48.400    -0.16109  -0.19012  -0.15066
  48.500    -0.16011  -0.18985  -0.15181
  48.600    -0.15910  -0.18953  -0.15288
  48.700    -0.15808  -0.18916  -0.15389
  48.800    -0.15704  -0.18876  -0.15484
  48.900    -0.15599  -0.18831  -0.15571
  49.000    -0.15492  -0.18782  -0.15652
  49.100    -0.15384  -0.18729  -0.15727
  49.200    -0.15274  -0.18671  -0.15795
  49.300    -0.15163  -0.18610  -0.15856
  49.400    -0.15050  -0.18544  -0.15911
  49.500    -0.14936  -0.18475  -0.15960
  49.600    -0.14820  -0.18402  -0.16002
  49.700    -0.14703  -0.18325  -0.16039
  49.800    -0.14585  -0.18245  -0.16069
  49.900    -0.14466  -0.18161  -0.16094
  50.000    -0.14346  -0.18073  -0.16112
  50.100    -0.14224  -0.17982  -0.16125
  50.200    -0.14102  -0.17888  -0.16132
  50.300    -0.13978  -0.17790  -0.16133
  50.400    -0.13853  -0.17690  -0.16129
  50.500    -0.13728  -0.17586  -0.16119
  50.600    -0.13602  -0.17479  -0.16104
  50.700    -0.13474  -0.17369  -0.16084
  50.800    -0.13346  -0.17257  -0.16059
  50.900    -0.13218  -0.17141  -0.16028
  51.000    -0.13088  -0.17024  -0.15993
  51.100    -0.12958  -0.16903  -0.15953
  51.200    -0.12828  -0.16780  -0.15908
  51.300    -0.12696  -0.16655  -0.15859
  51.400    -0.12565  -0.16527  -0.15806
  51.500    -0.12433  -0.16397  -0.15747
  51.600    -0.12300  -0.16265  -0.15685
  51.700    -0.12167  -0.16131  -0.15619
  51.800    -0.12034  -0.15995  -0.15548
  51.900    -0.11900  -0.15858  -0.15474
  52.000    -0.11767  -0.15718  -0.15396
  52.100    -0.11633  -0.15577  -0.15314
  52.200    -0.11499  -0.15434  -0.15229
  52.300    -0.11364  -0.15290  -0.15140
  52.400    -0.11230  -0.15144  -0.15049
  52.500    -0.11096  -0.14997  -0.14953
  52.600    -0.10962  -0.14849  -0.14855
  52.700    -0.10828  -0.14699  -0.14754
  52.800    -0.10694  -0.14549  -0.14650
  52.900    -0.10560  -0.14397  -0.14543
  53.000    -0.10427  -0.14245  -0.14434
  53.100    -0.10293  -0.14091  -0.14322
  53.200    -0.10160  -0.13937  -0.14207
  53.300    -0.10028  -0.13783  -0.14091
  53.400    -0.09895  -0.13627  -0.13972
  53.500    -0.09763  -0.13471  -0.13851
  53.600    -0.09632  -0.13315  -0.13728
  53.700    -0.09501  -0.13158  -0.13603
  53.800    -0.09370  -0.13001  -0.13477
  53.900    -0.09240  -0.12844  -0.13348
  54.000    -0.09111  -0.12686  -0.13219
  54.100    -0.08982  -0.12529  -0.13087
  54.200    -0.08853  -0.12371  -0.12955
  54.300    -0.08726  -0.12214  -0.12821
  54.400    -0.08599  -0.12056  -0.12686
  54.500    -0.08473  -0.11899  -0.12550
  54.600    -0.08347  -0.11741  -0.12412
  54.700    -0.08222  -0.11584  -0.12274
  54.800    -0.08099  -0.11428  -0.12135
  54.900    -0.07975  -0.11271  -0.11996
  55.000    -0.07853  -0.11115  -0.11855
  55.100    -0.07732  -0.10960  -0.11714
  55.200    -0.07611  -0.10805  -0.11573
  55.300    -0.07492  -0.10651  -0.11431
  55.400    -0.07373  -0.10497  -0.11289
  55.500    -0.07255  -0.10344  -0.11147
  55.600    -0.07139  -0.10192  -0.11004
  55.700    -0.07023  -0.10040  -0.10861
  55.800    -0.06908  -0.09890  -0.10719
  55.900    -0.06794  -0.09740  -0.10576
  56.000    -0.06681  -0.09591  -0.10433
  56.100    -0.06570  -0.09443  -0.10291
  56.200    -0.06459  -0.09296  -0.10148
  56.300    -0.06350  -0.09150  -0.10006
  56.400    -0.06241  -0.09004  -0.09865
  56.500    -0.06134  -0.08860  -0.09723
  56.600    -0.06028  -0.08717  -0.09582
  56.700    -0.05922  -0.08575  -0.09442
  56.800    -0.05818  -0.08435  -0.09302
  56.900    -0.05715  -0.08295  -0.09163
  57.000    -0.05614  -0.08157  -0.09024
  57.100    -0.05513  -0.08020  -0.08886
  57.200    -0.05414  -0.07884  -0.08749
  57.300    -0.05315  -0.07749  -0.08613
  57.400    -0.05218  -0.07616  -0.08477
  57.500    -0.05122  -0.07484  -0.08342
  57.600    -0.05028  -0.07353  -0.08208
  57.700    -0.04934  -0.07224  -0.08076
  57.800    -0.04841  -0.07096  -0.07944
  57.900    -0.04750  -0.06969  -0.07813
  58.000    -0.04660  -0.06844  -0.07683
  58.100    -0.04571  -0.06720  -0.07554
  58.200    -0.04484  -0.06597  -0.07426
  58.300    -0.04397  -0.06476  -0.07299
  58.400    -0.04312  -0.06357  -0.07173
  58.500    -0.04228  -0.06238  -0.07049
  58.600    -0.04145  -0.06122  -0.06926
  58.700    -0.04063  -0.06006  -0.06804
  58.800    -0.03982  -0.05892  -0.06683
  58.900    -0.03903  -0.05780  -0.06563
  59.000    -0.03824  -0.05669  -0.06445
  59.100    -0.03747  -0.05559  -0.06328
  59.200    -0.03671  -0.05451  -0.06212
  59.300    -0.03596  -0.05345  -0.06097
  59.400    -0.03523  -0.05239  -0.05984
  59.500    -0.03450  -0.05136  -0.05872
  59.600    -0.03379  -0.05034  -0.05762
  59.700    -0.03308  -0.04933  -0.05653
  59.800    -0.03239  -0.04833  -0.05545
  59.900    -0.03171  -0.04736  -0.05438
  60.000    -0.03104  -0.04639  -0.05333
  60.100    -0.03038  -0.04544  -0.05229
  60.200    -0.02973  -0.04451  -0.05127
  60.300    -0.02910  -0.04358  -0.05026
  60.400    -0.02847  -0.04268  -0.04926
  60.500    -0.02785  -0.04179  -0.04828
  60.600    -0.02725  -0.04091  -0.04731
  60.700    -0.02665  -0.04004  -0.04635
  60.800    -0.02607  -0.03919  -0.04541
  60.900    -0.02549  -0.03835  -0.04448
  61.000    -0.02493  -0.03753  -0.04357
  61.100    -0.02438  -0.03672  -0.04267
  61.200    -0.02383  -0.03593  -0.04178
  61.300    -0.02330  -0.03514  -0.04091
  61.400    -0.02277  -0.03438  -0.04005
  61.500    -0.02226  -0.03362  -0.03920
  61.600    -0.02175  -0.03288  -0.03837
  61.700    -0.02125  -0.03215  -0.03755
  61.800    -0.02077  -0.03143  -0.03675
  61.900    -0.02029  -0.03073  -0.03595
  62.000    -0.01982  -0.03004  -0.03517
  62.100    -0.01936  -0.02936  -0.03441
  62.200    -0.01891  -0.02869  -0.03365
  62.300    -0.01847  -0.02804  -0.03291
  62.400    -0.01803  -0.02739  -0.03218
  62.500    -0.01761  -0.02676  -0.03147
  62.600    -0.01719  -0.02615  -0.03076
  62.700    -0.01678  -0.02554  -0.03007
  62.800    -0.01638  -0.02495  -0.02940
  62.900    -0.01599  -0.02436  -0.02873
  63.000    -0.01561  -0.02379  -0.02808
  63.100    -0.01523  -0.02323  -0.02743
  63.200    -0.01486  -0.02268  -0.02680
  63.300    -0.01450  -0.02214  -0.02619
  63.400    -0.01415  -0.02161  -0.02558
  63.500    -0.01380  -0.02109  -0.02498
  63.600    -0.01346  -0.02059  -0.02440
  63.700    -0.01313  -0.02009  -0.02383
  63.800    -0.01281  -0.01960  -0.02326
  63.900    -0.01249  -0.01913  -0.02271
  64.000    -0.01218  -0.01866  -0.02217
  64.100    -0.01187  -0.01820  -0.02164
  64.200    -0.01158  -0.01775  -0.02113
  64.300    -0.01128  -0.01732  -0.02062
  64.400    -0.01100  -0.01689  -0.02012
  64.500    -0.01072  -0.01647  -0.01963
  64.600    -0.01045  -0.01606  -0.01915
  64.700    -0.01018  -0.01565  -0.01869
  64.800    -0.00992  -0.01526  -0.01823
  64.900    -0.00967  -0.01487  -0.01778
  65.000    -0.00942  -0.01450  -0.01734
  65.100    -0.00917  -0.01413  -0.01691
  65.200    -0.00894  -0.01377  -0.01649
  65.300    -0.00870  -0.01342  -0.01607
  65.400    -0.00848  -0.01307  -0.01567
  65.500    -0.00826  -0.01274  -0.01528
  65.600    -0.00804  -0.01241  -0.01489
  65.700    -0.00783  -0.01209  -0.01451
  65.800    -0.00762  -0.01177  -0.01414
  65.900    -0.00742  -0.01147  -0.01378
  66.000    -0.00722  -0.01117  -0.01343
  66.100    -0.00703  -0.01087  -0.01308
  66.200    -0.00684  -0.01059  -0.01275
  66.300    -0.00666  -0.01031  -0.01242
  66.400    -0.00648  -0.01003  -0.01209
  66.500    -0.00630  -0.00977  -0.01178
  66.600    -0.00613  -0.00951  -0.01147
  66.700    -0.00597  -0.00925  -0.01117
  66.800    -0.00581  -0.00900  -0.01087
  66.900    -0.00565  -0.00876  -0.01059
  67.000    -0.00549  -0.00853  -0.01031
  67.100    -0.00534  -0.00830  -0.01003
  67.200    -0.00520  -0.00807  -0.00977
  67.300    -0.00505  -0.00785  -0.00950
  67.400    -0.00491  -0.00764  -0.00925
  67.500    -0.00478  -0.00743  -0.00900
  67.600    -0.00464  -0.00722  -0.00876
  67.700    -0.00451  -0.00702  -0.00852
  67.800    -0.00439  -0.00683  -0.00829
  67.900    -0.00427  -0.00664  -0.00806
  68.000    -0.00415  -0.00646  -0.00784
  68.100    -0.00403  -0.00628  -0.00763
  68.200    -0.00392  -0.00610  -0.00742
  68.300    -0.00380  -0.00593  -0.00721
  68.400    -0.00370  -0.00577  -0.00702
  68.500    -0.00359  -0.00560  -0.00682
  68.600    -0.00349  -0.00545  -0.00663
  68.700    -0.00339  -0.00529  -0.00645
  68.800    -0.00329  -0.00514  -0.00627
  68.900    -0.00320  -0.00500  -0.00609
  69.000    -0.00311  -0.00485  -0.00592
  69.100    -0.00302  -0.00471  -0.00575
  69.200    -0.00293  -0.00458  -0.00559
  69.300    -0.00284  -0.00445  -0.00543
  69.400    -0.00276  -0.00432  -0.00528
  69.500    -0.00268  -0.00420  -0.00513
  69.600    -0.00260  -0.00407  -0.00498
  69.700    -0.00253  -0.00396  -0.00484
  69.800    -0.00245  -0.00384  -0.00470
  69.900    -0.00238  -0.00373  -0.00457
  70.000    -0.00231  -0.00362  -0.00443
