#Calculating B(E2; gs->set  2)
   0.1189    0.023253    0.004141    0.178084
   0.3509    0.069723    0.019931    0.285856
   0.6906    0.102630    0.039434    0.384231
   1.1194    0.072121    0.034842    0.483104
   1.6569    0.018954    0.012090    0.637892
   2.3951    0.000949    0.000830    0.875335
   3.4075    0.000058    0.000069    1.183761
   4.7627    0.000452    0.000713    1.575693
   6.5589    0.000387    0.000812    2.096886
   8.9564    0.000326    0.000919    2.817891
  12.1947    0.000182    0.000667    3.658602
 &
