#Calculating B(E2; gs->set  2)
 # inc. channel=           1
   2.0000000000000000E-002   2.9945600821771759E-003   4.4864736148996563E-008   1.5372911548505254E-008   8.9729472297993134E-010   3.0745823097010508E-010   2.9945600821771759E-003
   2.4524041913537121E-002   3.9224455540020431E-003   5.9239353411228357E-008   1.6642560015611162E-008   1.4527883859878024E-009   4.0814283937140512E-010   3.9224455540020431E-003
   2.9508959704400574E-002   4.9809027409183229E-003   7.5890367122292150E-008   1.7823162385461191E-008   2.2394457853638853E-009   5.2594298063756226E-010   4.9809027409183229E-003
   3.4954753372590353E-002   6.1630146924264422E-003   9.4806444878814475E-008   1.8917380799970813E-008   3.3139358988710417E-009   6.6125238031835578E-010   6.1630146924264422E-003
   4.0861422918106460E-002   7.4600066686610830E-003   1.1595447228127001E-007   1.9929932349197858E-008   4.7380647311308265E-009   8.1436539444982471E-010   7.4600066686610830E-003
   4.7228968340948911E-002   8.8620522724328459E-003   1.3929010094677223E-007   2.0867417541069560E-008   6.5785277678226838E-009   9.8554660240453621E-010   8.8620522724328459E-003
   5.4057389641117726E-002   1.0359066870777190E-002   1.6476861915679234E-007   2.1738102066119569E-008   8.9069614463876577E-009   1.1751050534466118E-009   1.0359066870777190E-002
   6.1346686818612842E-002   1.1941440108387262E-002   1.9235556936409963E-007   2.2551666527755080E-008   1.1800376871595380E-008   1.3834700237159849E-009   1.1941440108387262E-002
   6.9096859873434294E-002   1.3600677808934951E-002   2.2203676163661932E-007   2.3318954563490985E-008   1.5342043005556615E-008   1.6112665358685177E-009   1.3600677808934951E-002
   7.7307908805582082E-002   1.5329908808336005E-002   2.5382702094879409E-007   2.4051697292341880E-008   1.9622836187901945E-008   1.8593864208958315E-009   1.5329908808336005E-002
   8.5979833615056206E-002   1.7124250840833473E-002   2.8777754227946839E-007   2.4762251253953124E-008   2.4743065203338494E-008   2.1290542427491067E-009   1.7124250840833473E-002
   9.5112634301856694E-002   1.8981027321510545E-002   3.2398163149554636E-007   2.5463352079957833E-008   3.0814746436954797E-008   2.4218864944804516E-009   1.8981027321510545E-002
  0.10470631086598346        2.0899823351090835E-002   3.6257848049736356E-007   2.6167870820453647E-008   3.7964255092272871E-008   2.7399412168273173E-009   2.0899823351090835E-002
  0.11476086330743662        2.2882395750774807E-002   4.0375500696157663E-007   2.6888589127480806E-008   4.6335273163610616E-008   3.0857577013886514E-009   2.2882395750774807E-002
  0.12527629162621609        2.4932453777017995E-002   4.4774579119665437E-007   2.7637996930542684E-008   5.6091932312362929E-008   3.4623857634351303E-009   2.4932453777017995E-002
  0.13625259582232185        2.7055328497863025E-002   4.9483114441616413E-007   2.8428110770038791E-008   6.7422027920432586E-008   3.8734038867422898E-009   2.7055328497863025E-002
  0.14768977589575402        2.9257553234383098E-002   5.4533341104911495E-007   2.9270312436400675E-008   8.0540169266310900E-008   4.3229258841307174E-009   2.9257553234383098E-002
  0.15958783184651246        3.1546323231960445E-002   5.9961058161711665E-007   3.0175153531142164E-008   9.5690552672501950E-008   4.8155873276706125E-009   3.1546323231960445E-002
  0.17194676367459724        3.3928992673070403E-002   6.5804982287194650E-007   3.1152262400827681E-008   1.1314953737947316E-007   5.3565307009641590E-009   3.3928992673070403E-002
  0.18476657138000846        3.6412418144457462E-002   7.2105705779573128E-007   3.2210138151561325E-008   1.3322724033827386E-007   5.9513567899403896E-009   3.6412418144457462E-002
  0.19804725496274586        3.9002399984058939E-002   7.8904702716549055E-007   3.3356057425007211E-008   1.5626859776664058E-007   6.6060756094023956E-009   3.9002399984058939E-002
  0.21178881442280967        4.1703048030360589E-002   8.6243027247354352E-007   3.4595906720213352E-008   1.8265308492951249E-007   7.3270260681560992E-009   4.1703048030360589E-002
  0.22599124976019980        4.4516202731677966E-002   9.4159929985232427E-007   3.5934046714065263E-008   2.1279320254695587E-007   8.1207801258530104E-009   4.4516202731677966E-002
  0.24065456097491633        4.7440916364006436E-002   1.0269138984309145E-006   3.7373191926114926E-008   2.4713151338593156E-007   8.9940290952104757E-009   4.7440916364006436E-002
  0.25577874806695905        5.0472983805493685E-002   1.1186852739554034E-006   3.8914283604145159E-008   2.8613591885325621E-007   9.9534467421908401E-009   5.0472983805493685E-002
  0.27136381103632828        5.3604590523262149E-002   1.2171603995771992E-006   4.0556398950743513E-008   3.3029328467176889E-007   1.1005538981183505E-008   5.3604590523262149E-002
  0.28740974988302370        5.6824019059102719E-002   1.3225053568906431E-006   4.2296641692306497E-008   3.8010093384289870E-007   1.2156467209677682E-008   5.6824019059102719E-002
  0.30391656460704558        6.0115627785441689E-002   1.4347927205939180E-006   4.4130169262479817E-008   4.3605727456610019E-007   1.3411889437780304E-008   6.0115627785441689E-002
  0.32088425520839370        6.3459823356571604E-002   1.5539870626470179E-006   4.6050141126912608E-008   4.9864998120096780E-007   1.4776765237750771E-008   6.3459823356571604E-002
  0.33831282168706817        6.6833305474952892E-002   1.6799354000954059E-006   4.8047799164077396E-008   5.6834368545827055E-007   1.6255186511052579E-008   6.6833305474952892E-002
  0.35620226404306904        7.0209479385822698E-002   1.8123610114666596E-006   5.0112602260288241E-008   6.4556709554781080E-007   1.7850222382204489E-008   7.0209479385822698E-002
  0.37455258227639615        7.3558986585437247E-002   1.9508601308277865E-006   5.2232388164916195E-008   7.3069969966161544E-007   1.9563775865632434E-008   7.3558986585437247E-002
  0.39336377638704961        7.6850388415654045E-002   2.0949031794221958E-006   5.4393599437202579E-008   8.2405902582275189E-007   2.1396471685902501E-008   7.6850388415654045E-002
  0.41263584637502954        8.0051052047153654E-002   2.2438429445418296E-006   5.6581621838140648E-008   9.2589003255365625E-007   2.3347605416453021E-008   8.0051052047153654E-002
  0.43236879224033570        8.3128031665609878E-002   2.3969251981736909E-006   5.8781104923120873E-008   1.0363556530247860E-006   2.5415115342162221E-008   8.3128031665609878E-002
  0.45256261398296821        8.6049002426899043E-002   2.5533039456493359E-006   6.0976324304987620E-008   1.1555299079360899E-006   2.7595604718538394E-008   8.6049002426899043E-002
  0.47321731160292685        8.8783243394667144E-002   2.7120620717360047E-006   6.3151600508357650E-008   1.2833947224871763E-006   2.9884430615987039E-008   8.8783243394667144E-002
  0.49433288510021217        9.1302543635459921E-002   2.8722343976585181E-006   6.5291702428003913E-008   1.4198399164786053E-006   3.2275835634339700E-008   9.1302543635459921E-002
  0.51590933447482357        9.3581968634604759E-002   3.0328313674740699E-006   6.7382204649808326E-008   1.5646660123679166E-006   3.4763108356328973E-008   9.3581968634604759E-002
  0.53794665972676159        9.5600473900933389E-002   3.1928627355386206E-006   6.9409798420508851E-008   1.7175898435490516E-006   3.7338769212620586E-008   9.5600473900933389E-002
  0.56044486085602574        9.7341425474205504E-002   3.3513629416017571E-006   7.1362604864098022E-008   1.8782541374840379E-006   3.9994805153382959E-008   9.7341425474205504E-002
  0.58340393786261613        9.8792751296162939E-002   3.5074083407851562E-006   7.3230290290490354E-008   2.0462358377062449E-006   4.2722839726294578E-008   9.8792751296162939E-002
  0.60682389074653287        9.9947043339107644E-002   3.6601357577861896E-006   7.5004208668806284E-008   2.2210578212003250E-006   4.5514345726769860E-008   9.9947043339107644E-002
  0.63070471950777607       0.10080125539004972        3.8087488937340454E-006   7.6677299410492990E-008   2.4021959026980837E-006   4.8360734617308745E-008  0.10080125539004972     
  0.65504642414634562       0.10135635880348119        3.9525236126666094E-006   7.8243990127367616E-008   2.5890864588312579E-006   5.1253445943874127E-008  0.10135635880348119     
  0.67984900466224163       0.10161673177261027        4.0908026362003264E-006   7.9699918759776006E-008   2.7811281004904662E-006   5.4183910440495238E-008  0.10161673177261027     
  0.70511246105546388       0.10158936753083485        4.2229806277249486E-006   8.1041512153187466E-008   2.9776762634046864E-006   5.7143380081990301E-008  0.10158936753083485     
  0.73083679332601215       0.10128311846695748        4.3484868163011181E-006   8.2265567470891219E-008   3.1780341606459487E-006   6.0122703531570835E-008  0.10128311846695748     
  0.75702200147388687       0.10070780811298206        4.4667573716428571E-006   8.3368685771923312E-008   3.3814336055793140E-006   6.3111929363308945E-008  0.10070780811298206     
  0.78366808549908840        9.9873406052140845E-002   4.5772043822366170E-006   8.4346692086567907E-008   3.5870089951654072E-006   6.6099810705661787E-008   9.9873406052140845E-002
  0.81077504540161582        9.8789325405658351E-002   4.6791839802260137E-006   8.5194082642323012E-008   3.7937656040102599E-006   6.9073236222278447E-008   9.8789325405658351E-002
  0.83834288118146971        9.7463758075769305E-002   4.7719598567788979E-006   8.5903422651040502E-008   4.0005385752143348E-006   7.2016522848622817E-008   9.7463758075769305E-002
  0.86637159283864973        9.5903372467795428E-002   4.8546781390117016E-006   8.6464976463718582E-008   4.2059552320145396E-006   7.4910799383628223E-008   9.5903372467795428E-002
  0.89486118037315632        9.4113124012124183E-002   4.9263439948987789E-006   8.6866377368201076E-008   4.4083940021993315E-006   7.7733348986448446E-008   9.4113124012124183E-002
  0.92381164378498914        9.2096398963979531E-002   4.9858128042175749E-006   8.7092554921318949E-008   4.6059519222684844E-006   8.0457116323298104E-008   9.2096398963979531E-002
  0.95322298307414832        8.9855391588262876E-002   5.0317942524997458E-006   8.7125872480343922E-008   4.7964219275831618E-006   8.3050384068651275E-008   8.9855391588262876E-002
  0.98309519824063385        8.7391836512422355E-002   5.0628796437071923E-006   8.6946639567573635E-008   4.9772926669987917E-006   8.5476823862040741E-008   8.7391836512422355E-002
   1.0134282892844457        8.4707829162131154E-002   5.0775818763283881E-006   8.6533801317326658E-008   5.1457651146291848E-006   8.7695802234298475E-008   8.4707829162131154E-002
   1.0442222562055838        8.1806916845140451E-002   5.0744017778000591E-006   8.5866033889004578E-008   5.2988032733080035E-006   8.9663223639001485E-008   8.1806916845140451E-002
   1.0754770990040483        7.8695242673081478E-002   5.0519122556960628E-006   8.4923091035621201E-008   5.4332159371789997E-006   9.1332839585446594E-008   7.8695242673081478E-002
   1.1071928176798393        7.5382569100131899E-002   5.0088515195075011E-006   8.3687256032732466E-008   5.5457644272234551E-006   9.2657928810775198E-008   7.5382569100131899E-002
   1.1393694122329567        7.1883223784148118E-002   4.9442285448394344E-006   8.2144960308561198E-008   5.6333027710791136E-006   9.3593455144664935E-008   7.1883223784148118E-002
   1.1720068826633998        6.8216719064577269E-002   4.8574239273783624E-006   8.0288297173082027E-008   5.6929342749013233E-006   9.4098436884176526E-008   6.8216719064577269E-002
   1.2051052289711697        6.4407977895383176E-002   4.7482776411021797E-006   7.8116308038357333E-008   5.7221742138991276E-006   9.4138371284947033E-008   6.4407977895383176E-002
   1.2386644511562659        6.0487164721720429E-002   4.6171581445097769E-006   7.5635968528429597E-008   5.7191096589708854E-006   9.3687585444939844E-008   6.0487164721720429E-002
   1.2726845492186889        5.6489058113267251E-002   4.4650014314833155E-006   7.2862705225613033E-008   5.6825383340881437E-006   9.2731239154913530E-008   5.6489058113267251E-002
   1.3071655231584378        5.2451946091618629E-002   4.2933097703382581E-006   6.9820293038959787E-008   5.6120665120254420E-006   9.1266679877347310E-008   5.2451946091618629E-002
   1.3421073729755124        4.8416312690433845E-002   4.1041224715052595E-006   6.6540347611249402E-008   5.5081730286016907E-006   8.9304291129411348E-008   4.8416312690433845E-002
   1.3775100986699140        4.4423205735948067E-002   3.8999427557774770E-006   6.3061158801708044E-008   5.3722105303180489E-006   8.6867383083179965E-008   4.4423205735948067E-002
   1.4133737002416424        4.0512651445972082E-002   3.6836444413427107E-006   5.9426251564756745E-008   5.2063661744351049E-006   8.3991501065570930E-008   4.0512651445972082E-002
   1.4496981776906963        3.6722060873175949E-002   3.4583507942028765E-006   5.5682543280235517E-008   5.0135648441710826E-006   8.0722881522540759E-008   3.6722060873175949E-002
   1.4864835310170768        3.3084871864138499E-002   3.2273053667643521E-006   5.1878408171732973E-008   4.7973362772582358E-006   7.7116399362662800E-008   3.3084871864138499E-002
   1.5237297602207833        2.9629540243964358E-002   2.9937479625203950E-006   4.8061846096166365E-008   4.5616628650926596E-006   7.3233265227879762E-008   2.9629540243964358E-002
   1.5614368653018165        2.6378781160479866E-002   2.7607903677195598E-006   4.4278655076191495E-008   4.3107998575274789E-006   6.9138324381948812E-008   2.6378781160479866E-002
   1.5996048462601766        2.3349248423739529E-002   2.5313155768595042E-006   4.0570975710307372E-008   4.0491046641583374E-006   6.4897529363711582E-008   2.3349248423739529E-002
   1.6382337030958618        2.0551532590992166E-002   2.3078962786894694E-006   3.6976127629680029E-008   3.7808734669986084E-006   6.0575538492915925E-008   2.0551532590992166E-002
   1.6773234358088747        1.7990439975896548E-002   2.0927354950517389E-006   3.3525776396052430E-008   3.5101942907993688E-006   5.6233570452786730E-008   1.7990439975896548E-002
   1.7168740443992130        1.5665543465090245E-002   1.8876356262560051E-006   3.0245526213745706E-008   3.2408326120021888E-006   5.1927758915576007E-008   1.5665543465090245E-002
   1.7568855288668774        1.3571843752160596E-002   1.6939839585654553E-006   2.7154745533171945E-008   2.9761359029362765E-006   4.7707779467292273E-008   1.3571843752160596E-002
   1.7973578892118691        1.1700579580987424E-002   1.5127639619569265E-006   2.4266776253950383E-008   2.7189782415386857E-006   4.3616081745776969E-008   1.1700579580987424E-002
   1.8382911254341863        1.0040038239520144E-002   1.3445786358594730E-006   2.1589309729786565E-008   2.4717269737488736E-006   3.9687436480516573E-008   1.0040038239520144E-002
   1.8796852375338300        8.5763619805261440E-003   1.1896873086785163E-006   1.9124956821244804E-008   2.2362376714043598E-006   3.5948899005365779E-008   8.5763619805261440E-003
   1.9215402255108007        7.2943001321865526E-003   1.0480507187296585E-006   1.6871934550142442E-008   2.0138716144145448E-006   3.2420100920284178E-008   7.2943001321865526E-003
   1.9638560893650967        6.1778629758762731E-003   9.1937826069101536E-007   1.4824776616848523E-008   1.8055265956879419E-006   2.9113727832475267E-008   6.1778629758762731E-003
   2.0066328290967195        5.2109045880344628E-003   8.0318031596916573E-007   1.2975119951016218E-008   1.6116879897080040E-006   2.6036301655176960E-008   5.2109045880344628E-003
   2.0498704447056695        4.3775674216572783E-003   6.9881441066126121E-007   1.1312390601603699E-008   1.4324790067489299E-006   2.3188935153193610E-008   4.3775674216572783E-003
   2.0935689361919443        3.6626504335009777E-003   6.0553202866982465E-007   9.8245024947488959E-009   1.2677230450924346E-006   2.0568273236546547E-008   3.6626504335009777E-003
   2.1377283035555465        3.0518653199153116E-003   5.2251858939439142E-007   8.4984509912632663E-009   1.1170027776823095E-006   1.8167379220403176E-008   3.0518653199153116E-003
   2.1823485467964745        2.5320068822629145E-003   4.4892798130576981E-007   7.3208252276843483E-009   9.7971732761892166E-007   1.5976592296987907E-008   2.5320068822629145E-003
   2.2274296659147290        2.0910536091877001E-003   3.8391200402840733E-007   6.2782459239010197E-009   8.5513698687364947E-007   1.3984351220805357E-008   2.0910536091877001E-003
   2.2729716609103106        1.7182045447789419E-003   3.2664358394815152E-007   5.3577104391034144E-009   7.4245160953232643E-007   1.2177923995445397E-008   1.7182045447789419E-003
   2.3189745317832169        1.4038675681551935E-003   2.7633437542249800E-007   4.5468545774100698E-009   6.4081237886099499E-007   1.0544039964735894E-008   1.4038675681551935E-003
   2.3654382785334511        1.1396128611187528E-003   2.3224756827245238E-007   3.8341437563579320E-009   5.4936728808796989E-007   9.0694304066890869E-009   1.1396128611187528E-003
   2.4123629011610110        9.1810081421910700E-004   1.9370626696625483E-007   3.2089984808570102E-009   4.6728981215178381E-007   7.7412688851014938E-009   9.1810081421910700E-004
   2.4597483996658966        7.3299299214458959E-004   1.6009799253203429E-007   2.6618619216142285E-009   3.9380078092039401E-007   6.5475106018221867E-009   7.3299299214458959E-004
   2.5075947740481102        5.7885606705885976E-004   1.3087649590451452E-007   2.1842279664718181E-009   3.2818521717588950E-007   5.4771586340544618E-009   5.7885606705885976E-004
   2.5559020243076489        4.5106127338568757E-004   1.0556084139966417E-007   1.7686278405942579E-009   2.6980316822102033E-007   4.5204394780217296E-009   4.5106127338568757E-004
   2.6046701504445147        3.4568586138269676E-004   8.3732760390456648E-008   1.4085907045210599E-009   2.1809622160334523E-007   3.6689141622596141E-009   3.4568586138269676E-004
   2.6538991524587052        2.5941914567563414E-004   6.5032677699708325E-008   1.0985839328504974E-009   1.7259016822937606E-007   2.9155309682966860E-009   2.5941914567563414E-004
   2.7035890303502224        1.8947533063783464E-004   4.9154869681044070E-008   8.3393987166475946E-010   1.3289456645796548E-007   2.2546306890045159E-009   1.8947533063783464E-004
   2.7537397841190678        1.3351386500761144E-004   3.5841989231448150E-008   6.1077227113199081E-010   9.8699511688605986E-008   1.6819079020529212E-009   1.3351386500761144E-004
   2.8043514137652372        8.9568246925002086E-005   2.4879317465297878E-008   4.2588783411712872E-010   6.9770349107322268E-008   1.1943391497117848E-009   8.9568246925002086E-005
   2.8554239192887345        5.5983533257612007E-005   1.6089011500673680E-008   2.7669698199617037E-010   4.5940948276735164E-008   7.9008718078686927E-010   5.5983533257612007E-005
   2.9069573006895588        3.1361957904065015E-005   9.3244275722710483E-009   1.6112483426924780E-010   2.7105712805964342E-008   4.6838301330138511E-010   3.1361957904065015E-005
   2.9589515579677079        1.4516462014271189E-005   4.4647210941139650E-009   7.7525598654682094E-011   1.3210893437319806E-008   2.2939449092165083E-010   1.4516462014271189E-005
   3.0114066911231840        4.4314534852828366E-006   1.4098022740884173E-009   2.4601584817890160E-011   4.2454880013505413E-009   7.4085377132828973E-011   4.4314534852828366E-006
   3.0643227001559858        2.3006141622526845E-007   7.5700290633242102E-011   1.3276955568631068E-012   2.3197011899584931E-010   4.0684876337918608E-012   2.3006141622526845E-007
   3.1176995850661147        1.1472174380121083E-006   3.9039471490127604E-010   6.8824237063375378E-012   1.2171334406597125E-009   2.1457329533497731E-011   1.1472174380121083E-006
   3.1715373458535692        6.5078155672048304E-006   2.2901291424648354E-009   4.0585688356664736E-011   7.2632301021548344E-009   1.2871902633033658E-010   6.5078155672048304E-006
   3.2258359825183498        1.5709230953464318E-005   5.7162048303634003E-009   1.0184358708196256E-010   1.8439539225231458E-008   3.2853070779773580E-010   1.5709230953464318E-005
   3.2805954950604574        2.8207532217160069E-005   1.0612241723117539E-008   1.9009998889793740E-010   3.4814472389352023E-008   6.2364116718961641E-010   2.8207532217160069E-005
   3.3358158834798926        4.3506772791010424E-005   1.6921882322090042E-008   3.0479470192465489E-010   5.6448283828405566E-008   1.0167390078807832E-009   4.3506772791010424E-005
   3.3914971477766533        6.1150807664809553E-005   2.4586905801193473E-008   4.4532781570999217E-010   8.3386420897400919E-008   1.5103280168060455E-009   6.1150807664809553E-005
   3.4476392879507394        8.0717096775182777E-005   3.3545693815649860E-008   6.1102934727827180E-010   1.1565345194040060E-007   2.1066087837674660E-009   8.0717096775182777E-005
   3.5042423040021511        1.0181223015958958E-004   4.3732070752117029E-008   8.0113478596017018E-010   1.5324777237118367E-007   2.8073704081693368E-009   1.0181223015958958E-004
   3.5613061959308911        1.2406855553433969E-004   5.5074372731400523E-008   1.0147640691041300E-009   1.9613670484534401E-007   3.6138855667085811E-009   1.2406855553433969E-004
   3.6188309637369560        1.4714203773275562E-004   6.7494887546068109E-008   1.2509067515260940E-009   2.4425258894565511E-007   4.5268200851702401E-009   1.4714203773275562E-004
   3.6768166074203488        1.7071058423791588E-004   8.0909410671833438E-008   1.5084088674495655E-009   2.9748906485479038E-007   5.5461427746186822E-009   1.7071058423791588E-004
   3.7352631269810663        1.9447336609971521E-004   9.5227214461094937E-008   1.7859671278830207E-009   3.5569870286164611E-007   6.6710571587817256E-009   1.9447336609971521E-004
   3.7941705224191113        2.1815019969521725E-004   1.1035106076115660E-007   2.0821237896491832E-009   4.1869074185766066E-007   7.8999327067145010E-009   2.1815019969521725E-004
   3.8535387937344829        2.4148178704201366E-004   1.2617768040305495E-007   2.3952702699487370E-009   4.8623058633660347E-007   9.2302669067263247E-009   2.4148178704201366E-004
   3.9133679409271798        2.6422997897566686E-004   1.4259837170462533E-007   2.7236532462035549E-009   5.5803989625729831E-007   1.0658657295895235E-008   2.6422997897566686E-004
   3.9736579639972041        2.8617818099920087E-004   1.5949979663465351E-007   3.0653848700243398E-009   6.3379763715322538E-007   1.2180791001488753E-008   2.8617818099920087E-004
   4.0344088629445531        3.0713260980833349E-004   1.7676541005628517E-007   3.4184657044436580E-009   7.1314393699310508E-007   1.3791488335679489E-008   3.0713260980833349E-004
   4.0956206377692288        3.2692270148417451E-004   1.9427663577690734E-007   3.7808037055451636E-009   7.9568339892427746E-007   1.5484737683785146E-008   3.2692270148417451E-004
   4.1572932884712319        3.4540271090722862E-004   2.1191494858238957E-007   4.1502517810834654E-009   8.8099259346829438E-007   1.7253813874964067E-008   3.4540271090722862E-004
   4.2194268150505607        3.6245224919648759E-004   2.2956361413845397E-007   4.5246401598752985E-009   9.6862686925571277E-007   1.9091388019032489E-008   3.6245224919648759E-004
   4.2820212175072161        3.7797719452400139E-004   2.4710990211724477E-007   4.9018195116865559E-009   1.0581298439221735E-006   2.0989695153432693E-008   3.7797719452400139E-004
   4.3450764958411980        3.9191061172596094E-004   2.6444759862043383E-007   5.2797118270313524E-009   1.1490450451472943E-006   2.2940751764448717E-008   3.9191061172596094E-004
   4.4085926500525057        4.0421279026700910E-004   2.8147922195798096E-007   5.6563574248335792E-009   1.2409272290664527E-006   2.4936575769191235E-008   4.0421279026700910E-004
   4.4725696801411408        4.1487116430939951E-004   2.9811837761232611E-007   6.0299667094151312E-009   1.3333552168017573E-006   2.6969446276790559E-008   4.1487116430939951E-004
   4.5370075861071006        4.2389993150986625E-004   3.1429211123790442E-007   6.3989740007847222E-009   1.4259456929399890E-006   2.9032193584862390E-008   4.2389993150986625E-004
   4.6019063679503880        4.3133858700546265E-004   3.2994262340951543E-007   6.7620804671326968E-009   1.5183650597265058E-006   3.1118461162290890E-008   4.3133858700546265E-004
   4.6672660256710010        4.3725063382285751E-004   3.4502916676136288E-007   7.1183025511822637E-009   1.6103429078908832E-006   3.3223011657580191E-008   4.3725063382285751E-004
   4.7330865592689397        4.4172102215722512E-004   3.5952897161039313E-007   7.4670021493273928E-009   1.7016817431969359E-006   3.5341967511013765E-008   4.4172102215722512E-004
   4.7993679687442059        4.4485361648054380E-004   3.7343805871135514E-007   7.8079156020923971E-009   1.7922666572892961E-006   3.7473060043340380E-008   4.4485361648054380E-004
   4.8661102540967986        4.4676781101268300E-004   3.8677115867560225E-007   8.1411649784804741E-009   1.8820711012202481E-006   3.9615806382077577E-008   4.4676781101268300E-004
   4.9333134153267180        4.4759546312616612E-004   3.9956159563337204E-007   8.4672689557098387E-009   1.9711625799874636E-006   4.1771691530382798E-008   4.4759546312616612E-004
   5.0009774524339621        4.4747670144589847E-004   4.1185982753551206E-007   8.7871253507943719E-009   2.0597017110684359E-006   4.3944215751033521E-008   4.4747670144589847E-004
   5.0691023654185337        4.4655634189416687E-004   4.2373202469993835E-007   9.1019936050845393E-009   2.1479410087100422E-006   4.6138937313558405E-008   4.4655634189416687E-004
   5.1376881542804309        4.4498030735834216E-004   4.3525816022731838E-007   9.4134658260521833E-009   2.2362206938537875E-006   4.8363451865231956E-008   4.4498030735834216E-004
   5.2067348190196538        4.4289180122273350E-004   4.4652930773186001E-007   9.7234191994303092E-009   2.3249596942802174E-006   5.0627265305597995E-008   4.4289180122273350E-004
   5.2762423596362060        4.4042811610690445E-004   4.5764495208646563E-007   1.0033966544006880E-008   2.4146456818722920E-006   5.2941639314661609E-008   4.4042811610690445E-004
   5.3462107761300812        4.3771772285360164E-004   4.6871000930315817E-007   1.0347398229304295E-008   2.5058225026165747E-006   5.5319371918415944E-008   4.3771772285360164E-004
   5.4166400685012857        4.3487774121533143E-004   4.7983167396686308E-007   1.0666117694790455E-008   2.5990754713449557E-006   5.7774520480952546E-008   4.3487774121533143E-004
   5.4875302367498149        4.3201199911857731E-004   4.9111636301335158E-007   1.0992576310741223E-008   2.6950158917983652E-006   6.0322094884972188E-008   4.3201199911857731E-004
   5.5588812808756707        4.2920962493238053E-004   5.0266678033371484E-007   1.1329208143332212E-008   2.7942649557151301E-006   6.2977723075113649E-008   4.2920962493238053E-004
   5.6306932008788522        4.2654387113861257E-004   5.1457882624664876E-007   1.1678358403945076E-008   2.8974354982632255E-006   6.5757253262519944E-008   4.2654387113861257E-004
   5.7029659967593593        4.2407181098012055E-004   5.2693917202466189E-007   1.2042224069852051E-008   3.0051161804171774E-006   6.8676394395723349E-008   4.2407181098012055E-004
   5.7756996685171940        4.2183408101730734E-004   5.3982263506921048E-007   1.2422787438489213E-008   3.1178534144273171E-006   7.1750289290541704E-008   4.2183408101730734E-004
   5.8488942161523552        4.1985565139736201E-004   5.5329064404160891E-007   1.2821772200809637E-008   3.2361384477861779E-006   7.4993189266138545E-008   4.1985565139736201E-004
   5.9225496396648438        4.1814625389858330E-004   5.6738919981827486E-007   1.3240585998682882E-008   3.3603907009334479E-006   7.8418027835450671E-008   4.1814625389858330E-004
   5.9966659390546582        4.1670175558900820E-004   5.8214804001726146E-007   1.3680288979411883E-008   3.4909473230589401E-006   8.2036122959264058E-008   4.1670175558900820E-004
   6.0712431143217973        4.1550543627902440E-004   5.9757977898339733E-007   1.4141560620169200E-008   3.6280521184108925E-006   8.5856852540966543E-008   4.1550543627902440E-004
   6.1462811654662648        4.1452972290051301E-004   6.1367983267342206E-007   1.4624684063637915E-008   3.7718487971871429E-006   8.9887420211232353E-008   4.1452972290051301E-004
   6.2217800924880580        4.1373795064531265E-004   6.3042662968084176E-007   1.5129536896198754E-008   3.9223758543226024E-006   9.4132651469332967E-008   4.1373795064531265E-004
   6.2977398953871742        4.1308671342318539E-004   6.4778302900608670E-007   1.5655610958090100E-008   4.0795690253263792E-006   9.8594965717424647E-008   4.1308671342318539E-004
   6.3741605741636205        4.1252731699099984E-004   6.6569676616446368E-007   1.6202009615646470E-008   4.2432580812337434E-006   1.0327421091427361E-007   4.1252731699099984E-004
   6.4510421288173934        4.1200863943503054E-004   6.8410351004031789E-007   1.6767509175701699E-008   4.4131805637419435E-006   1.0816790808778386E-007   4.1200863943503054E-004
   6.5283845593484884        4.1147862989220280E-004   7.0292830155751183E-007   1.7350583236823312E-008   4.5889862702171182E-006   1.1327127969896803E-007   4.1147862989220280E-004
   6.6061878657569126        4.1088661958732747E-004   7.2208879412614401E-007   1.7949473101414166E-008   4.7702542297551737E-006   1.1857759139929235E-007   4.1088661958732747E-004
   6.6844520480426644        4.1018490518354142E-004   7.4149783404492154E-007   1.8562244878881366E-008   4.9565067154007751E-006   1.2407843579690800E-007   4.1018490518354142E-004
   6.7631771062057400        4.0933048213814550E-004   7.6106680942412283E-007   1.9186868567410711E-008   5.1472296217902743E-006   1.2976419023489065E-007   4.0933048213814550E-004
   6.8423630402461448        4.0828632144080263E-004   7.8070870632817881E-007   1.9821293200277695E-008   5.3418923973783119E-006   1.3562448400346233E-007   4.0828632144080263E-004
   6.9220098501638754        4.0702224487832166E-004   8.0034085706787790E-007   2.0463517395130638E-008   5.5399672961124490E-006   1.4164866897809408E-007   4.0702224487832166E-004
   7.0021175359589289        4.0551550156744622E-004   8.1988747190079493E-007   2.1111657349260120E-008   5.7409484445095898E-006   1.4782630613841049E-007   4.0551550156744622E-004
   7.0826860976313117        4.0375109732350466E-004   8.3928197252667152E-007   2.1764012555339420E-008   5.9443707588072413E-006   1.5414766915437583E-007   4.0375109732350466E-004
   7.1637155351810220        4.0172161198414886E-004   8.5846848345429610E-007   2.2419112234287847E-008   6.1498240113848333E-006   1.6060414259773475E-007   4.0172161198414886E-004
   7.2452058486080553        3.9942672375988550E-004   8.7740276521491876E-007   2.3075748925945534E-008   6.3569636461200101E-006   1.6718855107927163E-007   3.9942672375988550E-004
   7.3271570379124178        3.9687250629022919E-004   8.9605261419552807E-007   2.3732999205120014E-008   6.5655182184425839E-006   1.7389541215656493E-007   3.9687250629022919E-004
   7.4095691030941069        3.9407040445147313E-004   9.1439740417364873E-007   2.4390222179985753E-008   6.7752907539145220E-006   1.8072103668242302E-007   3.9407040445147313E-004
   7.4924420441531216        3.9103611459241904E-004   9.3242714846672402E-007   2.5047044826782570E-008   6.9861563702818875E-006   1.8766353174197368E-007   3.9103611459241904E-004
   7.5757758610894586        3.8778827854488445E-004   9.5014079030024456E-007   2.5703325599644028E-008   7.1980536637930540E-006   1.9472263362750594E-007   3.8778827854488445E-004
   7.6595705539031256        3.8434721553477584E-004   9.6754416693225014E-007   2.6359107394108911E-008   7.4109728106349936E-006   2.0189944282308676E-007   3.8434721553477584E-004
   7.7438261225941201        3.8073390043072506E-004   9.8464816578698231E-007   2.7014573596805720E-008   7.6249441877856196E-006   2.0919616070968554E-007   3.8073390043072506E-004
   7.8285425671624358        3.7696848024850523E-004   1.0014652730403770E-006   2.7669957705954549E-008   7.8400135195315427E-006   2.1661544173264946E-007   3.7696848024850523E-004
   7.9137198876080825        3.7306965901020981E-004   1.0180078775975937E-006   2.8325497851296425E-008   8.0562291866857721E-006   2.2416005567220453E-007   3.7306965901020981E-004
   7.9993580839310559        3.6905372116546235E-004   1.0342852808129921E-006   2.8981353080043479E-008   8.2736183221623110E-006   2.3183222104410600E-007   3.6905372116546235E-004
   8.0854571561313531        3.6493415056280617E-004   1.0503019522166986E-006   2.9637551256712330E-008   8.4921714356492351E-006   2.3963315089879447E-007   3.6493415056280617E-004
   8.1720171042089795        3.6072113217010515E-004   1.0660552094172223E-006   3.0293918461181038E-008   8.7118214053886261E-006   2.4756241981828360E-007   3.6072113217010515E-004
   8.2590379281639308        3.5642191121835104E-004   1.0815351979382495E-006   3.0950071328812269E-008   8.9324402204162879E-006   2.5561781298403959E-007   3.5642191121835104E-004
   8.3465196279962086        3.5204047421915670E-004   1.0967228506207916E-006   3.1605351007576439E-008   9.1538187991783907E-006   2.6379468253444650E-007   3.5204047421915670E-004
   8.4344622037058095        3.4757834933393512E-004   1.1115911924570013E-006   3.2258851589080670E-008   9.3756738987508480E-006   2.7208606446305598E-007   3.4757834933393512E-004
   8.5228656552927404        3.4303495126570860E-004   1.1261054682863512E-006   3.2909415562829515E-008   9.5976456198950900E-006   2.8048252763619606E-007   3.4303495126570860E-004
   8.6117299827569980        3.3840833594971499E-004   1.1402247612096786E-006   3.3555673152271779E-008   9.8193077631913274E-006   2.8897239657701291E-007   3.3840833594971499E-004
   8.7010551860985803        3.3369592136783642E-004   1.1539038328012371E-006   3.4196090083004993E-008   1.0040180928654232E-005   2.9754206696102482E-007   3.3369592136783642E-004
   8.7908412653174892        3.2889544761331913E-004   1.1670961619413648E-006   3.4829053298243564E-008   1.0259757100987813E-005   3.0617667896614174E-007   3.2889544761331913E-004
   8.8810882204137265        3.2400556731344973E-004   1.1797561494795161E-006   3.5452935331898699E-008   1.0477518442103185E-005   3.1486064635521514E-007   3.2400556731344973E-004
   8.9717960513872850        3.1902675869505229E-004   1.1918428710577166E-006   3.6066208283852970E-008   1.0692971164429707E-005   3.2357866506958346E-007   3.1902675869505229E-004
   9.0629647582381736        3.1396186848030040E-004   1.2033229681318532E-006   3.6667536304683428E-008   1.0905673652957542E-005   3.3231658930076469E-007   3.1396186848030040E-004
   9.1545943409663888        3.0881652443905984E-004   1.2141734062365787E-006   3.7255867775393296E-008   1.1115264993685267E-005   3.4106235630440753E-007   3.0881652443905984E-004
   9.2466847995719306        3.0359955255261829E-004   1.2243845800121874E-006   3.7830541873086767E-008   1.1321498284828955E-005   3.4980709649744083E-007   3.0359955255261829E-004
   9.3392361340547936        2.9832318018808507E-004   1.2339628868794675E-006   3.8391382793163682E-008   1.1524270781227292E-005   3.5854618941824373E-007   2.9832318018808507E-004
   9.4322483444149885        2.9300274196403974E-004   1.2429314331608003E-006   3.8938739042487862E-008   1.1723637952652308E-005   3.6727985686711340E-007   2.9300274196403974E-004
   9.5257214306525100        2.8765647187878915E-004   1.2513310497749547E-006   3.9473533707879324E-008   1.1919830997682190E-005   3.7601388598473033E-007   2.8765647187878915E-004
   9.6196553927673545        2.8230529415973921E-004   1.2592212842513075E-006   3.9997315604408792E-008   1.2113274817735525E-005   3.8476039275016891E-007   2.8230529415973921E-004
   9.7140502307595273        2.7697200315928105E-004   1.2666785741820249E-006   4.0512221902893281E-008   1.2304579295831048E-005   3.9353775852438167E-007   2.7697200315928105E-004
   9.8089059446290268        2.7168057302172865E-004   1.2737945760248096E-006   4.1020943677144812E-008   1.2494531189005966E-005   4.0237057828903824E-007   2.7168057302172865E-004
   9.9042225343758492        2.6645547504222054E-004   1.2806741310043584E-006   4.1526677760421623E-008   1.2684081587485575E-005   4.1128945765253228E-007   2.6645547504222054E-004
   10.000000000000000        2.6132096734366703E-004   1.2874326668451897E-006   4.2033057730147137E-008   1.2874326668451897E-005   4.2033057730147140E-007   2.6132096734366703E-004
 &
