    0.0      4.1901        4.2690       0.78898E-01
    1.0      12.572        12.805       0.23374    
    2.0      20.954        21.337       0.38207    
    3.0      29.341        29.863       0.52243    
    4.0      37.728        38.391       0.66309    
    5.0      46.114        46.932       0.81813    
    6.0      54.498        55.516        1.0185    
    7.0      62.862        64.167        1.3050    
    8.0      71.216        72.921        1.7051    
    9.0      79.510        81.747        2.2366    
   10.0      87.738        90.532        2.7934    
   11.0      95.951        99.170        3.2191    
   12.0      103.64        107.17        3.5371    
   13.0      110.97        115.14        4.1696    
   14.0      119.08        125.41        6.3256    
   15.0      122.99        133.69        10.707    
   16.0      114.24        129.61        15.371    
   17.0      94.504        111.94        17.431    
   18.0      71.614        87.975        16.361    
   19.0      50.987        64.734        13.747    
   20.0      34.941        45.842        10.901    
   21.0      23.542        31.805        8.2635    
   22.0      15.756        21.765        6.0091    
   23.0      10.501        14.755        4.2540    
   24.0      6.9904        9.9656        2.9752    
   25.0      4.6672        6.7278        2.0606    
   26.0      3.1281        4.5417        1.4136    
   27.0      2.1023        3.0702       0.96789    
   28.0      1.4172        2.0834       0.66625    
   29.0     0.95926        1.4211       0.46180    
   30.0     0.65163       0.97488       0.32325    
   31.0     0.44375       0.67406       0.23031    
   32.0     0.30288       0.47118       0.16830    
   33.0     0.20731       0.33391       0.12661    
   34.0     0.14229       0.24058       0.98292E-01
   35.0     0.97869E-01   0.17673       0.78865E-01
   36.0     0.67460E-01   0.13275       0.65294E-01
   37.0     0.46608E-01   0.10210       0.55495E-01
   38.0     0.32282E-01   0.80439E-01   0.48158E-01
   39.0     0.22403E-01   0.64898E-01   0.42495E-01
   40.0     0.15567E-01   0.53566E-01   0.37999E-01
