          90  -24.601769828702075        1.20000005    
          90 -0.50267577904002614        1.20000005    
          90   2.3247800272190294E-002   1.20000005    
          90   9.3137955118339458E-002   1.20000005    
          90  0.21016167529854762        1.20000005    
          90  0.37624485449916911        1.20000005    
          90  0.59403338906816539        1.20000005    
          90  0.86890160496962321        1.20000005    
          90   1.2063297538017792        1.20000005    
          90   1.6157602633196013        1.20000005    
          90   2.1056510099669996        1.20000005    
          90   2.6890215537222653        1.20000005    
          90   3.3732992256121141        1.20000005    
          90   3.4300021523876731        1.20000005    
          90   3.4300031862002474        1.20000005    
          90   3.5237086278100347        1.20000005    
          90   3.5237194998815391        1.20000005    
          90   3.6572421048235029        1.20000005    
          90   3.6572959958551872        1.20000005    
          90   3.8334508290421709        1.20000005    
          90   3.8336423380762508        1.20000005    
          90   4.0547811522696522        1.20000005    
          90   4.0564404334476842        1.20000005    
          90   4.1608703117507400        1.20000005    
          90   4.3302479895840733        1.20000005    
          90   4.3343704246872790        1.20000005    
          90   4.6594294396324853        1.20000005    
          90   4.6650248933569678        1.20000005    
          90   4.9907137254760681        1.20000005    
          90   5.0585194892976881        1.20000005    
          90   5.1152961055351867        1.20000005    
          90   5.5172006032371126        1.20000005    
          90   5.5525254125910148        1.20000005    
          90   5.9380757128852109        1.20000005    
          90   6.0887617574274513        1.20000005    
          90   6.2086388533306245        1.20000005    
          90   6.6759112748037115        1.20000005    
          90   6.8245075321418707        1.20000005    
          90   7.1575029868782147        1.20000005    
          90   7.5084077597613366        1.20000005    
          90   7.7251057012951376        1.20000005    
          90   8.1695048738384024        1.20000005    
          90   8.6305577214032070        1.20000005    
          90   8.8952359816089697        1.20000005    
          90   9.3640568455730318        1.20000005    
          90   9.9234527269309414        1.20000005    
          90   10.287423893730102        1.20000005    
          90   11.103339146653664        1.20000005    
          90   11.502904317584367        1.20000005    
          90   11.916819491541474        1.20000005    
          90   13.177967441267073        1.20000005    
          90   13.564542320752567        1.20000005    
          90   14.170826510587322        1.20000005    
          90   15.560049707034246        1.20000005    
          90   16.041810389311756        1.20000005    
          90   17.493718912753760        1.20000005    
          90   18.568584925286565        1.20000005    
          90   19.136994722778866        1.20000005    
          90   21.810951644593292        1.20000005    
          90   22.605218356554488        1.20000005    
          90   23.222962945792673        1.20000005    
          90   27.047293160162138        1.20000005    
          90   28.061808118037135        1.20000005    
          90   29.214175629237520        1.20000005    
          90   33.881451607619397        1.20000005    
          90   35.192941095418462        1.20000005    
          90   38.150620457869884        1.20000005    
          90   43.396968931446033        1.20000005    
          90   45.047667879086845        1.20000005    
          90   51.250261588089437        1.20000005    
          90   57.125408575717380        1.20000005    
          90   59.225188500271237        1.20000005    
          90   70.896316780397328        1.20000005    
          90   77.735046949869670        1.20000005    
          90   80.399173977057757        1.20000005    
          90   101.05782899894292        1.20000005    
          90   109.31968536119531        1.20000005    
          90   112.67213016884835        1.20000005    
          90   147.99029544410479        1.20000005    
          90   158.69959030093028        1.20000005    
          90   163.18543368619927        1.20000005    
          90   226.37080050844773        1.20000005    
          90   239.31920782252669        1.20000005    
          90   245.24590542027431        1.20000005    
          90   362.04203094269451        1.20000005    
          90   377.23455586048925        1.20000005    
          90   384.33193442359101        1.20000005    
          90   621.44408527827818        1.20000005    
          90   635.77117345123042        1.20000005    
          90   643.44797438288174        1.20000005    
          60  -11.524703018951671        1.20000005    
          60 -0.18451040754270048        1.20000005    
          60   8.7137041750875291E-002   1.20000005    
          60  0.26530073189653580        1.20000005    
          60  0.54581213895799374        1.20000005    
          60  0.94342997088591851        1.20000005    
          60   1.4801264171885582        1.20000005    
          60   2.1888879795508904        1.20000005    
          60   3.1148179557620148        1.20000005    
          60   3.4536037958675387        1.20000005    
          60   3.5578801763492471        1.20000005    
          60   3.6253618586199394        1.20000005    
          60   3.7990172632115535        1.20000005    
          60   3.8933489596686432        1.20000005    
          60   4.1349046288300348        1.20000005    
          60   4.2549595354636036        1.20000005    
          60   4.3442344189829543        1.20000005    
          60   4.5821302680218539        1.20000005    
          60   4.7917204638650128        1.20000005    
          60   5.1633350929266628        1.20000005    
          60   5.4518093557277441        1.20000005    
          60   5.9100951550581646        1.20000005    
          60   5.9260902232260211        1.20000005    
          60   6.3793387593115014        1.20000005    
          60   6.8667962109352381        1.20000005    
          60   7.4662043084660015        1.20000005    
          60   8.0952546075309311        1.20000005    
          60   8.1372175043361850        1.20000005    
          60   9.0733921037317202        1.20000005    
          60   9.6832939395565543        1.20000005    
          60   10.769342310450305        1.20000005    
          60   11.482966450623469        1.20000005    
          60   11.749853669261650        1.20000005    
          60   13.796331197739505        1.20000005    
          60   14.459803507860981        1.20000005    
          60   15.525517388282877        1.20000005    
          60   17.842073567000892        1.20000005    
          60   18.128438002528195        1.20000005    
          60   21.560625414928687        1.20000005    
          60   22.848415734647183        1.20000005    
          60   24.213211407968590        1.20000005    
          60   29.447350346761134        1.20000005    
          60   31.248871948672964        1.20000005    
          60   33.922283142439710        1.20000005    
          60   40.184335413610093        1.20000005    
          60   46.462637196078369        1.20000005    
          60   49.983164395953139        1.20000005    
          60   57.327559915436247        1.20000005    
          60   71.603806323456539        1.20000005    
          60   77.054413888325968        1.20000005    
          60   85.498006490464235        1.20000005    
          60   116.11843097603465        1.20000005    
          60   124.32749789936628        1.20000005    
          60   134.57156973244312        1.20000005    
          60   202.89336178087717        1.20000005    
          60   211.99582209106444        1.20000005    
          60   225.09908557034339        1.20000005    
          60   384.10753425086170        1.20000005    
          60   390.51834804867252        1.20000005    
          60   408.48910755628208        1.20000005    
         100  -12.778118355929104        1.20000005    
         100  -1.4254271616053917        1.20000005    
         100   8.5726765530777724E-002   1.20000005    
         100  0.25840482276262206        1.20000005    
         100  0.52954910023234025        1.20000005    
         100  0.91388593118191208        1.20000005    
         100   1.4308033974534686        1.20000005    
         100   2.0568735269693272        1.20000005    
         100   2.2443423612437559        1.20000005    
         100   3.0413861322306737        1.20000005    
         100   3.4536280174367415        1.20000005    
         100   3.4540965050743355        1.20000005    
         100   3.5578671030240470        1.20000005    
         100   3.5578841013547327        1.20000005    
         100   3.6256118215066206        1.20000005    
         100   3.6289996932907758        1.20000005    
         100   3.7989862910622221        1.20000005    
         100   3.7990264614394249        1.20000005    
         100   3.8942761006365796        1.20000005    
         100   3.9057801957996783        1.20000005    
         100   4.1348428293800037        1.20000005    
         100   4.1349221260639295        1.20000005    
         100   4.1945771334023876        1.20000005    
         100   4.2882645430279478        1.20000005    
         100   4.3072078290943754        1.20000005    
         100   4.5820092254871474        1.20000005    
         100   4.5821657334266304        1.20000005    
         100   4.7963173404231840        1.20000005    
         100   4.8407793190903030        1.20000005    
         100   5.1630527553821866        1.20000005    
         100   5.1634127756580250        1.20000005    
         100   5.4586275923318306        1.20000005    
         100   5.5521901738018347        1.20000005    
         100   5.7766553557894422        1.20000005    
         100   5.9094278077338842        1.20000005    
         100   5.9103377750343986        1.20000005    
         100   6.3893507251302690        1.20000005    
         100   6.4982057324836848        1.20000005    
         100   6.8644522024421546        1.20000005    
         100   6.8674276020533007        1.20000005    
         100   7.4767702309829573        1.20000005    
         100   7.7281663108860945        1.20000005    
         100   7.9380374975585566        1.20000005    
         100   8.0889445324049571        1.20000005    
         100   8.0975070123144306        1.20000005    
         100   9.1170588247219353        1.20000005    
         100   9.3890950563817857        1.20000005    
         100   9.6588069125744731        1.20000005    
         100   9.6891663684313443        1.20000005    
         100   10.592135302735697        1.20000005    
         100   11.387222803901052        1.20000005    
         100   11.630248737310032        1.20000005    
         100   11.678670460366806        1.20000005    
         100   11.767572579459458        1.20000005    
         100   13.794610120770619        1.20000005    
         100   14.236068245495149        1.20000005    
         100   14.502397869675939        1.20000005    
         100   14.688005356074093        1.20000005    
         100   15.144969433538600        1.20000005    
         100   17.247450879622587        1.20000005    
         100   18.136126283688039        1.20000005    
         100   18.179255452029853        1.20000005    
         100   19.092136347960288        1.20000005    
         100   20.903711105272279        1.20000005    
         100   21.677029262850191        1.20000005    
         100   23.079726488050696        1.20000005    
         100   24.383345387967736        1.20000005    
         100   25.563404272960589        1.20000005    
         100   27.837524694846987        1.20000005    
         100   30.019967365390485        1.20000005    
         100   30.501175488017278        1.20000005    
         100   34.014668504236930        1.20000005    
         100   35.541317248983255        1.20000005    
         100   37.847427798172632        1.20000005    
         100   40.937850361885459        1.20000005    
         100   45.589136704239877        1.20000005    
         100   49.844882890482936        1.20000005    
         100   51.775644385369269        1.20000005    
         100   54.021483815630425        1.20000005    
         100   58.324157192201568        1.20000005    
         100   70.697420752845829        1.20000005    
         100   76.426435899600392        1.20000005    
         100   78.972756185754420        1.20000005    
         100   80.667687838658338        1.20000005    
         100   86.897471824830916        1.20000005    
         100   115.00901899151880        1.20000005    
         100   122.88346717847033        1.20000005    
         100   126.20359106250091        1.20000005    
         100   127.35924455248777        1.20000005    
         100   136.31723850148236        1.20000005    
         100   201.53779324119864        1.20000005    
         100   209.93979457145437        1.20000005    
         100   213.96826225569663        1.20000005    
         100   215.62768626867336        1.20000005    
         100   226.96200121369600        1.20000005    
         100   382.52012860448923        1.20000005    
         100   388.34648649916443        1.20000005    
         100   392.95638769300950        1.20000005    
         100   398.16752119091512        1.20000005    
         100   410.04586172065592        1.20000005    
