#Calculating B(E1; gs->set  2)
   0.0871    0.103613    0.013158    0.126990
   0.2653    0.183764    0.042144    0.229338
   0.5458    0.160515    0.054425    0.339065
   0.9434    0.105947    0.049494    0.467157
   1.4801    0.063412    0.039488    0.622729
   2.1889    0.036941    0.030193    0.817346
   3.1148    0.027408    0.023358    0.852230
   3.8933    0.000480    0.000274    0.570071
   4.2550    0.027269    0.006148    0.225443
   4.3442    0.046265    0.012417    0.268380
   4.7917    0.000276    0.000153    0.553787
   5.4518    0.003217    0.001825    0.567185
   5.9261    0.027267    0.012645    0.463765
   6.3793    0.000006    0.000005    0.770057
   7.4662    0.002956    0.002536    0.857958
   8.0953    0.001605    0.000539    0.335507
   8.1372    0.015681    0.007669    0.489069
   9.0734    0.000181    0.000238    1.316062
  10.7693    0.004260    0.005133    1.204787
  11.4830    0.001006    0.001522    1.513494
  13.7963    0.000948    0.001410    1.488419
  14.4598    0.001385    0.001198    0.864593
  15.5255    0.001801    0.003045    1.691135
  17.8421    0.000885    0.001152    1.301460
  18.1284   -0.000629    0.000459   -0.728731
 &
#Calculating B(E1; gs->set  3)
   0.0857    0.339100    0.041860    0.123445
   0.2584    0.586417    0.130132    0.221911
   0.5295    0.491632    0.161128    0.327741
   0.9139    0.308644    0.139083    0.450627
   1.4308    0.182327    0.104199    0.571494
   2.0569    0.121232    0.049313    0.406769
   2.2443    0.039523    0.019455    0.492256
   3.0414    0.061743    0.050936    0.824967
   3.8943    0.000721    0.000416    0.576596
   4.1946    0.168849    0.033262    0.196994
   4.2883    0.032737    0.001844    0.056315
   4.3072    0.007506    0.001907    0.254026
   4.7963    0.000525    0.000140    0.266786
   4.8408    0.000002    0.000001    0.331155
   5.4586    0.010019    0.003564    0.355705
   5.5522    0.002044    0.000325    0.159014
   5.7767    0.053133    0.022241    0.418580
   6.3894    0.000038    0.000014    0.360775
   6.4982    0.000002    0.000001    0.543710
   7.4768    0.008631    0.005308    0.614980
   7.7282    0.002476    0.000571    0.230634
   7.9380    0.065625    0.011838    0.180389
   8.0889    0.001159    0.000683    0.589511
   9.1171    0.000472    0.000307    0.650075
   9.3891    0.000049    0.000036    0.737538
  10.5921    0.009818    0.009809    0.999064
  11.3872    0.001437    0.000746    0.519057
  11.6302    0.001759    0.000256    0.145724
  11.6787    0.003077    0.003330    1.082181
  13.7946    0.003983    0.005093    1.278699
  14.2361    0.010977    0.003885    0.353894
  14.5024    0.000209    0.000047    0.225969
  14.6880    0.000124    0.000040    0.321286
  15.1450    0.002472    0.003163    1.279723
  17.2475    0.003974    0.005944    1.495578
  18.1361    0.000041    0.000019    0.465902
  18.1793    0.000231    0.000110    0.478005
  19.0921    0.000000    0.000000    1.347757
 &
