         135  -26.382282540108140        1.20000005    
         135 -0.50414113599847621        1.20000005    
         135  -1.2084243131364972E-012   1.20000005    
         135   7.4884013175974045E-010   1.20000005    
         135   8.6548796381000402E-010   1.20000005    
         135   1.2149015983334185E-009   1.20000005    
         135   4.1303920818731809E-007   1.20000005    
         135   4.1363232644157167E-007   1.20000005    
         135   7.0354307528975265E-005   1.20000005    
         135   7.0428789659090284E-005   1.20000005    
         135   1.5305276364366527E-004   1.20000005    
         135   5.2833649588435432E-003   1.20000005    
         135   9.3331338445740170E-003   1.20000005    
         135   9.3383218745117010E-003   1.20000005    
         135   2.2155899582447881E-002   1.20000005    
         135   5.6695865422866011E-002   1.20000005    
         135  0.14947165821753933        1.20000005    
         135  0.28095103266039628        1.20000005    
         135  0.41281676901038461        1.20000005    
         135  0.41293819265492238        1.20000005    
         135  0.44567579235370436        1.20000005    
         135  0.64358640954662849        1.20000005    
         135  0.88307421904344774        1.20000005    
         135   1.1682944084006743        1.20000005    
         135   1.5029569141965062        1.20000005    
         135   1.8852904824030208        1.20000005    
         135   2.3164643057689225        1.20000005    
         135   2.7941249077404109        1.20000005    
         135   3.0584738675587793        1.20000005    
         135   3.0586682730554973        1.20000005    
         135   3.3214817558161269        1.20000005    
         135   3.4442578347744610        1.20000005    
         135   3.4442613237499868        1.20000005    
         135   3.5618523236746236        1.20000005    
         135   3.5618634553471225        1.20000005    
         135   3.7219296743402035        1.20000005    
         135   3.7220104117818096        1.20000005    
         135   3.8950350815233050        1.20000005    
         135   3.9250311303383074        1.20000005    
         135   3.9271879173729523        1.20000005    
         135   4.1738223011831916        1.20000005    
         135   4.1746784044405540        1.20000005    
         135   4.4616571640092628        1.20000005    
         135   4.4700721676029982        1.20000005    
         135   4.5311177367202795        1.20000005    
         135   4.8061034229652249        1.20000005    
         135   4.8120668327758098        1.20000005    
         135   5.1397998743059850        1.20000005    
         135   5.1859442001045686        1.20000005    
         135   5.2467210637109245        1.20000005    
         135   5.5968135751522965        1.20000005    
         135   5.6203523396004016        1.20000005    
         135   5.8937991511194152        1.20000005    
         135   6.0665570646602820        1.20000005    
         135   6.1386957796525676        1.20000005    
         135   6.5242356376224491        1.20000005    
         135   6.6080104558976993        1.20000005    
         135   6.7873267209104062        1.20000005    
         135   7.1098147911198541        1.20000005    
         135   7.2501270099756718        1.20000005    
         135   7.5573232713759424        1.20000005    
         135   7.7761862421868031        1.20000005    
         135   7.9699540620297906        1.20000005    
         135   8.3126979594241686        1.20000005    
         135   8.6128064516548619        1.20000005    
         135   8.8271496586334610        1.20000005    
         135   9.1292864415859007        1.20000005    
         135   9.5111489396184137        1.20000005    
         135   9.7880823828595744        1.20000005    
         135   10.203636068837241        1.20000005    
         135   10.511581833016209        1.20000005    
         135   10.799628022872021        1.20000005    
         135   11.473441954852627        1.20000005    
         135   11.714733015860569        1.20000005    
         135   12.019796890967125        1.20000005    
         135   12.784104793456530        1.20000005    
         135   13.062335677869671        1.20000005    
         135   13.684382593699224        1.20000005    
         135   14.269105822590932        1.20000005    
         135   14.564225935042264        1.20000005    
         135   15.703718302851479        1.20000005    
         135   16.050206157944633        1.20000005    
         135   16.347350420242922        1.20000005    
         135   17.833226371767385        1.20000005    
         135   18.194508376214603        1.20000005    
         135   18.718034561323488        1.20000005    
         135   20.227318322693687        1.20000005    
         135   20.631106967886073        1.20000005    
         135   21.859900990275460        1.20000005    
         135   23.077738295227313        1.20000005    
         135   23.524334423534729        1.20000005    
         135   25.722180527088394        1.20000005    
         135   26.563986031519423        1.20000005    
         135   27.037346916397976        1.20000005    
         135   30.307143867151908        1.20000005    
         135   30.995821897248135        1.20000005    
         135   31.453524501295547        1.20000005    
         135   35.638200731701076        1.20000005    
         135   36.453885622598960        1.20000005    
         135   37.463371894579289        1.20000005    
         135   42.236819743827056        1.20000005    
         135   43.187730090078553        1.20000005    
         135   45.550253682883287        1.20000005    
         135   50.685461193200247        1.20000005    
         135   51.803683924413676        1.20000005    
         135   56.211672367770475        1.20000005    
         135   61.757295441183224        1.20000005    
         135   63.088700032911632        1.20000005    
         135   70.625183033822950        1.20000005    
         135   76.597208648629987        1.20000005    
         135   78.198261039384562        1.20000005    
         135   90.296598723523516        1.20000005    
         135   96.914302568067441        1.20000005    
         135   98.868244305369586        1.20000005    
         135   118.07009842086741        1.20000005    
         135   125.35605234090556        1.20000005    
         135   127.76558937269901        1.20000005    
         135   157.44873054613512        1.20000005    
         135   165.89454930340429        1.20000005    
         135   168.83292535143414        1.20000005    
         135   214.78769048223242        1.20000005    
         135   224.44712730485480        1.20000005    
         135   228.11507571508753        1.20000005    
         135   298.97317244781357        1.20000005    
         135   310.62916081522144        1.20000005    
         135   315.39370311484470        1.20000005    
         135   429.50813995411607        1.20000005    
         135   441.72082283171028        1.20000005    
         135   447.51057045097917        1.20000005    
         135   634.59747158239168        1.20000005    
         135   649.77763905388076        1.20000005    
         135   656.09963608776889        1.20000005    
         135   1003.3509987228034        1.20000005    
         135   1012.7471807897773        1.20000005    
         135   1018.8305586162593        1.20000005    
         135  -7.9952435952788834        1.20000005    
         135 -0.18210886094685766        1.20000005    
         135  -3.9005328618193128E-011   1.20000005    
         135   1.1902804940059450E-014   1.20000005    
         135   3.1100269182640218E-010   1.20000005    
         135   2.4427798227111082E-009   1.20000005    
         135   1.3841026993159593E-007   1.20000005    
         135   4.2633732317108215E-007   1.20000005    
         135   1.0998746120108599E-006   1.20000005    
         135   2.8081052964106070E-005   1.20000005    
         135   1.7571589843748118E-004   1.20000005    
         135   2.8366979687940194E-003   1.20000005    
         135   6.8210426444316194E-003   1.20000005    
         135   1.6277968613793149E-002   1.20000005    
         135   2.1591468344883475E-002   1.20000005    
         135   7.4285325825569196E-002   1.20000005    
         135  0.16833982486027968        1.20000005    
         135  0.21329186400801925        1.20000005    
         135  0.28677510955316288        1.20000005    
         135  0.43322638762359783        1.20000005    
         135  0.62124429095203249        1.20000005    
         135  0.74418159499998504        1.20000005    
         135  0.85744274403299625        1.20000005    
         135   1.1422851958886184        1.20000005    
         135   1.4751447767052166        1.20000005    
         135   1.8537629787920762        1.20000005    
         135   2.2772753380975033        1.20000005    
         135   2.4712878954661721        1.20000005    
         135   2.7482002324663872        1.20000005    
         135   3.2712109354403158        1.20000005    
         135   3.3538821478451477        1.20000005    
         135   3.4316465882644964        1.20000005    
         135   3.4685485543055816        1.20000005    
         135   3.5408996305410989        1.20000005    
         135   3.5968297850249611        1.20000005    
         135   3.6904502474593150        1.20000005    
         135   3.7679490773904187        1.20000005    
         135   3.8509426371995041        1.20000005    
         135   3.8853474477713332        1.20000005    
         135   3.9898585254501668        1.20000005    
         135   4.1192816000951868        1.20000005    
         135   4.2554422526282005        1.20000005    
         135   4.3981939755538093        1.20000005    
         135   4.5055007275601833        1.20000005    
         135   4.5610895742726809        1.20000005    
         135   4.7305088821229972        1.20000005    
         135   4.9086845906178356        1.20000005    
         135   5.1013392897931986        1.20000005    
         135   5.2387512508961995        1.20000005    
         135   5.3000024202174298        1.20000005    
         135   5.5298015295997605        1.20000005    
         135   5.7370877216997096        1.20000005    
         135   5.9832797277245966        1.20000005    
         135   6.0780107707331288        1.20000005    
         135   6.2227131203435340        1.20000005    
         135   6.5220131936692898        1.20000005    
         135   6.7607303475018687        1.20000005    
         135   6.9857800787265063        1.20000005    
         135   7.1227309184636693        1.20000005    
         135   7.3565087619454852        1.20000005    
         135   7.7446345634747837        1.20000005    
         135   8.0174149241221411        1.20000005    
         135   8.0811121733713076        1.20000005    
         135   8.4834064566902114        1.20000005    
         135   8.7536047347742265        1.20000005    
         135   9.2311634050564013        1.20000005    
         135   9.3841588427499598        1.20000005    
         135   9.5779584111362652        1.20000005    
         135   10.213961653015261        1.20000005    
         135   10.506133098919964        1.20000005    
         135   10.756769118341301        1.20000005    
         135   11.292449421082578        1.20000005    
         135   11.558102615574994        1.20000005    
         135   12.347899057721211        1.20000005    
         135   12.592352787482385        1.20000005    
         135   12.757047989646148        1.20000005    
         135   13.877511598088590        1.20000005    
         135   14.128214269855480        1.20000005    
         135   14.446105878863444        1.20000005    
         135   15.550842390078770        1.20000005    
         135   15.710670075031576        1.20000005    
         135   16.747868259030941        1.20000005    
         135   17.510155992115237        1.20000005    
         135   17.557805089321505        1.20000005    
         135   19.419412058187305        1.20000005    
         135   19.706576560444834        1.20000005    
         135   19.942961137302117        1.20000005    
         135   22.128961249808608        1.20000005    
         135   22.480682107340701        1.20000005    
         135   23.150393477260810        1.20000005    
         135   25.136633573818507        1.20000005    
         135   25.875797883684058        1.20000005    
         135   27.281751459264349        1.20000005    
         135   28.759975080453703        1.20000005    
         135   30.025021257783560        1.20000005    
         135   32.419406324639439        1.20000005    
         135   33.248036995287300        1.20000005    
         135   35.192112123370165        1.20000005    
         135   38.457064608186656        1.20000005    
         135   39.305586471942348        1.20000005    
         135   41.736333184556102        1.20000005    
         135   45.496932179966258        1.20000005    
         135   47.712066289796027        1.20000005    
         135   50.179990968192513        1.20000005    
         135   54.448047462973648        1.20000005    
         135   58.833882947600408        1.20000005    
         135   61.287342107412414        1.20000005    
         135   66.143666438422187        1.20000005    
         135   73.741756634340774        1.20000005    
         135   76.222839490714861        1.20000005    
         135   81.748779017610985        1.20000005    
         135   94.101886774825402        1.20000005    
         135   96.731573651216522        1.20000005    
         135   103.01976915953385        1.20000005    
         135   122.55741908255396        1.20000005    
         135   125.50867748724461        1.20000005    
         135   132.66437058121264        1.20000005    
         135   162.95835277490798        1.20000005    
         135   166.55777733330248        1.20000005    
         135   174.68546576868576        1.20000005    
         135   221.18682104089419        1.20000005    
         135   225.94970792674806        1.20000005    
         135   235.21998158214549        1.20000005    
         135   307.22253705189712        1.20000005    
         135   313.19734489815414        1.20000005    
         135   324.12987824140856        1.20000005    
         135   438.76916686602988        1.20000005    
         135   445.05717430222381        1.20000005    
         135   458.03345627767362        1.20000005    
         135   647.31154701925891        1.20000005    
         135   652.57543822740331        1.20000005    
         135   668.51430577523138        1.20000005    
         135   1010.9936562226413        1.20000005    
         135   1014.3808730946038        1.20000005    
         135   1033.4566376942664        1.20000005    
          20  -22.496696257576737        1.20000005    
          20   1.3020726629718260        1.20000005    
          20   1.8100956495163998        1.20000005    
          20   3.7716087745096583        1.20000005    
          20   4.6876328351119430        1.20000005    
          20   4.7167832854279181        1.20000005    
          20   4.8167618584593441        1.20000005    
          20   6.1754634118771339        1.20000005    
          20   7.3440582786137050        1.20000005    
          20   7.4813559225524813        1.20000005    
          20   10.157625221983913        1.20000005    
          20   11.701744656487334        1.20000005    
          20   12.730804116534483        1.20000005    
          20   14.673948076849726        1.20000005    
          20   19.594680240365822        1.20000005    
          20   23.207128716435921        1.20000005    
          20   42.781525078133193        1.20000005    
          20   52.106145742700875        1.20000005    
          20   58.164103384367124        1.20000005    
          20   63.459391503611641        1.20000005    
