    0.0000  -21.4514  -21.4514  -21.4514
    0.0500  -11.1665  -11.1665  -11.1665
    0.1000   -6.0505   -6.0505   -6.0505
    0.1500   -4.3702   -4.3702   -4.3702
    0.2000   -3.5501   -3.5501   -3.5501
    0.2500   -3.0752   -3.0752   -3.0752
    0.3000   -2.7740   -2.7740   -2.7740
    0.3500   -2.5729   -2.5729   -2.5729
    0.4000   -2.4351   -2.4351   -2.4351
    0.4500   -2.3404   -2.3404   -2.3404
    0.5000   -2.2765   -2.2765   -2.2765
    0.5500   -2.2356   -2.2356   -2.2356
    0.6000   -2.2126   -2.2126   -2.2126
    0.6500   -2.2039   -2.2039   -2.2039
    0.7000   -2.2071   -2.2071   -2.2071
    0.7500   -2.2201   -2.2201   -2.2201
    0.8000   -2.2416   -2.2416   -2.2416
    0.8500   -2.2706   -2.2706   -2.2706
    0.9000   -2.3060   -2.3060   -2.3060
    0.9500   -2.3472   -2.3472   -2.3472
    1.0000   -2.3935   -2.3935   -2.3935
    1.0500   -2.4444   -2.4444   -2.4444
    1.1000   -2.4994   -2.4994   -2.4994
    1.1500   -2.5580   -2.5580   -2.5580
    1.2000   -2.6198   -2.6198   -2.6198
    1.2500   -2.6841   -2.6841   -2.6841
    1.3000   -2.7506   -2.7506   -2.7506
    1.3500   -2.8188   -2.8188   -2.8188
    1.4000   -2.8879   -2.8879   -2.8879
    1.4500   -2.9576   -2.9576   -2.9576
    1.5000   -3.0272   -3.0272   -3.0272
    1.5500   -3.0960   -3.0960   -3.0960
    1.6000   -3.1633   -3.1633   -3.1633
    1.6500   -3.2284   -3.2284   -3.2284
    1.7000   -3.2905   -3.2905   -3.2905
    1.7500   -3.3490   -3.3490   -3.3490
    1.8000   -3.4029   -3.4029   -3.4029
    1.8500   -3.4516   -3.4516   -3.4516
    1.9000   -3.4942   -3.4942   -3.4942
    1.9500   -3.5301   -3.5301   -3.5301
    2.0000   -3.5584   -3.5584   -3.5584
    2.0500   -3.5785   -3.5785   -3.5785
    2.1000   -3.5900   -3.5900   -3.5900
    2.1500   -3.5922   -3.5922   -3.5922
    2.2000   -3.5848   -3.5848   -3.5848
    2.2500   -3.5675   -3.5675   -3.5675
    2.3000   -3.5402   -3.5402   -3.5402
    2.3500   -3.5029   -3.5029   -3.5029
    2.4000   -3.4557   -3.4557   -3.4557
    2.4500   -3.3988   -3.3988   -3.3988
    2.5000   -3.3327   -3.3327   -3.3327
    2.5500   -3.2578   -3.2578   -3.2578
    2.6000   -3.1749   -3.1749   -3.1749
    2.6500   -3.0845   -3.0845   -3.0845
    2.7000   -2.9877   -2.9877   -2.9877
    2.7500   -2.8851   -2.8851   -2.8851
    2.8000   -2.7778   -2.7778   -2.7778
    2.8500   -2.6667   -2.6667   -2.6667
    2.9000   -2.5527   -2.5527   -2.5527
    2.9500   -2.4368   -2.4368   -2.4368
    3.0000   -2.3199   -2.3199   -2.3199
    3.0500   -2.2028   -2.2028   -2.2028
    3.1000   -2.0863   -2.0863   -2.0863
    3.1500   -1.9712   -1.9712   -1.9712
    3.2000   -1.8580   -1.8580   -1.8580
    3.2500   -1.7475   -1.7475   -1.7475
    3.3000   -1.6401   -1.6401   -1.6401
    3.3500   -1.5361   -1.5361   -1.5361
    3.4000   -1.4360   -1.4360   -1.4360
    3.4500   -1.3399   -1.3399   -1.3399
    3.5000   -1.2482   -1.2482   -1.2482
    3.5500   -1.1608   -1.1608   -1.1608
    3.6000   -1.0779   -1.0779   -1.0779
    3.6500   -0.9995   -0.9995   -0.9995
    3.7000   -0.9256   -0.9256   -0.9256
    3.7500   -0.8561   -0.8561   -0.8561
    3.8000   -0.7909   -0.7909   -0.7909
    3.8500   -0.7298   -0.7298   -0.7298
    3.9000   -0.6728   -0.6728   -0.6728
    3.9500   -0.6197   -0.6197   -0.6197
    4.0000   -0.5703   -0.5703   -0.5703
    4.0500   -0.5244   -0.5244   -0.5244
    4.1000   -0.4818   -0.4818   -0.4818
    4.1500   -0.4424   -0.4424   -0.4424
    4.2000   -0.4060   -0.4060   -0.4060
    4.2500   -0.3724   -0.3724   -0.3724
    4.3000   -0.3413   -0.3413   -0.3413
    4.3500   -0.3127   -0.3127   -0.3127
    4.4000   -0.2864   -0.2864   -0.2864
    4.4500   -0.2622   -0.2622   -0.2622
    4.5000   -0.2399   -0.2399   -0.2399
    4.5500   -0.2195   -0.2195   -0.2195
    4.6000   -0.2008   -0.2008   -0.2008
    4.6500   -0.1835   -0.1835   -0.1835
    4.7000   -0.1678   -0.1678   -0.1678
    4.7500   -0.1533   -0.1533   -0.1533
    4.8000   -0.1401   -0.1401   -0.1401
    4.8500   -0.1280   -0.1280   -0.1280
    4.9000   -0.1169   -0.1169   -0.1169
    4.9500   -0.1068   -0.1068   -0.1068
    5.0000   -0.0975   -0.0975   -0.0975
    5.0500   -0.0890   -0.0890   -0.0890
    5.1000   -0.0813   -0.0813   -0.0813
    5.1500   -0.0742   -0.0742   -0.0742
    5.2000   -0.0678   -0.0678   -0.0678
    5.2500   -0.0618   -0.0618   -0.0618
    5.3000   -0.0565   -0.0565   -0.0565
    5.3500   -0.0515   -0.0515   -0.0515
    5.4000   -0.0470   -0.0470   -0.0470
    5.4500   -0.0429   -0.0429   -0.0429
    5.5000   -0.0392   -0.0392   -0.0392
    5.5500   -0.0358   -0.0358   -0.0358
    5.6000   -0.0326   -0.0326   -0.0326
    5.6500   -0.0298   -0.0298   -0.0298
    5.7000   -0.0272   -0.0272   -0.0272
    5.7500   -0.0248   -0.0248   -0.0248
    5.8000   -0.0227   -0.0227   -0.0227
    5.8500   -0.0207   -0.0207   -0.0207
    5.9000   -0.0189   -0.0189   -0.0189
    5.9500   -0.0172   -0.0172   -0.0172
    6.0000   -0.0157   -0.0157   -0.0157
    6.0500   -0.0144   -0.0144   -0.0144
    6.1000   -0.0131   -0.0131   -0.0131
    6.1500   -0.0120   -0.0120   -0.0120
    6.2000   -0.0109   -0.0109   -0.0109
    6.2500   -0.0100   -0.0100   -0.0100
    6.3000   -0.0091   -0.0091   -0.0091
    6.3500   -0.0083   -0.0083   -0.0083
    6.4000   -0.0076   -0.0076   -0.0076
    6.4500   -0.0069   -0.0069   -0.0069
    6.5000   -0.0063   -0.0063   -0.0063
    6.5500   -0.0058   -0.0058   -0.0058
    6.6000   -0.0053   -0.0053   -0.0053
    6.6500   -0.0048   -0.0048   -0.0048
    6.7000   -0.0044   -0.0044   -0.0044
    6.7500   -0.0040   -0.0040   -0.0040
    6.8000   -0.0037   -0.0037   -0.0037
    6.8500   -0.0034   -0.0034   -0.0034
    6.9000   -0.0031   -0.0031   -0.0031
    6.9500   -0.0028   -0.0028   -0.0028
    7.0000   -0.0026   -0.0026   -0.0026
    7.0500   -0.0023   -0.0023   -0.0023
    7.1000   -0.0021   -0.0021   -0.0021
    7.1500   -0.0020   -0.0020   -0.0020
    7.2000   -0.0018   -0.0018   -0.0018
    7.2500   -0.0016   -0.0016   -0.0016
    7.3000   -0.0015   -0.0015   -0.0015
    7.3500   -0.0014   -0.0014   -0.0014
    7.4000   -0.0012   -0.0012   -0.0012
    7.4500   -0.0011   -0.0011   -0.0011
    7.5000   -0.0010   -0.0010   -0.0010
    7.5500   -0.0009   -0.0009   -0.0009
    7.6000   -0.0009   -0.0009   -0.0009
    7.6500   -0.0008   -0.0008   -0.0008
    7.7000   -0.0007   -0.0007   -0.0007
    7.7500   -0.0007   -0.0007   -0.0007
    7.8000   -0.0006   -0.0006   -0.0006
    7.8500   -0.0006   -0.0006   -0.0006
    7.9000   -0.0005   -0.0005   -0.0005
    7.9500   -0.0005   -0.0005   -0.0005
    8.0000   -0.0004   -0.0004   -0.0004
    8.0500   -0.0004   -0.0004   -0.0004
    8.1000   -0.0004   -0.0004   -0.0004
    8.1500   -0.0003   -0.0003   -0.0003
    8.2000   -0.0003   -0.0003   -0.0003
    8.2500   -0.0003   -0.0003   -0.0003
    8.3000   -0.0002   -0.0002   -0.0002
    8.3500   -0.0002   -0.0002   -0.0002
    8.4000   -0.0002   -0.0002   -0.0002
    8.4500   -0.0002   -0.0002   -0.0002
    8.5000   -0.0002   -0.0002   -0.0002
    8.5500   -0.0002   -0.0002   -0.0002
    8.6000   -0.0001   -0.0001   -0.0001
    8.6500   -0.0001   -0.0001   -0.0001
    8.7000   -0.0001   -0.0001   -0.0001
    8.7500   -0.0001   -0.0001   -0.0001
    8.8000   -0.0001   -0.0001   -0.0001
    8.8500   -0.0001   -0.0001   -0.0001
    8.9000   -0.0001   -0.0001   -0.0001
    8.9500   -0.0001   -0.0001   -0.0001
    9.0000   -0.0001   -0.0001   -0.0001
    9.0500   -0.0001   -0.0001   -0.0001
    9.1000   -0.0001   -0.0001   -0.0001
    9.1500   -0.0001   -0.0001   -0.0001
    9.2000   -0.0000   -0.0000   -0.0000
    9.2500   -0.0000   -0.0000   -0.0000
    9.3000   -0.0000   -0.0000   -0.0000
    9.3500   -0.0000   -0.0000   -0.0000
    9.4000   -0.0000   -0.0000   -0.0000
    9.4500   -0.0000   -0.0000   -0.0000
    9.5000   -0.0000   -0.0000   -0.0000
    9.5500   -0.0000   -0.0000   -0.0000
    9.6000   -0.0000   -0.0000   -0.0000
    9.6500   -0.0000   -0.0000   -0.0000
    9.7000   -0.0000   -0.0000   -0.0000
    9.7500   -0.0000   -0.0000   -0.0000
    9.8000   -0.0000   -0.0000   -0.0000
    9.8500   -0.0000   -0.0000   -0.0000
    9.9000   -0.0000   -0.0000   -0.0000
    9.9500   -0.0000   -0.0000   -0.0000
   10.0000   -0.0000   -0.0000   -0.0000
   10.0500   -0.0000   -0.0000   -0.0000
   10.1000   -0.0000   -0.0000   -0.0000
   10.1500   -0.0000   -0.0000   -0.0000
   10.2000   -0.0000   -0.0000   -0.0000
   10.2500   -0.0000   -0.0000   -0.0000
   10.3000   -0.0000   -0.0000   -0.0000
   10.3500   -0.0000   -0.0000   -0.0000
   10.4000   -0.0000   -0.0000   -0.0000
   10.4500   -0.0000   -0.0000   -0.0000
   10.5000   -0.0000   -0.0000   -0.0000
   10.5500   -0.0000   -0.0000   -0.0000
   10.6000   -0.0000   -0.0000   -0.0000
   10.6500   -0.0000   -0.0000   -0.0000
   10.7000   -0.0000   -0.0000   -0.0000
   10.7500   -0.0000   -0.0000   -0.0000
   10.8000   -0.0000   -0.0000   -0.0000
   10.8500   -0.0000   -0.0000   -0.0000
   10.9000   -0.0000   -0.0000   -0.0000
   10.9500   -0.0000   -0.0000   -0.0000
   11.0000   -0.0000   -0.0000   -0.0000
   11.0500   -0.0000   -0.0000   -0.0000
   11.1000   -0.0000   -0.0000   -0.0000
   11.1500   -0.0000   -0.0000   -0.0000
   11.2000   -0.0000   -0.0000   -0.0000
   11.2500   -0.0000   -0.0000   -0.0000
   11.3000   -0.0000   -0.0000   -0.0000
   11.3500   -0.0000   -0.0000   -0.0000
   11.4000   -0.0000   -0.0000   -0.0000
   11.4500   -0.0000   -0.0000   -0.0000
   11.5000   -0.0000   -0.0000   -0.0000
   11.5500   -0.0000   -0.0000   -0.0000
   11.6000   -0.0000   -0.0000   -0.0000
   11.6500   -0.0000   -0.0000   -0.0000
   11.7000   -0.0000   -0.0000   -0.0000
   11.7500   -0.0000   -0.0000   -0.0000
   11.8000   -0.0000   -0.0000   -0.0000
   11.8500   -0.0000   -0.0000   -0.0000
   11.9000   -0.0000   -0.0000   -0.0000
   11.9500   -0.0000   -0.0000   -0.0000
   12.0000   -0.0000   -0.0000   -0.0000
   12.0500   -0.0000   -0.0000   -0.0000
   12.1000   -0.0000   -0.0000   -0.0000
   12.1500   -0.0000   -0.0000   -0.0000
   12.2000   -0.0000   -0.0000   -0.0000
   12.2500   -0.0000   -0.0000   -0.0000
   12.3000   -0.0000   -0.0000   -0.0000
   12.3500   -0.0000   -0.0000   -0.0000
   12.4000   -0.0000   -0.0000   -0.0000
   12.4500   -0.0000   -0.0000   -0.0000
   12.5000   -0.0000   -0.0000   -0.0000
   12.5500   -0.0000   -0.0000   -0.0000
   12.6000   -0.0000   -0.0000   -0.0000
   12.6500   -0.0000   -0.0000   -0.0000
   12.7000   -0.0000   -0.0000   -0.0000
   12.7500   -0.0000   -0.0000   -0.0000
   12.8000   -0.0000   -0.0000   -0.0000
   12.8500   -0.0000   -0.0000   -0.0000
   12.9000   -0.0000   -0.0000   -0.0000
   12.9500   -0.0000   -0.0000   -0.0000
   13.0000   -0.0000   -0.0000   -0.0000
   13.0500   -0.0000   -0.0000   -0.0000
   13.1000   -0.0000   -0.0000   -0.0000
   13.1500   -0.0000   -0.0000   -0.0000
   13.2000   -0.0000   -0.0000   -0.0000
   13.2500   -0.0000   -0.0000   -0.0000
   13.3000   -0.0000   -0.0000   -0.0000
   13.3500   -0.0000   -0.0000   -0.0000
   13.4000   -0.0000   -0.0000   -0.0000
   13.4500   -0.0000   -0.0000   -0.0000
   13.5000   -0.0000   -0.0000   -0.0000
   13.5500   -0.0000   -0.0000   -0.0000
   13.6000   -0.0000   -0.0000   -0.0000
   13.6500   -0.0000   -0.0000   -0.0000
   13.7000   -0.0000   -0.0000   -0.0000
   13.7500   -0.0000   -0.0000   -0.0000
   13.8000   -0.0000   -0.0000   -0.0000
   13.8500   -0.0000   -0.0000   -0.0000
   13.9000   -0.0000   -0.0000   -0.0000
   13.9500   -0.0000   -0.0000   -0.0000
   14.0000   -0.0000   -0.0000   -0.0000
   14.0500   -0.0000   -0.0000   -0.0000
   14.1000   -0.0000   -0.0000   -0.0000
   14.1500   -0.0000   -0.0000   -0.0000
   14.2000   -0.0000   -0.0000   -0.0000
   14.2500   -0.0000   -0.0000   -0.0000
   14.3000   -0.0000   -0.0000   -0.0000
   14.3500   -0.0000   -0.0000   -0.0000
   14.4000   -0.0000   -0.0000   -0.0000
   14.4500   -0.0000   -0.0000   -0.0000
   14.5000   -0.0000   -0.0000   -0.0000
   14.5500   -0.0000   -0.0000   -0.0000
   14.6000   -0.0000   -0.0000   -0.0000
   14.6500   -0.0000   -0.0000   -0.0000
   14.7000   -0.0000   -0.0000   -0.0000
   14.7500   -0.0000   -0.0000   -0.0000
   14.8000   -0.0000   -0.0000   -0.0000
   14.8500   -0.0000   -0.0000   -0.0000
   14.9000   -0.0000   -0.0000   -0.0000
   14.9500   -0.0000   -0.0000   -0.0000
   15.0000   -0.0000   -0.0000   -0.0000
   15.0500   -0.0000   -0.0000   -0.0000
   15.1000   -0.0000   -0.0000   -0.0000
   15.1500   -0.0000   -0.0000   -0.0000
   15.2000   -0.0000   -0.0000   -0.0000
   15.2500   -0.0000   -0.0000   -0.0000
   15.3000   -0.0000   -0.0000   -0.0000
   15.3500   -0.0000   -0.0000   -0.0000
   15.4000   -0.0000   -0.0000   -0.0000
   15.4500   -0.0000   -0.0000   -0.0000
   15.5000   -0.0000   -0.0000   -0.0000
   15.5500   -0.0000   -0.0000   -0.0000
   15.6000   -0.0000   -0.0000   -0.0000
   15.6500   -0.0000   -0.0000   -0.0000
   15.7000   -0.0000   -0.0000   -0.0000
   15.7500   -0.0000   -0.0000   -0.0000
   15.8000   -0.0000   -0.0000   -0.0000
   15.8500   -0.0000   -0.0000   -0.0000
   15.9000   -0.0000   -0.0000   -0.0000
   15.9500   -0.0000   -0.0000   -0.0000
   16.0000   -0.0000   -0.0000   -0.0000
   16.0500   -0.0000   -0.0000   -0.0000
   16.1000   -0.0000   -0.0000   -0.0000
   16.1500   -0.0000   -0.0000   -0.0000
   16.2000   -0.0000   -0.0000   -0.0000
   16.2500   -0.0000   -0.0000   -0.0000
   16.3000   -0.0000   -0.0000   -0.0000
   16.3500   -0.0000   -0.0000   -0.0000
   16.4000   -0.0000   -0.0000   -0.0000
   16.4500   -0.0000   -0.0000   -0.0000
   16.5000   -0.0000   -0.0000   -0.0000
   16.5500   -0.0000   -0.0000   -0.0000
   16.6000   -0.0000   -0.0000   -0.0000
   16.6500   -0.0000   -0.0000   -0.0000
   16.7000   -0.0000   -0.0000   -0.0000
   16.7500   -0.0000   -0.0000   -0.0000
   16.8000   -0.0000   -0.0000   -0.0000
   16.8500   -0.0000   -0.0000   -0.0000
   16.9000   -0.0000   -0.0000   -0.0000
   16.9500   -0.0000   -0.0000   -0.0000
   17.0000   -0.0000   -0.0000   -0.0000
   17.0500   -0.0000   -0.0000   -0.0000
   17.1000   -0.0000   -0.0000   -0.0000
   17.1500   -0.0000   -0.0000   -0.0000
   17.2000   -0.0000   -0.0000   -0.0000
   17.2500   -0.0000   -0.0000   -0.0000
   17.3000   -0.0000   -0.0000   -0.0000
   17.3500   -0.0000   -0.0000   -0.0000
   17.4000   -0.0000   -0.0000   -0.0000
   17.4500   -0.0000   -0.0000   -0.0000
   17.5000   -0.0000   -0.0000   -0.0000
   17.5500   -0.0000   -0.0000   -0.0000
   17.6000   -0.0000   -0.0000   -0.0000
   17.6500   -0.0000   -0.0000   -0.0000
   17.7000   -0.0000   -0.0000   -0.0000
   17.7500   -0.0000   -0.0000   -0.0000
   17.8000   -0.0000   -0.0000   -0.0000
   17.8500   -0.0000   -0.0000   -0.0000
   17.9000   -0.0000   -0.0000   -0.0000
   17.9500   -0.0000   -0.0000   -0.0000
   18.0000   -0.0000   -0.0000   -0.0000
   18.0500   -0.0000   -0.0000   -0.0000
   18.1000   -0.0000   -0.0000   -0.0000
   18.1500   -0.0000   -0.0000   -0.0000
   18.2000   -0.0000   -0.0000   -0.0000
   18.2500   -0.0000   -0.0000   -0.0000
   18.3000   -0.0000   -0.0000   -0.0000
   18.3500   -0.0000   -0.0000   -0.0000
   18.4000   -0.0000   -0.0000   -0.0000
   18.4500   -0.0000   -0.0000   -0.0000
   18.5000   -0.0000   -0.0000   -0.0000
   18.5500   -0.0000   -0.0000   -0.0000
   18.6000   -0.0000   -0.0000   -0.0000
   18.6500   -0.0000   -0.0000   -0.0000
   18.7000   -0.0000   -0.0000   -0.0000
   18.7500   -0.0000   -0.0000   -0.0000
   18.8000   -0.0000   -0.0000   -0.0000
   18.8500   -0.0000   -0.0000   -0.0000
   18.9000   -0.0000   -0.0000   -0.0000
   18.9500   -0.0000   -0.0000   -0.0000
   19.0000   -0.0000   -0.0000   -0.0000
   19.0500   -0.0000   -0.0000   -0.0000
   19.1000   -0.0000   -0.0000   -0.0000
   19.1500   -0.0000   -0.0000   -0.0000
   19.2000   -0.0000   -0.0000   -0.0000
   19.2500   -0.0000   -0.0000   -0.0000
   19.3000   -0.0000   -0.0000   -0.0000
   19.3500   -0.0000   -0.0000   -0.0000
   19.4000   -0.0000   -0.0000   -0.0000
   19.4500   -0.0000   -0.0000   -0.0000
   19.5000   -0.0000   -0.0000   -0.0000
   19.5500   -0.0000   -0.0000   -0.0000
   19.6000   -0.0000   -0.0000   -0.0000
   19.6500   -0.0000   -0.0000   -0.0000
   19.7000   -0.0000   -0.0000   -0.0000
   19.7500   -0.0000   -0.0000   -0.0000
   19.8000   -0.0000   -0.0000   -0.0000
   19.8500   -0.0000   -0.0000   -0.0000
   19.9000   -0.0000   -0.0000   -0.0000
   19.9500   -0.0000   -0.0000   -0.0000
   20.0000   -0.0000   -0.0000   -0.0000
   20.0500   -0.0000   -0.0000   -0.0000
   20.1000   -0.0000   -0.0000   -0.0000
   20.1500   -0.0000   -0.0000   -0.0000
   20.2000   -0.0000   -0.0000   -0.0000
   20.2500   -0.0000   -0.0000   -0.0000
   20.3000   -0.0000   -0.0000   -0.0000
   20.3500   -0.0000   -0.0000   -0.0000
   20.4000   -0.0000   -0.0000   -0.0000
   20.4500   -0.0000   -0.0000   -0.0000
   20.5000   -0.0000   -0.0000   -0.0000
   20.5500   -0.0000   -0.0000   -0.0000
   20.6000   -0.0000   -0.0000   -0.0000
   20.6500   -0.0000   -0.0000   -0.0000
   20.7000   -0.0000   -0.0000   -0.0000
   20.7500   -0.0000   -0.0000   -0.0000
   20.8000   -0.0000   -0.0000   -0.0000
   20.8500   -0.0000   -0.0000   -0.0000
   20.9000   -0.0000   -0.0000   -0.0000
   20.9500   -0.0000   -0.0000   -0.0000
   21.0000   -0.0000   -0.0000   -0.0000
   21.0500   -0.0000   -0.0000   -0.0000
   21.1000   -0.0000   -0.0000   -0.0000
   21.1500   -0.0000   -0.0000   -0.0000
   21.2000   -0.0000   -0.0000   -0.0000
   21.2500   -0.0000   -0.0000   -0.0000
   21.3000   -0.0000   -0.0000   -0.0000
   21.3500   -0.0000   -0.0000   -0.0000
   21.4000   -0.0000   -0.0000   -0.0000
   21.4500   -0.0000   -0.0000   -0.0000
   21.5000   -0.0000   -0.0000   -0.0000
   21.5500   -0.0000   -0.0000   -0.0000
   21.6000   -0.0000   -0.0000   -0.0000
   21.6500   -0.0000   -0.0000   -0.0000
   21.7000   -0.0000   -0.0000   -0.0000
   21.7500   -0.0000   -0.0000   -0.0000
   21.8000   -0.0000   -0.0000   -0.0000
   21.8500   -0.0000   -0.0000   -0.0000
   21.9000   -0.0000   -0.0000   -0.0000
   21.9500   -0.0000   -0.0000   -0.0000
   22.0000   -0.0000   -0.0000   -0.0000
   22.0500   -0.0000   -0.0000   -0.0000
   22.1000   -0.0000   -0.0000   -0.0000
   22.1500   -0.0000   -0.0000   -0.0000
   22.2000   -0.0000   -0.0000   -0.0000
   22.2500   -0.0000   -0.0000   -0.0000
   22.3000   -0.0000   -0.0000   -0.0000
   22.3500   -0.0000   -0.0000   -0.0000
   22.4000   -0.0000   -0.0000   -0.0000
   22.4500   -0.0000   -0.0000   -0.0000
   22.5000   -0.0000   -0.0000   -0.0000
   22.5500   -0.0000   -0.0000   -0.0000
   22.6000   -0.0000   -0.0000   -0.0000
   22.6500   -0.0000   -0.0000   -0.0000
   22.7000   -0.0000   -0.0000   -0.0000
   22.7500   -0.0000   -0.0000   -0.0000
   22.8000   -0.0000   -0.0000   -0.0000
   22.8500   -0.0000   -0.0000   -0.0000
   22.9000   -0.0000   -0.0000   -0.0000
   22.9500   -0.0000   -0.0000   -0.0000
   23.0000   -0.0000   -0.0000   -0.0000
   23.0500   -0.0000   -0.0000   -0.0000
   23.1000   -0.0000   -0.0000   -0.0000
   23.1500   -0.0000   -0.0000   -0.0000
   23.2000   -0.0000   -0.0000   -0.0000
   23.2500   -0.0000   -0.0000   -0.0000
   23.3000   -0.0000   -0.0000   -0.0000
   23.3500   -0.0000   -0.0000   -0.0000
   23.4000   -0.0000   -0.0000   -0.0000
   23.4500   -0.0000   -0.0000   -0.0000
   23.5000   -0.0000   -0.0000   -0.0000
   23.5500   -0.0000   -0.0000   -0.0000
   23.6000   -0.0000   -0.0000   -0.0000
   23.6500   -0.0000   -0.0000   -0.0000
   23.7000   -0.0000   -0.0000   -0.0000
   23.7500   -0.0000   -0.0000   -0.0000
   23.8000   -0.0000   -0.0000   -0.0000
   23.8500   -0.0000   -0.0000   -0.0000
   23.9000   -0.0000   -0.0000   -0.0000
   23.9500   -0.0000   -0.0000   -0.0000
   24.0000   -0.0000   -0.0000   -0.0000
   24.0500   -0.0000   -0.0000   -0.0000
   24.1000   -0.0000   -0.0000   -0.0000
   24.1500   -0.0000   -0.0000   -0.0000
   24.2000   -0.0000   -0.0000   -0.0000
   24.2500   -0.0000   -0.0000   -0.0000
   24.3000   -0.0000   -0.0000   -0.0000
   24.3500   -0.0000   -0.0000   -0.0000
   24.4000   -0.0000   -0.0000   -0.0000
   24.4500   -0.0000   -0.0000   -0.0000
   24.5000   -0.0000   -0.0000   -0.0000
   24.5500   -0.0000   -0.0000   -0.0000
   24.6000   -0.0000   -0.0000   -0.0000
   24.6500   -0.0000   -0.0000   -0.0000
   24.7000   -0.0000   -0.0000   -0.0000
   24.7500   -0.0000   -0.0000   -0.0000
   24.8000   -0.0000   -0.0000   -0.0000
   24.8500   -0.0000   -0.0000   -0.0000
   24.9000   -0.0000   -0.0000   -0.0000
   24.9500   -0.0000   -0.0000   -0.0000
   25.0000   -0.0000   -0.0000   -0.0000
   25.0500   -0.0000   -0.0000   -0.0000
   25.1000   -0.0000   -0.0000   -0.0000
   25.1500   -0.0000   -0.0000   -0.0000
   25.2000   -0.0000   -0.0000   -0.0000
   25.2500   -0.0000   -0.0000   -0.0000
   25.3000   -0.0000   -0.0000   -0.0000
   25.3500   -0.0000   -0.0000   -0.0000
   25.4000   -0.0000   -0.0000   -0.0000
   25.4500   -0.0000   -0.0000   -0.0000
   25.5000   -0.0000   -0.0000   -0.0000
   25.5500   -0.0000   -0.0000   -0.0000
   25.6000   -0.0000   -0.0000   -0.0000
   25.6500   -0.0000   -0.0000   -0.0000
   25.7000   -0.0000   -0.0000   -0.0000
   25.7500   -0.0000   -0.0000   -0.0000
   25.8000   -0.0000   -0.0000   -0.0000
   25.8500   -0.0000   -0.0000   -0.0000
   25.9000   -0.0000   -0.0000   -0.0000
   25.9500   -0.0000   -0.0000   -0.0000
   26.0000   -0.0000   -0.0000   -0.0000
   26.0500   -0.0000   -0.0000   -0.0000
   26.1000   -0.0000   -0.0000   -0.0000
   26.1500   -0.0000   -0.0000   -0.0000
   26.2000   -0.0000   -0.0000   -0.0000
   26.2500   -0.0000   -0.0000   -0.0000
   26.3000   -0.0000   -0.0000   -0.0000
   26.3500   -0.0000   -0.0000   -0.0000
   26.4000   -0.0000   -0.0000   -0.0000
   26.4500   -0.0000   -0.0000   -0.0000
   26.5000   -0.0000   -0.0000   -0.0000
   26.5500   -0.0000   -0.0000   -0.0000
   26.6000   -0.0000   -0.0000   -0.0000
   26.6500   -0.0000   -0.0000   -0.0000
   26.7000   -0.0000   -0.0000   -0.0000
   26.7500   -0.0000   -0.0000   -0.0000
   26.8000   -0.0000   -0.0000   -0.0000
   26.8500   -0.0000   -0.0000   -0.0000
   26.9000   -0.0000   -0.0000   -0.0000
   26.9500   -0.0000   -0.0000   -0.0000
   27.0000   -0.0000   -0.0000   -0.0000
   27.0500   -0.0000   -0.0000   -0.0000
   27.1000   -0.0000   -0.0000   -0.0000
   27.1500   -0.0000   -0.0000   -0.0000
   27.2000   -0.0000   -0.0000   -0.0000
   27.2500   -0.0000   -0.0000   -0.0000
   27.3000   -0.0000   -0.0000   -0.0000
   27.3500   -0.0000   -0.0000   -0.0000
   27.4000   -0.0000   -0.0000   -0.0000
   27.4500   -0.0000   -0.0000   -0.0000
   27.5000   -0.0000   -0.0000   -0.0000
   27.5500   -0.0000   -0.0000   -0.0000
   27.6000   -0.0000   -0.0000   -0.0000
   27.6500   -0.0000   -0.0000   -0.0000
   27.7000   -0.0000   -0.0000   -0.0000
   27.7500   -0.0000   -0.0000   -0.0000
   27.8000   -0.0000   -0.0000   -0.0000
   27.8500   -0.0000   -0.0000   -0.0000
   27.9000   -0.0000   -0.0000   -0.0000
   27.9500   -0.0000   -0.0000   -0.0000
   28.0000   -0.0000   -0.0000   -0.0000
   28.0500   -0.0000   -0.0000   -0.0000
   28.1000   -0.0000   -0.0000   -0.0000
   28.1500   -0.0000   -0.0000   -0.0000
   28.2000   -0.0000   -0.0000   -0.0000
   28.2500   -0.0000   -0.0000   -0.0000
   28.3000   -0.0000   -0.0000   -0.0000
   28.3500   -0.0000   -0.0000   -0.0000
   28.4000   -0.0000   -0.0000   -0.0000
   28.4500   -0.0000   -0.0000   -0.0000
   28.5000   -0.0000   -0.0000   -0.0000
   28.5500   -0.0000   -0.0000   -0.0000
   28.6000   -0.0000   -0.0000   -0.0000
   28.6500   -0.0000   -0.0000   -0.0000
   28.7000   -0.0000   -0.0000   -0.0000
   28.7500   -0.0000   -0.0000   -0.0000
   28.8000   -0.0000   -0.0000   -0.0000
   28.8500   -0.0000   -0.0000   -0.0000
   28.9000   -0.0000   -0.0000   -0.0000
   28.9500   -0.0000   -0.0000   -0.0000
   29.0000   -0.0000   -0.0000   -0.0000
   29.0500   -0.0000   -0.0000   -0.0000
   29.1000   -0.0000   -0.0000   -0.0000
   29.1500   -0.0000   -0.0000   -0.0000
   29.2000   -0.0000   -0.0000   -0.0000
   29.2500   -0.0000   -0.0000   -0.0000
   29.3000   -0.0000   -0.0000   -0.0000
   29.3500   -0.0000   -0.0000   -0.0000
   29.4000   -0.0000   -0.0000   -0.0000
   29.4500   -0.0000   -0.0000   -0.0000
   29.5000   -0.0000   -0.0000   -0.0000
   29.5500   -0.0000   -0.0000   -0.0000
   29.6000   -0.0000   -0.0000   -0.0000
   29.6500   -0.0000   -0.0000   -0.0000
   29.7000   -0.0000   -0.0000   -0.0000
   29.7500   -0.0000   -0.0000   -0.0000
   29.8000   -0.0000   -0.0000   -0.0000
   29.8500   -0.0000   -0.0000   -0.0000
   29.9000   -0.0000   -0.0000   -0.0000
   29.9500   -0.0000   -0.0000   -0.0000
   30.0000   -0.0000   -0.0000   -0.0000
   30.0500   -0.0000   -0.0000   -0.0000
   30.1000   -0.0000   -0.0000   -0.0000
   30.1500   -0.0000   -0.0000   -0.0000
   30.2000   -0.0000   -0.0000   -0.0000
   30.2500   -0.0000   -0.0000   -0.0000
   30.3000   -0.0000   -0.0000   -0.0000
   30.3500   -0.0000   -0.0000   -0.0000
   30.4000   -0.0000   -0.0000   -0.0000
   30.4500   -0.0000   -0.0000   -0.0000
   30.5000   -0.0000   -0.0000   -0.0000
   30.5500   -0.0000   -0.0000   -0.0000
   30.6000   -0.0000   -0.0000   -0.0000
   30.6500   -0.0000   -0.0000   -0.0000
   30.7000   -0.0000   -0.0000   -0.0000
   30.7500   -0.0000   -0.0000   -0.0000
   30.8000   -0.0000   -0.0000   -0.0000
   30.8500   -0.0000   -0.0000   -0.0000
   30.9000   -0.0000   -0.0000   -0.0000
   30.9500   -0.0000   -0.0000   -0.0000
   31.0000   -0.0000   -0.0000   -0.0000
   31.0500   -0.0000   -0.0000   -0.0000
   31.1000   -0.0000   -0.0000   -0.0000
   31.1500   -0.0000   -0.0000   -0.0000
   31.2000   -0.0000   -0.0000   -0.0000
   31.2500   -0.0000   -0.0000   -0.0000
   31.3000   -0.0000   -0.0000   -0.0000
   31.3500   -0.0000   -0.0000   -0.0000
   31.4000   -0.0000   -0.0000   -0.0000
   31.4500   -0.0000   -0.0000   -0.0000
   31.5000   -0.0000   -0.0000   -0.0000
   31.5500   -0.0000   -0.0000   -0.0000
   31.6000   -0.0000   -0.0000   -0.0000
   31.6500   -0.0000   -0.0000   -0.0000
   31.7000   -0.0000   -0.0000   -0.0000
   31.7500   -0.0000   -0.0000   -0.0000
   31.8000   -0.0000   -0.0000   -0.0000
   31.8500   -0.0000   -0.0000   -0.0000
   31.9000   -0.0000   -0.0000   -0.0000
   31.9500   -0.0000   -0.0000   -0.0000
   32.0000   -0.0000   -0.0000   -0.0000
   32.0500   -0.0000   -0.0000   -0.0000
   32.1000   -0.0000   -0.0000   -0.0000
   32.1500   -0.0000   -0.0000   -0.0000
   32.2000   -0.0000   -0.0000   -0.0000
   32.2500   -0.0000   -0.0000   -0.0000
   32.3000   -0.0000   -0.0000   -0.0000
   32.3500   -0.0000   -0.0000   -0.0000
   32.4000   -0.0000   -0.0000   -0.0000
   32.4500   -0.0000   -0.0000   -0.0000
   32.5000   -0.0000   -0.0000   -0.0000
   32.5500   -0.0000   -0.0000   -0.0000
   32.6000   -0.0000   -0.0000   -0.0000
   32.6500   -0.0000   -0.0000   -0.0000
   32.7000   -0.0000   -0.0000   -0.0000
   32.7500   -0.0000   -0.0000   -0.0000
   32.8000   -0.0000   -0.0000   -0.0000
   32.8500   -0.0000   -0.0000   -0.0000
   32.9000   -0.0000   -0.0000   -0.0000
   32.9500   -0.0000   -0.0000   -0.0000
   33.0000   -0.0000   -0.0000   -0.0000
   33.0500   -0.0000   -0.0000   -0.0000
   33.1000   -0.0000   -0.0000   -0.0000
   33.1500   -0.0000   -0.0000   -0.0000
   33.2000   -0.0000   -0.0000   -0.0000
   33.2500   -0.0000   -0.0000   -0.0000
   33.3000   -0.0000   -0.0000   -0.0000
   33.3500   -0.0000   -0.0000   -0.0000
   33.4000   -0.0000   -0.0000   -0.0000
   33.4500   -0.0000   -0.0000   -0.0000
   33.5000   -0.0000   -0.0000   -0.0000
   33.5500   -0.0000   -0.0000   -0.0000
   33.6000   -0.0000   -0.0000   -0.0000
   33.6500   -0.0000   -0.0000   -0.0000
   33.7000   -0.0000   -0.0000   -0.0000
   33.7500   -0.0000   -0.0000   -0.0000
   33.8000   -0.0000   -0.0000   -0.0000
   33.8500   -0.0000   -0.0000   -0.0000
   33.9000   -0.0000   -0.0000   -0.0000
   33.9500   -0.0000   -0.0000   -0.0000
   34.0000   -0.0000   -0.0000   -0.0000
   34.0500   -0.0000   -0.0000   -0.0000
   34.1000   -0.0000   -0.0000   -0.0000
   34.1500   -0.0000   -0.0000   -0.0000
   34.2000   -0.0000   -0.0000   -0.0000
   34.2500   -0.0000   -0.0000   -0.0000
   34.3000   -0.0000   -0.0000   -0.0000
   34.3500   -0.0000   -0.0000   -0.0000
   34.4000   -0.0000   -0.0000   -0.0000
   34.4500   -0.0000   -0.0000   -0.0000
   34.5000   -0.0000   -0.0000   -0.0000
   34.5500   -0.0000   -0.0000   -0.0000
   34.6000   -0.0000   -0.0000   -0.0000
   34.6500   -0.0000   -0.0000   -0.0000
   34.7000   -0.0000   -0.0000   -0.0000
   34.7500   -0.0000   -0.0000   -0.0000
   34.8000   -0.0000   -0.0000   -0.0000
   34.8500   -0.0000   -0.0000   -0.0000
   34.9000   -0.0000   -0.0000   -0.0000
   34.9500   -0.0000   -0.0000   -0.0000
   35.0000   -0.0000   -0.0000   -0.0000
   35.0500   -0.0000   -0.0000   -0.0000
   35.1000   -0.0000   -0.0000   -0.0000
   35.1500   -0.0000   -0.0000   -0.0000
   35.2000   -0.0000   -0.0000   -0.0000
   35.2500   -0.0000   -0.0000   -0.0000
   35.3000   -0.0000   -0.0000   -0.0000
   35.3500   -0.0000   -0.0000   -0.0000
   35.4000   -0.0000   -0.0000   -0.0000
   35.4500   -0.0000   -0.0000   -0.0000
   35.5000   -0.0000   -0.0000   -0.0000
   35.5500   -0.0000   -0.0000   -0.0000
   35.6000   -0.0000   -0.0000   -0.0000
   35.6500   -0.0000   -0.0000   -0.0000
   35.7000   -0.0000   -0.0000   -0.0000
   35.7500   -0.0000   -0.0000   -0.0000
   35.8000   -0.0000   -0.0000   -0.0000
   35.8500   -0.0000   -0.0000   -0.0000
   35.9000   -0.0000   -0.0000   -0.0000
   35.9500   -0.0000   -0.0000   -0.0000
   36.0000   -0.0000   -0.0000   -0.0000
   36.0500   -0.0000   -0.0000   -0.0000
   36.1000   -0.0000   -0.0000   -0.0000
   36.1500   -0.0000   -0.0000   -0.0000
   36.2000   -0.0000   -0.0000   -0.0000
   36.2500   -0.0000   -0.0000   -0.0000
   36.3000   -0.0000   -0.0000   -0.0000
   36.3500   -0.0000   -0.0000   -0.0000
   36.4000   -0.0000   -0.0000   -0.0000
   36.4500   -0.0000   -0.0000   -0.0000
   36.5000   -0.0000   -0.0000   -0.0000
   36.5500   -0.0000   -0.0000   -0.0000
   36.6000   -0.0000   -0.0000   -0.0000
   36.6500   -0.0000   -0.0000   -0.0000
   36.7000   -0.0000   -0.0000   -0.0000
   36.7500   -0.0000   -0.0000   -0.0000
   36.8000   -0.0000   -0.0000   -0.0000
   36.8500   -0.0000   -0.0000   -0.0000
   36.9000   -0.0000   -0.0000   -0.0000
   36.9500   -0.0000   -0.0000   -0.0000
   37.0000   -0.0000   -0.0000   -0.0000
   37.0500   -0.0000   -0.0000   -0.0000
   37.1000   -0.0000   -0.0000   -0.0000
   37.1500   -0.0000   -0.0000   -0.0000
   37.2000   -0.0000   -0.0000   -0.0000
   37.2500   -0.0000   -0.0000   -0.0000
   37.3000   -0.0000   -0.0000   -0.0000
   37.3500   -0.0000   -0.0000   -0.0000
   37.4000   -0.0000   -0.0000   -0.0000
   37.4500   -0.0000   -0.0000   -0.0000
   37.5000   -0.0000   -0.0000   -0.0000
   37.5500   -0.0000   -0.0000   -0.0000
   37.6000   -0.0000   -0.0000   -0.0000
   37.6500   -0.0000   -0.0000   -0.0000
   37.7000   -0.0000   -0.0000   -0.0000
   37.7500   -0.0000   -0.0000   -0.0000
   37.8000   -0.0000   -0.0000   -0.0000
   37.8500   -0.0000   -0.0000   -0.0000
   37.9000   -0.0000   -0.0000   -0.0000
   37.9500   -0.0000   -0.0000   -0.0000
   38.0000   -0.0000   -0.0000   -0.0000
   38.0500   -0.0000   -0.0000   -0.0000
   38.1000   -0.0000   -0.0000   -0.0000
   38.1500   -0.0000   -0.0000   -0.0000
   38.2000   -0.0000   -0.0000   -0.0000
   38.2500   -0.0000   -0.0000   -0.0000
   38.3000   -0.0000   -0.0000   -0.0000
   38.3500   -0.0000   -0.0000   -0.0000
   38.4000   -0.0000   -0.0000   -0.0000
   38.4500   -0.0000   -0.0000   -0.0000
   38.5000   -0.0000   -0.0000   -0.0000
   38.5500   -0.0000   -0.0000   -0.0000
   38.6000   -0.0000   -0.0000   -0.0000
   38.6500   -0.0000   -0.0000   -0.0000
   38.7000   -0.0000   -0.0000   -0.0000
   38.7500   -0.0000   -0.0000   -0.0000
   38.8000   -0.0000   -0.0000   -0.0000
   38.8500   -0.0000   -0.0000   -0.0000
   38.9000   -0.0000   -0.0000   -0.0000
   38.9500   -0.0000   -0.0000   -0.0000
   39.0000   -0.0000   -0.0000   -0.0000
   39.0500   -0.0000   -0.0000   -0.0000
   39.1000   -0.0000   -0.0000   -0.0000
   39.1500   -0.0000   -0.0000   -0.0000
   39.2000   -0.0000   -0.0000   -0.0000
   39.2500   -0.0000   -0.0000   -0.0000
   39.3000   -0.0000   -0.0000   -0.0000
   39.3500   -0.0000   -0.0000   -0.0000
   39.4000   -0.0000   -0.0000   -0.0000
   39.4500   -0.0000   -0.0000   -0.0000
   39.5000   -0.0000   -0.0000   -0.0000
   39.5500   -0.0000   -0.0000   -0.0000
   39.6000   -0.0000   -0.0000   -0.0000
   39.6500   -0.0000   -0.0000   -0.0000
   39.7000   -0.0000   -0.0000   -0.0000
   39.7500   -0.0000   -0.0000   -0.0000
   39.8000   -0.0000   -0.0000   -0.0000
   39.8500   -0.0000   -0.0000   -0.0000
   39.9000   -0.0000   -0.0000   -0.0000
   39.9500   -0.0000   -0.0000   -0.0000
   40.0000   -0.0000   -0.0000   -0.0000
   40.0500   -0.0000   -0.0000   -0.0000
   40.1000   -0.0000   -0.0000   -0.0000
   40.1500   -0.0000   -0.0000   -0.0000
   40.2000   -0.0000   -0.0000   -0.0000
   40.2500   -0.0000   -0.0000   -0.0000
   40.3000   -0.0000   -0.0000   -0.0000
   40.3500   -0.0000   -0.0000   -0.0000
   40.4000   -0.0000   -0.0000   -0.0000
   40.4500   -0.0000   -0.0000   -0.0000
   40.5000   -0.0000   -0.0000   -0.0000
   40.5500   -0.0000   -0.0000   -0.0000
   40.6000   -0.0000   -0.0000   -0.0000
   40.6500   -0.0000   -0.0000   -0.0000
   40.7000   -0.0000   -0.0000   -0.0000
   40.7500   -0.0000   -0.0000   -0.0000
   40.8000   -0.0000   -0.0000   -0.0000
   40.8500   -0.0000   -0.0000   -0.0000
   40.9000   -0.0000   -0.0000   -0.0000
   40.9500   -0.0000   -0.0000   -0.0000
   41.0000   -0.0000   -0.0000   -0.0000
   41.0500   -0.0000   -0.0000   -0.0000
   41.1000   -0.0000   -0.0000   -0.0000
   41.1500   -0.0000   -0.0000   -0.0000
   41.2000   -0.0000   -0.0000   -0.0000
   41.2500   -0.0000   -0.0000   -0.0000
   41.3000   -0.0000   -0.0000   -0.0000
   41.3500   -0.0000   -0.0000   -0.0000
   41.4000   -0.0000   -0.0000   -0.0000
   41.4500   -0.0000   -0.0000   -0.0000
   41.5000   -0.0000   -0.0000   -0.0000
   41.5500   -0.0000   -0.0000   -0.0000
   41.6000   -0.0000   -0.0000   -0.0000
   41.6500   -0.0000   -0.0000   -0.0000
   41.7000   -0.0000   -0.0000   -0.0000
   41.7500   -0.0000   -0.0000   -0.0000
   41.8000   -0.0000   -0.0000   -0.0000
   41.8500   -0.0000   -0.0000   -0.0000
   41.9000   -0.0000   -0.0000   -0.0000
   41.9500   -0.0000   -0.0000   -0.0000
   42.0000   -0.0000   -0.0000   -0.0000
   42.0500   -0.0000   -0.0000   -0.0000
   42.1000   -0.0000   -0.0000   -0.0000
   42.1500   -0.0000   -0.0000   -0.0000
   42.2000   -0.0000   -0.0000   -0.0000
   42.2500   -0.0000   -0.0000   -0.0000
   42.3000   -0.0000   -0.0000   -0.0000
   42.3500   -0.0000   -0.0000   -0.0000
   42.4000   -0.0000   -0.0000   -0.0000
   42.4500   -0.0000   -0.0000   -0.0000
   42.5000   -0.0000   -0.0000   -0.0000
   42.5500   -0.0000   -0.0000   -0.0000
   42.6000   -0.0000   -0.0000   -0.0000
   42.6500   -0.0000   -0.0000   -0.0000
   42.7000   -0.0000   -0.0000   -0.0000
   42.7500   -0.0000   -0.0000   -0.0000
   42.8000   -0.0000   -0.0000   -0.0000
   42.8500   -0.0000   -0.0000   -0.0000
   42.9000   -0.0000   -0.0000   -0.0000
   42.9500   -0.0000   -0.0000   -0.0000
   43.0000   -0.0000   -0.0000   -0.0000
   43.0500   -0.0000   -0.0000   -0.0000
   43.1000   -0.0000   -0.0000   -0.0000
   43.1500   -0.0000   -0.0000   -0.0000
   43.2000   -0.0000   -0.0000   -0.0000
   43.2500   -0.0000   -0.0000   -0.0000
   43.3000   -0.0000   -0.0000   -0.0000
   43.3500   -0.0000   -0.0000   -0.0000
   43.4000   -0.0000   -0.0000   -0.0000
   43.4500   -0.0000   -0.0000   -0.0000
   43.5000   -0.0000   -0.0000   -0.0000
   43.5500   -0.0000   -0.0000   -0.0000
   43.6000   -0.0000   -0.0000   -0.0000
   43.6500   -0.0000   -0.0000   -0.0000
   43.7000   -0.0000   -0.0000   -0.0000
   43.7500   -0.0000   -0.0000   -0.0000
   43.8000   -0.0000   -0.0000   -0.0000
   43.8500   -0.0000   -0.0000   -0.0000
   43.9000   -0.0000   -0.0000   -0.0000
   43.9500   -0.0000   -0.0000   -0.0000
   44.0000   -0.0000   -0.0000   -0.0000
   44.0500   -0.0000   -0.0000   -0.0000
   44.1000   -0.0000   -0.0000   -0.0000
   44.1500   -0.0000   -0.0000   -0.0000
   44.2000   -0.0000   -0.0000   -0.0000
   44.2500   -0.0000   -0.0000   -0.0000
   44.3000   -0.0000   -0.0000   -0.0000
   44.3500   -0.0000   -0.0000   -0.0000
   44.4000   -0.0000   -0.0000   -0.0000
   44.4500   -0.0000   -0.0000   -0.0000
   44.5000   -0.0000   -0.0000   -0.0000
   44.5500   -0.0000   -0.0000   -0.0000
   44.6000   -0.0000   -0.0000   -0.0000
   44.6500   -0.0000   -0.0000   -0.0000
   44.7000   -0.0000   -0.0000   -0.0000
   44.7500   -0.0000   -0.0000   -0.0000
   44.8000   -0.0000   -0.0000   -0.0000
   44.8500   -0.0000   -0.0000   -0.0000
   44.9000   -0.0000   -0.0000   -0.0000
   44.9500   -0.0000   -0.0000   -0.0000
   45.0000   -0.0000   -0.0000   -0.0000
   45.0500   -0.0000   -0.0000   -0.0000
   45.1000   -0.0000   -0.0000   -0.0000
   45.1500   -0.0000   -0.0000   -0.0000
   45.2000   -0.0000   -0.0000   -0.0000
   45.2500   -0.0000   -0.0000   -0.0000
   45.3000   -0.0000   -0.0000   -0.0000
   45.3500   -0.0000   -0.0000   -0.0000
   45.4000   -0.0000   -0.0000   -0.0000
   45.4500   -0.0000   -0.0000   -0.0000
   45.5000   -0.0000   -0.0000   -0.0000
   45.5500   -0.0000   -0.0000   -0.0000
   45.6000   -0.0000   -0.0000   -0.0000
   45.6500   -0.0000   -0.0000   -0.0000
   45.7000   -0.0000   -0.0000   -0.0000
   45.7500   -0.0000   -0.0000   -0.0000
   45.8000   -0.0000   -0.0000   -0.0000
   45.8500   -0.0000   -0.0000   -0.0000
   45.9000   -0.0000   -0.0000   -0.0000
   45.9500   -0.0000   -0.0000   -0.0000
   46.0000   -0.0000   -0.0000   -0.0000
   46.0500   -0.0000   -0.0000   -0.0000
   46.1000   -0.0000   -0.0000   -0.0000
   46.1500   -0.0000   -0.0000   -0.0000
   46.2000   -0.0000   -0.0000   -0.0000
   46.2500   -0.0000   -0.0000   -0.0000
   46.3000   -0.0000   -0.0000   -0.0000
   46.3500   -0.0000   -0.0000   -0.0000
   46.4000   -0.0000   -0.0000   -0.0000
   46.4500   -0.0000   -0.0000   -0.0000
   46.5000   -0.0000   -0.0000   -0.0000
   46.5500   -0.0000   -0.0000   -0.0000
   46.6000   -0.0000   -0.0000   -0.0000
   46.6500   -0.0000   -0.0000   -0.0000
   46.7000   -0.0000   -0.0000   -0.0000
   46.7500   -0.0000   -0.0000   -0.0000
   46.8000   -0.0000   -0.0000   -0.0000
   46.8500   -0.0000   -0.0000   -0.0000
   46.9000   -0.0000   -0.0000   -0.0000
   46.9500   -0.0000   -0.0000   -0.0000
   47.0000   -0.0000   -0.0000   -0.0000
   47.0500   -0.0000   -0.0000   -0.0000
   47.1000   -0.0000   -0.0000   -0.0000
   47.1500   -0.0000   -0.0000   -0.0000
   47.2000   -0.0000   -0.0000   -0.0000
   47.2500   -0.0000   -0.0000   -0.0000
   47.3000   -0.0000   -0.0000   -0.0000
   47.3500   -0.0000   -0.0000   -0.0000
   47.4000   -0.0000   -0.0000   -0.0000
   47.4500   -0.0000   -0.0000   -0.0000
   47.5000   -0.0000   -0.0000   -0.0000
   47.5500   -0.0000   -0.0000   -0.0000
   47.6000   -0.0000   -0.0000   -0.0000
   47.6500   -0.0000   -0.0000   -0.0000
   47.7000   -0.0000   -0.0000   -0.0000
   47.7500   -0.0000   -0.0000   -0.0000
   47.8000   -0.0000   -0.0000   -0.0000
   47.8500   -0.0000   -0.0000   -0.0000
   47.9000   -0.0000   -0.0000   -0.0000
   47.9500   -0.0000   -0.0000   -0.0000
   48.0000   -0.0000   -0.0000   -0.0000
   48.0500   -0.0000   -0.0000   -0.0000
   48.1000   -0.0000   -0.0000   -0.0000
   48.1500   -0.0000   -0.0000   -0.0000
   48.2000   -0.0000   -0.0000   -0.0000
   48.2500   -0.0000   -0.0000   -0.0000
   48.3000   -0.0000   -0.0000   -0.0000
   48.3500   -0.0000   -0.0000   -0.0000
   48.4000   -0.0000   -0.0000   -0.0000
   48.4500   -0.0000   -0.0000   -0.0000
   48.5000   -0.0000   -0.0000   -0.0000
   48.5500   -0.0000   -0.0000   -0.0000
   48.6000   -0.0000   -0.0000   -0.0000
   48.6500   -0.0000   -0.0000   -0.0000
   48.7000   -0.0000   -0.0000   -0.0000
   48.7500   -0.0000   -0.0000   -0.0000
   48.8000   -0.0000   -0.0000   -0.0000
   48.8500   -0.0000   -0.0000   -0.0000
   48.9000   -0.0000   -0.0000   -0.0000
   48.9500   -0.0000   -0.0000   -0.0000
   49.0000   -0.0000   -0.0000   -0.0000
   49.0500   -0.0000   -0.0000   -0.0000
   49.1000   -0.0000   -0.0000   -0.0000
   49.1500   -0.0000   -0.0000   -0.0000
   49.2000   -0.0000   -0.0000   -0.0000
   49.2500   -0.0000   -0.0000   -0.0000
   49.3000   -0.0000   -0.0000   -0.0000
   49.3500   -0.0000   -0.0000   -0.0000
   49.4000   -0.0000   -0.0000   -0.0000
   49.4500   -0.0000   -0.0000   -0.0000
   49.5000   -0.0000   -0.0000   -0.0000
   49.5500   -0.0000   -0.0000   -0.0000
   49.6000   -0.0000   -0.0000   -0.0000
   49.6500   -0.0000   -0.0000   -0.0000
   49.7000   -0.0000   -0.0000   -0.0000
   49.7500   -0.0000   -0.0000   -0.0000
   49.8000   -0.0000   -0.0000   -0.0000
   49.8500   -0.0000   -0.0000   -0.0000
   49.9000   -0.0000   -0.0000   -0.0000
   49.9500   -0.0000   -0.0000   -0.0000
   50.0000   -0.0000   -0.0000   -0.0000
   50.0500   -0.0000   -0.0000   -0.0000
   50.1000   -0.0000   -0.0000   -0.0000
   50.1500   -0.0000   -0.0000   -0.0000
   50.2000   -0.0000   -0.0000   -0.0000
   50.2500   -0.0000   -0.0000   -0.0000
   50.3000   -0.0000   -0.0000   -0.0000
   50.3500   -0.0000   -0.0000   -0.0000
   50.4000   -0.0000   -0.0000   -0.0000
   50.4500   -0.0000   -0.0000   -0.0000
   50.5000   -0.0000   -0.0000   -0.0000
   50.5500   -0.0000   -0.0000   -0.0000
   50.6000   -0.0000   -0.0000   -0.0000
   50.6500   -0.0000   -0.0000   -0.0000
   50.7000   -0.0000   -0.0000   -0.0000
   50.7500   -0.0000   -0.0000   -0.0000
   50.8000   -0.0000   -0.0000   -0.0000
   50.8500   -0.0000   -0.0000   -0.0000
   50.9000   -0.0000   -0.0000   -0.0000
   50.9500   -0.0000   -0.0000   -0.0000
   51.0000   -0.0000   -0.0000   -0.0000
   51.0500   -0.0000   -0.0000   -0.0000
   51.1000   -0.0000   -0.0000   -0.0000
   51.1500   -0.0000   -0.0000   -0.0000
   51.2000   -0.0000   -0.0000   -0.0000
   51.2500   -0.0000   -0.0000   -0.0000
   51.3000   -0.0000   -0.0000   -0.0000
   51.3500   -0.0000   -0.0000   -0.0000
   51.4000   -0.0000   -0.0000   -0.0000
   51.4500   -0.0000   -0.0000   -0.0000
   51.5000   -0.0000   -0.0000   -0.0000
   51.5500   -0.0000   -0.0000   -0.0000
   51.6000   -0.0000   -0.0000   -0.0000
   51.6500   -0.0000   -0.0000   -0.0000
   51.7000   -0.0000   -0.0000   -0.0000
   51.7500   -0.0000   -0.0000   -0.0000
   51.8000   -0.0000   -0.0000   -0.0000
   51.8500   -0.0000   -0.0000   -0.0000
   51.9000   -0.0000   -0.0000   -0.0000
   51.9500   -0.0000   -0.0000   -0.0000
   52.0000   -0.0000   -0.0000   -0.0000
   52.0500   -0.0000   -0.0000   -0.0000
   52.1000   -0.0000   -0.0000   -0.0000
   52.1500   -0.0000   -0.0000   -0.0000
   52.2000   -0.0000   -0.0000   -0.0000
   52.2500   -0.0000   -0.0000   -0.0000
   52.3000   -0.0000   -0.0000   -0.0000
   52.3500   -0.0000   -0.0000   -0.0000
   52.4000   -0.0000   -0.0000   -0.0000
   52.4500   -0.0000   -0.0000   -0.0000
   52.5000   -0.0000   -0.0000   -0.0000
   52.5500   -0.0000   -0.0000   -0.0000
   52.6000   -0.0000   -0.0000   -0.0000
   52.6500   -0.0000   -0.0000   -0.0000
   52.7000   -0.0000   -0.0000   -0.0000
   52.7500   -0.0000   -0.0000   -0.0000
   52.8000   -0.0000   -0.0000   -0.0000
   52.8500   -0.0000   -0.0000   -0.0000
   52.9000   -0.0000   -0.0000   -0.0000
   52.9500   -0.0000   -0.0000   -0.0000
   53.0000   -0.0000   -0.0000   -0.0000
   53.0500   -0.0000   -0.0000   -0.0000
   53.1000   -0.0000   -0.0000   -0.0000
   53.1500   -0.0000   -0.0000   -0.0000
   53.2000   -0.0000   -0.0000   -0.0000
   53.2500   -0.0000   -0.0000   -0.0000
   53.3000   -0.0000   -0.0000   -0.0000
   53.3500   -0.0000   -0.0000   -0.0000
   53.4000   -0.0000   -0.0000   -0.0000
   53.4500   -0.0000   -0.0000   -0.0000
   53.5000   -0.0000   -0.0000   -0.0000
   53.5500   -0.0000   -0.0000   -0.0000
   53.6000   -0.0000   -0.0000   -0.0000
   53.6500   -0.0000   -0.0000   -0.0000
   53.7000   -0.0000   -0.0000   -0.0000
   53.7500   -0.0000   -0.0000   -0.0000
   53.8000   -0.0000   -0.0000   -0.0000
   53.8500   -0.0000   -0.0000   -0.0000
   53.9000   -0.0000   -0.0000   -0.0000
   53.9500   -0.0000   -0.0000   -0.0000
   54.0000   -0.0000   -0.0000   -0.0000
   54.0500   -0.0000   -0.0000   -0.0000
   54.1000   -0.0000   -0.0000   -0.0000
   54.1500   -0.0000   -0.0000   -0.0000
   54.2000   -0.0000   -0.0000   -0.0000
   54.2500   -0.0000   -0.0000   -0.0000
   54.3000   -0.0000   -0.0000   -0.0000
   54.3500   -0.0000   -0.0000   -0.0000
   54.4000   -0.0000   -0.0000   -0.0000
   54.4500   -0.0000   -0.0000   -0.0000
   54.5000   -0.0000   -0.0000   -0.0000
   54.5500   -0.0000   -0.0000   -0.0000
   54.6000   -0.0000   -0.0000   -0.0000
   54.6500   -0.0000   -0.0000   -0.0000
   54.7000   -0.0000   -0.0000   -0.0000
   54.7500   -0.0000   -0.0000   -0.0000
   54.8000   -0.0000   -0.0000   -0.0000
   54.8500   -0.0000   -0.0000   -0.0000
   54.9000   -0.0000   -0.0000   -0.0000
   54.9500   -0.0000   -0.0000   -0.0000
   55.0000   -0.0000   -0.0000   -0.0000
   55.0500   -0.0000   -0.0000   -0.0000
   55.1000   -0.0000   -0.0000   -0.0000
   55.1500   -0.0000   -0.0000   -0.0000
   55.2000   -0.0000   -0.0000   -0.0000
   55.2500   -0.0000   -0.0000   -0.0000
   55.3000   -0.0000   -0.0000   -0.0000
   55.3500   -0.0000   -0.0000   -0.0000
   55.4000   -0.0000   -0.0000   -0.0000
   55.4500   -0.0000   -0.0000   -0.0000
   55.5000   -0.0000   -0.0000   -0.0000
   55.5500   -0.0000   -0.0000   -0.0000
   55.6000   -0.0000   -0.0000   -0.0000
   55.6500   -0.0000   -0.0000   -0.0000
   55.7000   -0.0000   -0.0000   -0.0000
   55.7500   -0.0000   -0.0000   -0.0000
   55.8000   -0.0000   -0.0000   -0.0000
   55.8500   -0.0000   -0.0000   -0.0000
   55.9000   -0.0000   -0.0000   -0.0000
   55.9500   -0.0000   -0.0000   -0.0000
   56.0000   -0.0000   -0.0000   -0.0000
   56.0500   -0.0000   -0.0000   -0.0000
   56.1000   -0.0000   -0.0000   -0.0000
   56.1500   -0.0000   -0.0000   -0.0000
   56.2000   -0.0000   -0.0000   -0.0000
   56.2500   -0.0000   -0.0000   -0.0000
   56.3000   -0.0000   -0.0000   -0.0000
   56.3500   -0.0000   -0.0000   -0.0000
   56.4000   -0.0000   -0.0000   -0.0000
   56.4500   -0.0000   -0.0000   -0.0000
   56.5000   -0.0000   -0.0000   -0.0000
   56.5500   -0.0000   -0.0000   -0.0000
   56.6000   -0.0000   -0.0000   -0.0000
   56.6500   -0.0000   -0.0000   -0.0000
   56.7000   -0.0000   -0.0000   -0.0000
   56.7500   -0.0000   -0.0000   -0.0000
   56.8000   -0.0000   -0.0000   -0.0000
   56.8500   -0.0000   -0.0000   -0.0000
   56.9000   -0.0000   -0.0000   -0.0000
   56.9500   -0.0000   -0.0000   -0.0000
   57.0000   -0.0000   -0.0000   -0.0000
   57.0500   -0.0000   -0.0000   -0.0000
   57.1000   -0.0000   -0.0000   -0.0000
   57.1500   -0.0000   -0.0000   -0.0000
   57.2000   -0.0000   -0.0000   -0.0000
   57.2500   -0.0000   -0.0000   -0.0000
   57.3000   -0.0000   -0.0000   -0.0000
   57.3500   -0.0000   -0.0000   -0.0000
   57.4000   -0.0000   -0.0000   -0.0000
   57.4500   -0.0000   -0.0000   -0.0000
   57.5000   -0.0000   -0.0000   -0.0000
   57.5500   -0.0000   -0.0000   -0.0000
   57.6000   -0.0000   -0.0000   -0.0000
   57.6500   -0.0000   -0.0000   -0.0000
   57.7000   -0.0000   -0.0000   -0.0000
   57.7500   -0.0000   -0.0000   -0.0000
   57.8000   -0.0000   -0.0000   -0.0000
   57.8500   -0.0000   -0.0000   -0.0000
   57.9000   -0.0000   -0.0000   -0.0000
   57.9500   -0.0000   -0.0000   -0.0000
   58.0000   -0.0000   -0.0000   -0.0000
   58.0500   -0.0000   -0.0000   -0.0000
   58.1000   -0.0000   -0.0000   -0.0000
   58.1500   -0.0000   -0.0000   -0.0000
   58.2000   -0.0000   -0.0000   -0.0000
   58.2500   -0.0000   -0.0000   -0.0000
   58.3000   -0.0000   -0.0000   -0.0000
   58.3500   -0.0000   -0.0000   -0.0000
   58.4000   -0.0000   -0.0000   -0.0000
   58.4500   -0.0000   -0.0000   -0.0000
   58.5000   -0.0000   -0.0000   -0.0000
   58.5500   -0.0000   -0.0000   -0.0000
   58.6000   -0.0000   -0.0000   -0.0000
   58.6500   -0.0000   -0.0000   -0.0000
   58.7000   -0.0000   -0.0000   -0.0000
   58.7500   -0.0000   -0.0000   -0.0000
   58.8000   -0.0000   -0.0000   -0.0000
   58.8500   -0.0000   -0.0000   -0.0000
   58.9000   -0.0000   -0.0000   -0.0000
   58.9500   -0.0000   -0.0000   -0.0000
   59.0000   -0.0000   -0.0000   -0.0000
   59.0500   -0.0000   -0.0000   -0.0000
   59.1000   -0.0000   -0.0000   -0.0000
   59.1500   -0.0000   -0.0000   -0.0000
   59.2000   -0.0000   -0.0000   -0.0000
   59.2500   -0.0000   -0.0000   -0.0000
   59.3000   -0.0000   -0.0000   -0.0000
   59.3500   -0.0000   -0.0000   -0.0000
   59.4000   -0.0000   -0.0000   -0.0000
   59.4500   -0.0000   -0.0000   -0.0000
   59.5000   -0.0000   -0.0000   -0.0000
   59.5500   -0.0000   -0.0000   -0.0000
   59.6000   -0.0000   -0.0000   -0.0000
   59.6500   -0.0000   -0.0000   -0.0000
   59.7000   -0.0000   -0.0000   -0.0000
   59.7500   -0.0000   -0.0000   -0.0000
   59.8000   -0.0000   -0.0000   -0.0000
   59.8500   -0.0000   -0.0000   -0.0000
   59.9000   -0.0000   -0.0000   -0.0000
   59.9500   -0.0000   -0.0000   -0.0000
   60.0000   -0.0000   -0.0000   -0.0000
   60.0500   -0.0000   -0.0000   -0.0000
   60.1000   -0.0000   -0.0000   -0.0000
   60.1500   -0.0000   -0.0000   -0.0000
   60.2000   -0.0000   -0.0000   -0.0000
   60.2500   -0.0000   -0.0000   -0.0000
   60.3000   -0.0000   -0.0000   -0.0000
   60.3500   -0.0000   -0.0000   -0.0000
   60.4000   -0.0000   -0.0000   -0.0000
   60.4500   -0.0000   -0.0000   -0.0000
   60.5000   -0.0000   -0.0000   -0.0000
   60.5500   -0.0000   -0.0000   -0.0000
   60.6000   -0.0000   -0.0000   -0.0000
   60.6500   -0.0000   -0.0000   -0.0000
   60.7000   -0.0000   -0.0000   -0.0000
   60.7500   -0.0000   -0.0000   -0.0000
   60.8000   -0.0000   -0.0000   -0.0000
   60.8500   -0.0000   -0.0000   -0.0000
   60.9000   -0.0000   -0.0000   -0.0000
   60.9500   -0.0000   -0.0000   -0.0000
   61.0000   -0.0000   -0.0000   -0.0000
   61.0500   -0.0000   -0.0000   -0.0000
   61.1000   -0.0000   -0.0000   -0.0000
   61.1500   -0.0000   -0.0000   -0.0000
   61.2000   -0.0000   -0.0000   -0.0000
   61.2500   -0.0000   -0.0000   -0.0000
   61.3000   -0.0000   -0.0000   -0.0000
   61.3500   -0.0000   -0.0000   -0.0000
   61.4000   -0.0000   -0.0000   -0.0000
   61.4500   -0.0000   -0.0000   -0.0000
   61.5000   -0.0000   -0.0000   -0.0000
   61.5500   -0.0000   -0.0000   -0.0000
   61.6000   -0.0000   -0.0000   -0.0000
   61.6500   -0.0000   -0.0000   -0.0000
   61.7000   -0.0000   -0.0000   -0.0000
   61.7500   -0.0000   -0.0000   -0.0000
   61.8000   -0.0000   -0.0000   -0.0000
   61.8500   -0.0000   -0.0000   -0.0000
   61.9000   -0.0000   -0.0000   -0.0000
   61.9500   -0.0000   -0.0000   -0.0000
   62.0000   -0.0000   -0.0000   -0.0000
   62.0500   -0.0000   -0.0000   -0.0000
   62.1000   -0.0000   -0.0000   -0.0000
   62.1500   -0.0000   -0.0000   -0.0000
   62.2000   -0.0000   -0.0000   -0.0000
   62.2500   -0.0000   -0.0000   -0.0000
   62.3000   -0.0000   -0.0000   -0.0000
   62.3500   -0.0000   -0.0000   -0.0000
   62.4000   -0.0000   -0.0000   -0.0000
   62.4500   -0.0000   -0.0000   -0.0000
   62.5000   -0.0000   -0.0000   -0.0000
   62.5500   -0.0000   -0.0000   -0.0000
   62.6000   -0.0000   -0.0000   -0.0000
   62.6500   -0.0000   -0.0000   -0.0000
   62.7000   -0.0000   -0.0000   -0.0000
   62.7500   -0.0000   -0.0000   -0.0000
   62.8000   -0.0000   -0.0000   -0.0000
   62.8500   -0.0000   -0.0000   -0.0000
   62.9000   -0.0000   -0.0000   -0.0000
   62.9500   -0.0000   -0.0000   -0.0000
   63.0000   -0.0000   -0.0000   -0.0000
   63.0500   -0.0000   -0.0000   -0.0000
   63.1000   -0.0000   -0.0000   -0.0000
   63.1500   -0.0000   -0.0000   -0.0000
   63.2000   -0.0000   -0.0000   -0.0000
   63.2500   -0.0000   -0.0000   -0.0000
   63.3000   -0.0000   -0.0000   -0.0000
   63.3500   -0.0000   -0.0000   -0.0000
   63.4000   -0.0000   -0.0000   -0.0000
   63.4500   -0.0000   -0.0000   -0.0000
   63.5000   -0.0000   -0.0000   -0.0000
   63.5500   -0.0000   -0.0000   -0.0000
   63.6000   -0.0000   -0.0000   -0.0000
   63.6500   -0.0000   -0.0000   -0.0000
   63.7000   -0.0000   -0.0000   -0.0000
   63.7500   -0.0000   -0.0000   -0.0000
   63.8000   -0.0000   -0.0000   -0.0000
   63.8500   -0.0000   -0.0000   -0.0000
   63.9000   -0.0000   -0.0000   -0.0000
   63.9500   -0.0000   -0.0000   -0.0000
   64.0000   -0.0000   -0.0000   -0.0000
   64.0500   -0.0000   -0.0000   -0.0000
   64.1000   -0.0000   -0.0000   -0.0000
   64.1500   -0.0000   -0.0000   -0.0000
   64.2000   -0.0000   -0.0000   -0.0000
   64.2500   -0.0000   -0.0000   -0.0000
   64.3000   -0.0000   -0.0000   -0.0000
   64.3500   -0.0000   -0.0000   -0.0000
   64.4000   -0.0000   -0.0000   -0.0000
   64.4500   -0.0000   -0.0000   -0.0000
   64.5000   -0.0000   -0.0000   -0.0000
   64.5500   -0.0000   -0.0000   -0.0000
   64.6000   -0.0000   -0.0000   -0.0000
   64.6500   -0.0000   -0.0000   -0.0000
   64.7000   -0.0000   -0.0000   -0.0000
   64.7500   -0.0000   -0.0000   -0.0000
   64.8000   -0.0000   -0.0000   -0.0000
   64.8500   -0.0000   -0.0000   -0.0000
   64.9000   -0.0000   -0.0000   -0.0000
   64.9500   -0.0000   -0.0000   -0.0000
   65.0000   -0.0000   -0.0000   -0.0000
   65.0500   -0.0000   -0.0000   -0.0000
   65.1000   -0.0000   -0.0000   -0.0000
   65.1500   -0.0000   -0.0000   -0.0000
   65.2000   -0.0000   -0.0000   -0.0000
   65.2500   -0.0000   -0.0000   -0.0000
   65.3000   -0.0000   -0.0000   -0.0000
   65.3500   -0.0000   -0.0000   -0.0000
   65.4000   -0.0000   -0.0000   -0.0000
   65.4500   -0.0000   -0.0000   -0.0000
   65.5000   -0.0000   -0.0000   -0.0000
   65.5500   -0.0000   -0.0000   -0.0000
   65.6000   -0.0000   -0.0000   -0.0000
   65.6500   -0.0000   -0.0000   -0.0000
   65.7000   -0.0000   -0.0000   -0.0000
   65.7500   -0.0000   -0.0000   -0.0000
   65.8000   -0.0000   -0.0000   -0.0000
   65.8500   -0.0000   -0.0000   -0.0000
   65.9000   -0.0000   -0.0000   -0.0000
   65.9500   -0.0000   -0.0000   -0.0000
   66.0000   -0.0000   -0.0000   -0.0000
   66.0500   -0.0000   -0.0000   -0.0000
   66.1000   -0.0000   -0.0000   -0.0000
   66.1500   -0.0000   -0.0000   -0.0000
   66.2000   -0.0000   -0.0000   -0.0000
   66.2500   -0.0000   -0.0000   -0.0000
   66.3000   -0.0000   -0.0000   -0.0000
   66.3500   -0.0000   -0.0000   -0.0000
   66.4000   -0.0000   -0.0000   -0.0000
   66.4500   -0.0000   -0.0000   -0.0000
   66.5000   -0.0000   -0.0000   -0.0000
   66.5500   -0.0000   -0.0000   -0.0000
   66.6000   -0.0000   -0.0000   -0.0000
   66.6500   -0.0000   -0.0000   -0.0000
   66.7000   -0.0000   -0.0000   -0.0000
   66.7500   -0.0000   -0.0000   -0.0000
   66.8000   -0.0000   -0.0000   -0.0000
   66.8500   -0.0000   -0.0000   -0.0000
   66.9000   -0.0000   -0.0000   -0.0000
   66.9500   -0.0000   -0.0000   -0.0000
   67.0000   -0.0000   -0.0000   -0.0000
   67.0500   -0.0000   -0.0000   -0.0000
   67.1000   -0.0000   -0.0000   -0.0000
   67.1500   -0.0000   -0.0000   -0.0000
   67.2000   -0.0000   -0.0000   -0.0000
   67.2500   -0.0000   -0.0000   -0.0000
   67.3000   -0.0000   -0.0000   -0.0000
   67.3500   -0.0000   -0.0000   -0.0000
   67.4000   -0.0000   -0.0000   -0.0000
   67.4500   -0.0000   -0.0000   -0.0000
   67.5000   -0.0000   -0.0000   -0.0000
   67.5500   -0.0000   -0.0000   -0.0000
   67.6000   -0.0000   -0.0000   -0.0000
   67.6500   -0.0000   -0.0000   -0.0000
   67.7000   -0.0000   -0.0000   -0.0000
   67.7500   -0.0000   -0.0000   -0.0000
   67.8000   -0.0000   -0.0000   -0.0000
   67.8500   -0.0000   -0.0000   -0.0000
   67.9000   -0.0000   -0.0000   -0.0000
   67.9500   -0.0000   -0.0000   -0.0000
   68.0000   -0.0000   -0.0000   -0.0000
   68.0500   -0.0000   -0.0000   -0.0000
   68.1000   -0.0000   -0.0000   -0.0000
   68.1500   -0.0000   -0.0000   -0.0000
   68.2000   -0.0000   -0.0000   -0.0000
   68.2500   -0.0000   -0.0000   -0.0000
   68.3000   -0.0000   -0.0000   -0.0000
   68.3500   -0.0000   -0.0000   -0.0000
   68.4000   -0.0000   -0.0000   -0.0000
   68.4500   -0.0000   -0.0000   -0.0000
   68.5000   -0.0000   -0.0000   -0.0000
   68.5500   -0.0000   -0.0000   -0.0000
   68.6000   -0.0000   -0.0000   -0.0000
   68.6500   -0.0000   -0.0000   -0.0000
   68.7000   -0.0000   -0.0000   -0.0000
   68.7500   -0.0000   -0.0000   -0.0000
   68.8000   -0.0000   -0.0000   -0.0000
   68.8500   -0.0000   -0.0000   -0.0000
   68.9000   -0.0000   -0.0000   -0.0000
   68.9500   -0.0000   -0.0000   -0.0000
   69.0000   -0.0000   -0.0000   -0.0000
   69.0500   -0.0000   -0.0000   -0.0000
   69.1000   -0.0000   -0.0000   -0.0000
   69.1500   -0.0000   -0.0000   -0.0000
   69.2000   -0.0000   -0.0000   -0.0000
   69.2500   -0.0000   -0.0000   -0.0000
   69.3000   -0.0000   -0.0000   -0.0000
   69.3500   -0.0000   -0.0000   -0.0000
   69.4000   -0.0000   -0.0000   -0.0000
   69.4500   -0.0000   -0.0000   -0.0000
   69.5000   -0.0000   -0.0000   -0.0000
   69.5500   -0.0000   -0.0000   -0.0000
   69.6000   -0.0000   -0.0000   -0.0000
   69.6500   -0.0000   -0.0000   -0.0000
   69.7000   -0.0000   -0.0000   -0.0000
   69.7500   -0.0000   -0.0000   -0.0000
   69.8000   -0.0000   -0.0000   -0.0000
   69.8500   -0.0000   -0.0000   -0.0000
   69.9000   -0.0000   -0.0000   -0.0000
   69.9500   -0.0000   -0.0000   -0.0000
   70.0000   -0.0000   -0.0000   -0.0000
   70.0500   -0.0000   -0.0000   -0.0000
   70.1000   -0.0000   -0.0000   -0.0000
   70.1500   -0.0000   -0.0000   -0.0000
   70.2000   -0.0000   -0.0000   -0.0000
   70.2500   -0.0000   -0.0000   -0.0000
   70.3000   -0.0000   -0.0000   -0.0000
   70.3500   -0.0000   -0.0000   -0.0000
   70.4000   -0.0000   -0.0000   -0.0000
   70.4500   -0.0000   -0.0000   -0.0000
   70.5000   -0.0000   -0.0000   -0.0000
   70.5500   -0.0000   -0.0000   -0.0000
   70.6000   -0.0000   -0.0000   -0.0000
   70.6500   -0.0000   -0.0000   -0.0000
   70.7000   -0.0000   -0.0000   -0.0000
   70.7500   -0.0000   -0.0000   -0.0000
   70.8000   -0.0000   -0.0000   -0.0000
   70.8500   -0.0000   -0.0000   -0.0000
   70.9000   -0.0000   -0.0000   -0.0000
   70.9500   -0.0000   -0.0000   -0.0000
   71.0000   -0.0000   -0.0000   -0.0000
   71.0500   -0.0000   -0.0000   -0.0000
   71.1000   -0.0000   -0.0000   -0.0000
   71.1500   -0.0000   -0.0000   -0.0000
   71.2000   -0.0000   -0.0000   -0.0000
   71.2500   -0.0000   -0.0000   -0.0000
   71.3000   -0.0000   -0.0000   -0.0000
   71.3500   -0.0000   -0.0000   -0.0000
   71.4000   -0.0000   -0.0000   -0.0000
   71.4500   -0.0000   -0.0000   -0.0000
   71.5000   -0.0000   -0.0000   -0.0000
   71.5500   -0.0000   -0.0000   -0.0000
   71.6000   -0.0000   -0.0000   -0.0000
   71.6500   -0.0000   -0.0000   -0.0000
   71.7000   -0.0000   -0.0000   -0.0000
   71.7500   -0.0000   -0.0000   -0.0000
   71.8000   -0.0000   -0.0000   -0.0000
   71.8500   -0.0000   -0.0000   -0.0000
   71.9000   -0.0000   -0.0000   -0.0000
   71.9500   -0.0000   -0.0000   -0.0000
   72.0000   -0.0000   -0.0000   -0.0000
   72.0500   -0.0000   -0.0000   -0.0000
   72.1000   -0.0000   -0.0000   -0.0000
   72.1500   -0.0000   -0.0000   -0.0000
   72.2000   -0.0000   -0.0000   -0.0000
   72.2500   -0.0000   -0.0000   -0.0000
   72.3000   -0.0000   -0.0000   -0.0000
   72.3500   -0.0000   -0.0000   -0.0000
   72.4000   -0.0000   -0.0000   -0.0000
   72.4500   -0.0000   -0.0000   -0.0000
   72.5000   -0.0000   -0.0000   -0.0000
   72.5500   -0.0000   -0.0000   -0.0000
   72.6000   -0.0000   -0.0000   -0.0000
   72.6500   -0.0000   -0.0000   -0.0000
   72.7000   -0.0000   -0.0000   -0.0000
   72.7500   -0.0000   -0.0000   -0.0000
   72.8000   -0.0000   -0.0000   -0.0000
   72.8500   -0.0000   -0.0000   -0.0000
   72.9000   -0.0000   -0.0000   -0.0000
   72.9500   -0.0000   -0.0000   -0.0000
   73.0000   -0.0000   -0.0000   -0.0000
   73.0500   -0.0000   -0.0000   -0.0000
   73.1000   -0.0000   -0.0000   -0.0000
   73.1500   -0.0000   -0.0000   -0.0000
   73.2000   -0.0000   -0.0000   -0.0000
   73.2500   -0.0000   -0.0000   -0.0000
   73.3000   -0.0000   -0.0000   -0.0000
   73.3500   -0.0000   -0.0000   -0.0000
   73.4000   -0.0000   -0.0000   -0.0000
   73.4500   -0.0000   -0.0000   -0.0000
   73.5000   -0.0000   -0.0000   -0.0000
   73.5500   -0.0000   -0.0000   -0.0000
   73.6000   -0.0000   -0.0000   -0.0000
   73.6500   -0.0000   -0.0000   -0.0000
   73.7000   -0.0000   -0.0000   -0.0000
   73.7500   -0.0000   -0.0000   -0.0000
   73.8000   -0.0000   -0.0000   -0.0000
   73.8500   -0.0000   -0.0000   -0.0000
   73.9000   -0.0000   -0.0000   -0.0000
   73.9500   -0.0000   -0.0000   -0.0000
   74.0000   -0.0000   -0.0000   -0.0000
   74.0500   -0.0000   -0.0000   -0.0000
   74.1000   -0.0000   -0.0000   -0.0000
   74.1500   -0.0000   -0.0000   -0.0000
   74.2000   -0.0000   -0.0000   -0.0000
   74.2500   -0.0000   -0.0000   -0.0000
   74.3000   -0.0000   -0.0000   -0.0000
   74.3500   -0.0000   -0.0000   -0.0000
   74.4000   -0.0000   -0.0000   -0.0000
   74.4500   -0.0000   -0.0000   -0.0000
   74.5000   -0.0000   -0.0000   -0.0000
   74.5500   -0.0000   -0.0000   -0.0000
   74.6000   -0.0000   -0.0000   -0.0000
   74.6500   -0.0000   -0.0000   -0.0000
   74.7000   -0.0000   -0.0000   -0.0000
   74.7500   -0.0000   -0.0000   -0.0000
   74.8000   -0.0000   -0.0000   -0.0000
   74.8500   -0.0000   -0.0000   -0.0000
   74.9000   -0.0000   -0.0000   -0.0000
   74.9500   -0.0000   -0.0000   -0.0000
   75.0000   -0.0000   -0.0000   -0.0000
   75.0500   -0.0000   -0.0000   -0.0000
   75.1000   -0.0000   -0.0000   -0.0000
   75.1500   -0.0000   -0.0000   -0.0000
   75.2000   -0.0000   -0.0000   -0.0000
   75.2500   -0.0000   -0.0000   -0.0000
   75.3000   -0.0000   -0.0000   -0.0000
   75.3500   -0.0000   -0.0000   -0.0000
   75.4000   -0.0000   -0.0000   -0.0000
   75.4500   -0.0000   -0.0000   -0.0000
   75.5000   -0.0000   -0.0000   -0.0000
   75.5500   -0.0000   -0.0000   -0.0000
   75.6000   -0.0000   -0.0000   -0.0000
   75.6500   -0.0000   -0.0000   -0.0000
   75.7000   -0.0000   -0.0000   -0.0000
   75.7500   -0.0000   -0.0000   -0.0000
   75.8000   -0.0000   -0.0000   -0.0000
   75.8500   -0.0000   -0.0000   -0.0000
   75.9000   -0.0000   -0.0000   -0.0000
   75.9500   -0.0000   -0.0000   -0.0000
   76.0000   -0.0000   -0.0000   -0.0000
   76.0500   -0.0000   -0.0000   -0.0000
   76.1000   -0.0000   -0.0000   -0.0000
   76.1500   -0.0000   -0.0000   -0.0000
   76.2000   -0.0000   -0.0000   -0.0000
   76.2500   -0.0000   -0.0000   -0.0000
   76.3000   -0.0000   -0.0000   -0.0000
   76.3500   -0.0000   -0.0000   -0.0000
   76.4000   -0.0000   -0.0000   -0.0000
   76.4500   -0.0000   -0.0000   -0.0000
   76.5000   -0.0000   -0.0000   -0.0000
   76.5500   -0.0000   -0.0000   -0.0000
   76.6000   -0.0000   -0.0000   -0.0000
   76.6500   -0.0000   -0.0000   -0.0000
   76.7000   -0.0000   -0.0000   -0.0000
   76.7500   -0.0000   -0.0000   -0.0000
   76.8000   -0.0000   -0.0000   -0.0000
   76.8500   -0.0000   -0.0000   -0.0000
   76.9000   -0.0000   -0.0000   -0.0000
   76.9500   -0.0000   -0.0000   -0.0000
   77.0000   -0.0000   -0.0000   -0.0000
   77.0500   -0.0000   -0.0000   -0.0000
   77.1000   -0.0000   -0.0000   -0.0000
   77.1500   -0.0000   -0.0000   -0.0000
   77.2000   -0.0000   -0.0000   -0.0000
   77.2500   -0.0000   -0.0000   -0.0000
   77.3000   -0.0000   -0.0000   -0.0000
   77.3500   -0.0000   -0.0000   -0.0000
   77.4000   -0.0000   -0.0000   -0.0000
   77.4500   -0.0000   -0.0000   -0.0000
   77.5000   -0.0000   -0.0000   -0.0000
   77.5500   -0.0000   -0.0000   -0.0000
   77.6000   -0.0000   -0.0000   -0.0000
   77.6500   -0.0000   -0.0000   -0.0000
   77.7000   -0.0000   -0.0000   -0.0000
   77.7500   -0.0000   -0.0000   -0.0000
   77.8000   -0.0000   -0.0000   -0.0000
   77.8500   -0.0000   -0.0000   -0.0000
   77.9000   -0.0000   -0.0000   -0.0000
   77.9500   -0.0000   -0.0000   -0.0000
   78.0000   -0.0000   -0.0000   -0.0000
   78.0500   -0.0000   -0.0000   -0.0000
   78.1000   -0.0000   -0.0000   -0.0000
   78.1500   -0.0000   -0.0000   -0.0000
   78.2000   -0.0000   -0.0000   -0.0000
   78.2500   -0.0000   -0.0000   -0.0000
   78.3000   -0.0000   -0.0000   -0.0000
   78.3500   -0.0000   -0.0000   -0.0000
   78.4000   -0.0000   -0.0000   -0.0000
   78.4500   -0.0000   -0.0000   -0.0000
   78.5000   -0.0000   -0.0000   -0.0000
   78.5500   -0.0000   -0.0000   -0.0000
   78.6000   -0.0000   -0.0000   -0.0000
   78.6500   -0.0000   -0.0000   -0.0000
   78.7000   -0.0000   -0.0000   -0.0000
   78.7500   -0.0000   -0.0000   -0.0000
   78.8000   -0.0000   -0.0000   -0.0000
   78.8500   -0.0000   -0.0000   -0.0000
   78.9000   -0.0000   -0.0000   -0.0000
   78.9500   -0.0000   -0.0000   -0.0000
   79.0000   -0.0000   -0.0000   -0.0000
   79.0500   -0.0000   -0.0000   -0.0000
   79.1000   -0.0000   -0.0000   -0.0000
   79.1500   -0.0000   -0.0000   -0.0000
   79.2000   -0.0000   -0.0000   -0.0000
   79.2500   -0.0000   -0.0000   -0.0000
   79.3000   -0.0000   -0.0000   -0.0000
   79.3500   -0.0000   -0.0000   -0.0000
   79.4000   -0.0000   -0.0000   -0.0000
   79.4500   -0.0000   -0.0000   -0.0000
   79.5000   -0.0000   -0.0000   -0.0000
   79.5500   -0.0000   -0.0000   -0.0000
   79.6000   -0.0000   -0.0000   -0.0000
   79.6500   -0.0000   -0.0000   -0.0000
   79.7000   -0.0000   -0.0000   -0.0000
   79.7500   -0.0000   -0.0000   -0.0000
   79.8000   -0.0000   -0.0000   -0.0000
   79.8500   -0.0000   -0.0000   -0.0000
   79.9000   -0.0000   -0.0000   -0.0000
   79.9500   -0.0000   -0.0000   -0.0000
   80.0000   -0.0000   -0.0000   -0.0000
   80.0500   -0.0000   -0.0000   -0.0000
   80.1000   -0.0000   -0.0000   -0.0000
   80.1500   -0.0000   -0.0000   -0.0000
   80.2000   -0.0000   -0.0000   -0.0000
   80.2500   -0.0000   -0.0000   -0.0000
   80.3000   -0.0000   -0.0000   -0.0000
   80.3500   -0.0000   -0.0000   -0.0000
   80.4000   -0.0000   -0.0000   -0.0000
   80.4500   -0.0000   -0.0000   -0.0000
   80.5000   -0.0000   -0.0000   -0.0000
   80.5500   -0.0000   -0.0000   -0.0000
   80.6000   -0.0000   -0.0000   -0.0000
   80.6500   -0.0000   -0.0000   -0.0000
   80.7000   -0.0000   -0.0000   -0.0000
   80.7500   -0.0000   -0.0000   -0.0000
   80.8000   -0.0000   -0.0000   -0.0000
   80.8500   -0.0000   -0.0000   -0.0000
   80.9000   -0.0000   -0.0000   -0.0000
   80.9500   -0.0000   -0.0000   -0.0000
   81.0000   -0.0000   -0.0000   -0.0000
   81.0500   -0.0000   -0.0000   -0.0000
   81.1000   -0.0000   -0.0000   -0.0000
   81.1500   -0.0000   -0.0000   -0.0000
   81.2000   -0.0000   -0.0000   -0.0000
   81.2500   -0.0000   -0.0000   -0.0000
   81.3000   -0.0000   -0.0000   -0.0000
   81.3500   -0.0000   -0.0000   -0.0000
   81.4000   -0.0000   -0.0000   -0.0000
   81.4500   -0.0000   -0.0000   -0.0000
   81.5000   -0.0000   -0.0000   -0.0000
   81.5500   -0.0000   -0.0000   -0.0000
   81.6000   -0.0000   -0.0000   -0.0000
   81.6500   -0.0000   -0.0000   -0.0000
   81.7000   -0.0000   -0.0000   -0.0000
   81.7500   -0.0000   -0.0000   -0.0000
   81.8000   -0.0000   -0.0000   -0.0000
   81.8500   -0.0000   -0.0000   -0.0000
   81.9000   -0.0000   -0.0000   -0.0000
   81.9500   -0.0000   -0.0000   -0.0000
   82.0000   -0.0000   -0.0000   -0.0000
   82.0500   -0.0000   -0.0000   -0.0000
   82.1000   -0.0000   -0.0000   -0.0000
   82.1500   -0.0000   -0.0000   -0.0000
   82.2000   -0.0000   -0.0000   -0.0000
   82.2500   -0.0000   -0.0000   -0.0000
   82.3000   -0.0000   -0.0000   -0.0000
   82.3500   -0.0000   -0.0000   -0.0000
   82.4000   -0.0000   -0.0000   -0.0000
   82.4500   -0.0000   -0.0000   -0.0000
   82.5000   -0.0000   -0.0000   -0.0000
   82.5500   -0.0000   -0.0000   -0.0000
   82.6000   -0.0000   -0.0000   -0.0000
   82.6500   -0.0000   -0.0000   -0.0000
   82.7000   -0.0000   -0.0000   -0.0000
   82.7500   -0.0000   -0.0000   -0.0000
   82.8000   -0.0000   -0.0000   -0.0000
   82.8500   -0.0000   -0.0000   -0.0000
   82.9000   -0.0000   -0.0000   -0.0000
   82.9500   -0.0000   -0.0000   -0.0000
   83.0000   -0.0000   -0.0000   -0.0000
   83.0500   -0.0000   -0.0000   -0.0000
   83.1000   -0.0000   -0.0000   -0.0000
   83.1500   -0.0000   -0.0000   -0.0000
   83.2000   -0.0000   -0.0000   -0.0000
   83.2500   -0.0000   -0.0000   -0.0000
   83.3000   -0.0000   -0.0000   -0.0000
   83.3500   -0.0000   -0.0000   -0.0000
   83.4000   -0.0000   -0.0000   -0.0000
   83.4500   -0.0000   -0.0000   -0.0000
   83.5000   -0.0000   -0.0000   -0.0000
   83.5500   -0.0000   -0.0000   -0.0000
   83.6000   -0.0000   -0.0000   -0.0000
   83.6500   -0.0000   -0.0000   -0.0000
   83.7000   -0.0000   -0.0000   -0.0000
   83.7500   -0.0000   -0.0000   -0.0000
   83.8000   -0.0000   -0.0000   -0.0000
   83.8500   -0.0000   -0.0000   -0.0000
   83.9000   -0.0000   -0.0000   -0.0000
   83.9500   -0.0000   -0.0000   -0.0000
   84.0000   -0.0000   -0.0000   -0.0000
   84.0500   -0.0000   -0.0000   -0.0000
   84.1000   -0.0000   -0.0000   -0.0000
   84.1500   -0.0000   -0.0000   -0.0000
   84.2000   -0.0000   -0.0000   -0.0000
   84.2500   -0.0000   -0.0000   -0.0000
   84.3000   -0.0000   -0.0000   -0.0000
   84.3500   -0.0000   -0.0000   -0.0000
   84.4000   -0.0000   -0.0000   -0.0000
   84.4500   -0.0000   -0.0000   -0.0000
   84.5000   -0.0000   -0.0000   -0.0000
   84.5500   -0.0000   -0.0000   -0.0000
   84.6000   -0.0000   -0.0000   -0.0000
   84.6500   -0.0000   -0.0000   -0.0000
   84.7000   -0.0000   -0.0000   -0.0000
   84.7500   -0.0000   -0.0000   -0.0000
   84.8000   -0.0000   -0.0000   -0.0000
   84.8500   -0.0000   -0.0000   -0.0000
   84.9000   -0.0000   -0.0000   -0.0000
   84.9500   -0.0000   -0.0000   -0.0000
   85.0000   -0.0000   -0.0000   -0.0000
   85.0500   -0.0000   -0.0000   -0.0000
   85.1000   -0.0000   -0.0000   -0.0000
   85.1500   -0.0000   -0.0000   -0.0000
   85.2000   -0.0000   -0.0000   -0.0000
   85.2500   -0.0000   -0.0000   -0.0000
   85.3000   -0.0000   -0.0000   -0.0000
   85.3500   -0.0000   -0.0000   -0.0000
   85.4000   -0.0000   -0.0000   -0.0000
   85.4500   -0.0000   -0.0000   -0.0000
   85.5000   -0.0000   -0.0000   -0.0000
   85.5500   -0.0000   -0.0000   -0.0000
   85.6000   -0.0000   -0.0000   -0.0000
   85.6500   -0.0000   -0.0000   -0.0000
   85.7000   -0.0000   -0.0000   -0.0000
   85.7500   -0.0000   -0.0000   -0.0000
   85.8000   -0.0000   -0.0000   -0.0000
   85.8500   -0.0000   -0.0000   -0.0000
   85.9000   -0.0000   -0.0000   -0.0000
   85.9500   -0.0000   -0.0000   -0.0000
   86.0000   -0.0000   -0.0000   -0.0000
   86.0500   -0.0000   -0.0000   -0.0000
   86.1000   -0.0000   -0.0000   -0.0000
   86.1500   -0.0000   -0.0000   -0.0000
   86.2000   -0.0000   -0.0000   -0.0000
   86.2500   -0.0000   -0.0000   -0.0000
   86.3000   -0.0000   -0.0000   -0.0000
   86.3500   -0.0000   -0.0000   -0.0000
   86.4000   -0.0000   -0.0000   -0.0000
   86.4500   -0.0000   -0.0000   -0.0000
   86.5000   -0.0000   -0.0000   -0.0000
   86.5500   -0.0000   -0.0000   -0.0000
   86.6000   -0.0000   -0.0000   -0.0000
   86.6500   -0.0000   -0.0000   -0.0000
   86.7000   -0.0000   -0.0000   -0.0000
   86.7500   -0.0000   -0.0000   -0.0000
   86.8000   -0.0000   -0.0000   -0.0000
   86.8500   -0.0000   -0.0000   -0.0000
   86.9000   -0.0000   -0.0000   -0.0000
   86.9500   -0.0000   -0.0000   -0.0000
   87.0000   -0.0000   -0.0000   -0.0000
   87.0500   -0.0000   -0.0000   -0.0000
   87.1000   -0.0000   -0.0000   -0.0000
   87.1500   -0.0000   -0.0000   -0.0000
   87.2000   -0.0000   -0.0000   -0.0000
   87.2500   -0.0000   -0.0000   -0.0000
   87.3000   -0.0000   -0.0000   -0.0000
   87.3500   -0.0000   -0.0000   -0.0000
   87.4000   -0.0000   -0.0000   -0.0000
   87.4500   -0.0000   -0.0000   -0.0000
   87.5000   -0.0000   -0.0000   -0.0000
   87.5500   -0.0000   -0.0000   -0.0000
   87.6000   -0.0000   -0.0000   -0.0000
   87.6500   -0.0000   -0.0000   -0.0000
   87.7000   -0.0000   -0.0000   -0.0000
   87.7500   -0.0000   -0.0000   -0.0000
   87.8000   -0.0000   -0.0000   -0.0000
   87.8500   -0.0000   -0.0000   -0.0000
   87.9000   -0.0000   -0.0000   -0.0000
   87.9500   -0.0000   -0.0000   -0.0000
   88.0000   -0.0000   -0.0000   -0.0000
   88.0500   -0.0000   -0.0000   -0.0000
   88.1000   -0.0000   -0.0000   -0.0000
   88.1500   -0.0000   -0.0000   -0.0000
   88.2000   -0.0000   -0.0000   -0.0000
   88.2500   -0.0000   -0.0000   -0.0000
   88.3000   -0.0000   -0.0000   -0.0000
   88.3500   -0.0000   -0.0000   -0.0000
   88.4000   -0.0000   -0.0000   -0.0000
   88.4500   -0.0000   -0.0000   -0.0000
   88.5000   -0.0000   -0.0000   -0.0000
   88.5500   -0.0000   -0.0000   -0.0000
   88.6000   -0.0000   -0.0000   -0.0000
   88.6500   -0.0000   -0.0000   -0.0000
   88.7000   -0.0000   -0.0000   -0.0000
   88.7500   -0.0000   -0.0000   -0.0000
   88.8000   -0.0000   -0.0000   -0.0000
   88.8500   -0.0000   -0.0000   -0.0000
   88.9000   -0.0000   -0.0000   -0.0000
   88.9500   -0.0000   -0.0000   -0.0000
   89.0000   -0.0000   -0.0000   -0.0000
   89.0500   -0.0000   -0.0000   -0.0000
   89.1000   -0.0000   -0.0000   -0.0000
   89.1500   -0.0000   -0.0000   -0.0000
   89.2000   -0.0000   -0.0000   -0.0000
   89.2500   -0.0000   -0.0000   -0.0000
   89.3000   -0.0000   -0.0000   -0.0000
   89.3500   -0.0000   -0.0000   -0.0000
   89.4000   -0.0000   -0.0000   -0.0000
   89.4500   -0.0000   -0.0000   -0.0000
   89.5000   -0.0000   -0.0000   -0.0000
   89.5500   -0.0000   -0.0000   -0.0000
   89.6000   -0.0000   -0.0000   -0.0000
   89.6500   -0.0000   -0.0000   -0.0000
   89.7000   -0.0000   -0.0000   -0.0000
   89.7500   -0.0000   -0.0000   -0.0000
   89.8000   -0.0000   -0.0000   -0.0000
   89.8500   -0.0000   -0.0000   -0.0000
   89.9000   -0.0000   -0.0000   -0.0000
   89.9500   -0.0000   -0.0000   -0.0000
   90.0000   -0.0000   -0.0000   -0.0000
   90.0500   -0.0000   -0.0000   -0.0000
   90.1000   -0.0000   -0.0000   -0.0000
   90.1500   -0.0000   -0.0000   -0.0000
   90.2000   -0.0000   -0.0000   -0.0000
   90.2500   -0.0000   -0.0000   -0.0000
   90.3000   -0.0000   -0.0000   -0.0000
   90.3500   -0.0000   -0.0000   -0.0000
   90.4000   -0.0000   -0.0000   -0.0000
   90.4500   -0.0000   -0.0000   -0.0000
   90.5000   -0.0000   -0.0000   -0.0000
   90.5500   -0.0000   -0.0000   -0.0000
   90.6000   -0.0000   -0.0000   -0.0000
   90.6500   -0.0000   -0.0000   -0.0000
   90.7000   -0.0000   -0.0000   -0.0000
   90.7500   -0.0000   -0.0000   -0.0000
   90.8000   -0.0000   -0.0000   -0.0000
   90.8500   -0.0000   -0.0000   -0.0000
   90.9000   -0.0000   -0.0000   -0.0000
   90.9500   -0.0000   -0.0000   -0.0000
   91.0000   -0.0000   -0.0000   -0.0000
   91.0500   -0.0000   -0.0000   -0.0000
   91.1000   -0.0000   -0.0000   -0.0000
   91.1500   -0.0000   -0.0000   -0.0000
   91.2000   -0.0000   -0.0000   -0.0000
   91.2500   -0.0000   -0.0000   -0.0000
   91.3000   -0.0000   -0.0000   -0.0000
   91.3500   -0.0000   -0.0000   -0.0000
   91.4000   -0.0000   -0.0000   -0.0000
   91.4500   -0.0000   -0.0000   -0.0000
   91.5000   -0.0000   -0.0000   -0.0000
   91.5500   -0.0000   -0.0000   -0.0000
   91.6000   -0.0000   -0.0000   -0.0000
   91.6500   -0.0000   -0.0000   -0.0000
   91.7000   -0.0000   -0.0000   -0.0000
   91.7500   -0.0000   -0.0000   -0.0000
   91.8000   -0.0000   -0.0000   -0.0000
   91.8500   -0.0000   -0.0000   -0.0000
   91.9000   -0.0000   -0.0000   -0.0000
   91.9500   -0.0000   -0.0000   -0.0000
   92.0000   -0.0000   -0.0000   -0.0000
   92.0500   -0.0000   -0.0000   -0.0000
   92.1000   -0.0000   -0.0000   -0.0000
   92.1500   -0.0000   -0.0000   -0.0000
   92.2000   -0.0000   -0.0000   -0.0000
   92.2500   -0.0000   -0.0000   -0.0000
   92.3000   -0.0000   -0.0000   -0.0000
   92.3500   -0.0000   -0.0000   -0.0000
   92.4000   -0.0000   -0.0000   -0.0000
   92.4500   -0.0000   -0.0000   -0.0000
   92.5000   -0.0000   -0.0000   -0.0000
   92.5500   -0.0000   -0.0000   -0.0000
   92.6000   -0.0000   -0.0000   -0.0000
   92.6500   -0.0000   -0.0000   -0.0000
   92.7000   -0.0000   -0.0000   -0.0000
   92.7500   -0.0000   -0.0000   -0.0000
   92.8000   -0.0000   -0.0000   -0.0000
   92.8500   -0.0000   -0.0000   -0.0000
   92.9000   -0.0000   -0.0000   -0.0000
   92.9500   -0.0000   -0.0000   -0.0000
   93.0000   -0.0000   -0.0000   -0.0000
   93.0500   -0.0000   -0.0000   -0.0000
   93.1000   -0.0000   -0.0000   -0.0000
   93.1500   -0.0000   -0.0000   -0.0000
   93.2000   -0.0000   -0.0000   -0.0000
   93.2500   -0.0000   -0.0000   -0.0000
   93.3000   -0.0000   -0.0000   -0.0000
   93.3500   -0.0000   -0.0000   -0.0000
   93.4000   -0.0000   -0.0000   -0.0000
   93.4500   -0.0000   -0.0000   -0.0000
   93.5000   -0.0000   -0.0000   -0.0000
   93.5500   -0.0000   -0.0000   -0.0000
   93.6000   -0.0000   -0.0000   -0.0000
   93.6500   -0.0000   -0.0000   -0.0000
   93.7000   -0.0000   -0.0000   -0.0000
   93.7500   -0.0000   -0.0000   -0.0000
   93.8000   -0.0000   -0.0000   -0.0000
   93.8500   -0.0000   -0.0000   -0.0000
   93.9000   -0.0000   -0.0000   -0.0000
   93.9500   -0.0000   -0.0000   -0.0000
   94.0000   -0.0000   -0.0000   -0.0000
   94.0500   -0.0000   -0.0000   -0.0000
   94.1000   -0.0000   -0.0000   -0.0000
   94.1500   -0.0000   -0.0000   -0.0000
   94.2000   -0.0000   -0.0000   -0.0000
   94.2500   -0.0000   -0.0000   -0.0000
   94.3000   -0.0000   -0.0000   -0.0000
   94.3500   -0.0000   -0.0000   -0.0000
   94.4000   -0.0000   -0.0000   -0.0000
   94.4500   -0.0000   -0.0000   -0.0000
   94.5000   -0.0000   -0.0000   -0.0000
   94.5500   -0.0000   -0.0000   -0.0000
   94.6000   -0.0000   -0.0000   -0.0000
   94.6500   -0.0000   -0.0000   -0.0000
   94.7000   -0.0000   -0.0000   -0.0000
   94.7500   -0.0000   -0.0000   -0.0000
   94.8000   -0.0000   -0.0000   -0.0000
   94.8500   -0.0000   -0.0000   -0.0000
   94.9000   -0.0000   -0.0000   -0.0000
   94.9500   -0.0000   -0.0000   -0.0000
   95.0000   -0.0000   -0.0000   -0.0000
   95.0500   -0.0000   -0.0000   -0.0000
   95.1000   -0.0000   -0.0000   -0.0000
   95.1500   -0.0000   -0.0000   -0.0000
   95.2000   -0.0000   -0.0000   -0.0000
   95.2500   -0.0000   -0.0000   -0.0000
   95.3000   -0.0000   -0.0000   -0.0000
   95.3500   -0.0000   -0.0000   -0.0000
   95.4000   -0.0000   -0.0000   -0.0000
   95.4500   -0.0000   -0.0000   -0.0000
   95.5000   -0.0000   -0.0000   -0.0000
   95.5500   -0.0000   -0.0000   -0.0000
   95.6000   -0.0000   -0.0000   -0.0000
   95.6500   -0.0000   -0.0000   -0.0000
   95.7000   -0.0000   -0.0000   -0.0000
   95.7500   -0.0000   -0.0000   -0.0000
   95.8000   -0.0000   -0.0000   -0.0000
   95.8500   -0.0000   -0.0000   -0.0000
   95.9000   -0.0000   -0.0000   -0.0000
   95.9500   -0.0000   -0.0000   -0.0000
   96.0000   -0.0000   -0.0000   -0.0000
   96.0500   -0.0000   -0.0000   -0.0000
   96.1000   -0.0000   -0.0000   -0.0000
   96.1500   -0.0000   -0.0000   -0.0000
   96.2000   -0.0000   -0.0000   -0.0000
   96.2500   -0.0000   -0.0000   -0.0000
   96.3000   -0.0000   -0.0000   -0.0000
   96.3500   -0.0000   -0.0000   -0.0000
   96.4000   -0.0000   -0.0000   -0.0000
   96.4500   -0.0000   -0.0000   -0.0000
   96.5000   -0.0000   -0.0000   -0.0000
   96.5500   -0.0000   -0.0000   -0.0000
   96.6000   -0.0000   -0.0000   -0.0000
   96.6500   -0.0000   -0.0000   -0.0000
   96.7000   -0.0000   -0.0000   -0.0000
   96.7500   -0.0000   -0.0000   -0.0000
   96.8000   -0.0000   -0.0000   -0.0000
   96.8500   -0.0000   -0.0000   -0.0000
   96.9000   -0.0000   -0.0000   -0.0000
   96.9500   -0.0000   -0.0000   -0.0000
   97.0000   -0.0000   -0.0000   -0.0000
   97.0500   -0.0000   -0.0000   -0.0000
   97.1000   -0.0000   -0.0000   -0.0000
   97.1500   -0.0000   -0.0000   -0.0000
   97.2000   -0.0000   -0.0000   -0.0000
   97.2500   -0.0000   -0.0000   -0.0000
   97.3000   -0.0000   -0.0000   -0.0000
   97.3500   -0.0000   -0.0000   -0.0000
   97.4000   -0.0000   -0.0000   -0.0000
   97.4500   -0.0000   -0.0000   -0.0000
   97.5000   -0.0000   -0.0000   -0.0000
   97.5500   -0.0000   -0.0000   -0.0000
   97.6000   -0.0000   -0.0000   -0.0000
   97.6500   -0.0000   -0.0000   -0.0000
   97.7000   -0.0000   -0.0000   -0.0000
   97.7500   -0.0000   -0.0000   -0.0000
   97.8000   -0.0000   -0.0000   -0.0000
   97.8500   -0.0000   -0.0000   -0.0000
   97.9000   -0.0000   -0.0000   -0.0000
   97.9500   -0.0000   -0.0000   -0.0000
   98.0000   -0.0000   -0.0000   -0.0000
   98.0500   -0.0000   -0.0000   -0.0000
   98.1000   -0.0000   -0.0000   -0.0000
   98.1500   -0.0000   -0.0000   -0.0000
   98.2000   -0.0000   -0.0000   -0.0000
   98.2500   -0.0000   -0.0000   -0.0000
   98.3000   -0.0000   -0.0000   -0.0000
   98.3500   -0.0000   -0.0000   -0.0000
   98.4000   -0.0000   -0.0000   -0.0000
   98.4500   -0.0000   -0.0000   -0.0000
   98.5000   -0.0000   -0.0000   -0.0000
   98.5500   -0.0000   -0.0000   -0.0000
   98.6000   -0.0000   -0.0000   -0.0000
   98.6500   -0.0000   -0.0000   -0.0000
   98.7000   -0.0000   -0.0000   -0.0000
   98.7500   -0.0000   -0.0000   -0.0000
   98.8000   -0.0000   -0.0000   -0.0000
   98.8500   -0.0000   -0.0000   -0.0000
   98.9000   -0.0000   -0.0000   -0.0000
   98.9500   -0.0000   -0.0000   -0.0000
   99.0000   -0.0000   -0.0000   -0.0000
   99.0500   -0.0000   -0.0000   -0.0000
   99.1000   -0.0000   -0.0000   -0.0000
   99.1500   -0.0000   -0.0000   -0.0000
   99.2000   -0.0000   -0.0000   -0.0000
   99.2500   -0.0000   -0.0000   -0.0000
   99.3000   -0.0000   -0.0000   -0.0000
   99.3500   -0.0000   -0.0000   -0.0000
   99.4000   -0.0000   -0.0000   -0.0000
   99.4500   -0.0000   -0.0000   -0.0000
   99.5000   -0.0000   -0.0000   -0.0000
   99.5500   -0.0000   -0.0000   -0.0000
   99.6000   -0.0000   -0.0000   -0.0000
   99.6500   -0.0000   -0.0000   -0.0000
   99.7000   -0.0000   -0.0000   -0.0000
   99.7500   -0.0000   -0.0000   -0.0000
   99.8000   -0.0000   -0.0000   -0.0000
   99.8500   -0.0000   -0.0000   -0.0000
   99.9000   -0.0000   -0.0000   -0.0000
   99.9500   -0.0000   -0.0000   -0.0000
  100.0000   -0.0000   -0.0000   -0.0000
  100.0500   -0.0000   -0.0000   -0.0000
  100.1000   -0.0000   -0.0000   -0.0000
  100.1500   -0.0000   -0.0000   -0.0000
  100.2000   -0.0000   -0.0000   -0.0000
  100.2500   -0.0000   -0.0000   -0.0000
  100.3000   -0.0000   -0.0000   -0.0000
  100.3500   -0.0000   -0.0000   -0.0000
  100.4000   -0.0000   -0.0000   -0.0000
  100.4500   -0.0000   -0.0000   -0.0000
  100.5000   -0.0000   -0.0000   -0.0000
  100.5500   -0.0000   -0.0000   -0.0000
  100.6000   -0.0000   -0.0000   -0.0000
  100.6500   -0.0000   -0.0000   -0.0000
  100.7000   -0.0000   -0.0000   -0.0000
  100.7500   -0.0000   -0.0000   -0.0000
  100.8000   -0.0000   -0.0000   -0.0000
  100.8500   -0.0000   -0.0000   -0.0000
  100.9000   -0.0000   -0.0000   -0.0000
  100.9500   -0.0000   -0.0000   -0.0000
  101.0000   -0.0000   -0.0000   -0.0000
  101.0500   -0.0000   -0.0000   -0.0000
  101.1000   -0.0000   -0.0000   -0.0000
  101.1500   -0.0000   -0.0000   -0.0000
  101.2000   -0.0000   -0.0000   -0.0000
  101.2500   -0.0000   -0.0000   -0.0000
  101.3000   -0.0000   -0.0000   -0.0000
  101.3500   -0.0000   -0.0000   -0.0000
  101.4000   -0.0000   -0.0000   -0.0000
  101.4500   -0.0000   -0.0000   -0.0000
  101.5000   -0.0000   -0.0000   -0.0000
  101.5500   -0.0000   -0.0000   -0.0000
  101.6000   -0.0000   -0.0000   -0.0000
  101.6500   -0.0000   -0.0000   -0.0000
  101.7000   -0.0000   -0.0000   -0.0000
  101.7500   -0.0000   -0.0000   -0.0000
  101.8000   -0.0000   -0.0000   -0.0000
  101.8500   -0.0000   -0.0000   -0.0000
  101.9000   -0.0000   -0.0000   -0.0000
  101.9500   -0.0000   -0.0000   -0.0000
  102.0000   -0.0000   -0.0000   -0.0000
  102.0500   -0.0000   -0.0000   -0.0000
  102.1000   -0.0000   -0.0000   -0.0000
  102.1500   -0.0000   -0.0000   -0.0000
  102.2000   -0.0000   -0.0000   -0.0000
  102.2500   -0.0000   -0.0000   -0.0000
  102.3000   -0.0000   -0.0000   -0.0000
  102.3500   -0.0000   -0.0000   -0.0000
  102.4000   -0.0000   -0.0000   -0.0000
  102.4500   -0.0000   -0.0000   -0.0000
  102.5000   -0.0000   -0.0000   -0.0000
  102.5500   -0.0000   -0.0000   -0.0000
  102.6000   -0.0000   -0.0000   -0.0000
  102.6500   -0.0000   -0.0000   -0.0000
  102.7000   -0.0000   -0.0000   -0.0000
  102.7500   -0.0000   -0.0000   -0.0000
  102.8000   -0.0000   -0.0000   -0.0000
  102.8500   -0.0000   -0.0000   -0.0000
  102.9000   -0.0000   -0.0000   -0.0000
  102.9500   -0.0000   -0.0000   -0.0000
  103.0000   -0.0000   -0.0000   -0.0000
  103.0500   -0.0000   -0.0000   -0.0000
  103.1000   -0.0000   -0.0000   -0.0000
  103.1500   -0.0000   -0.0000   -0.0000
  103.2000   -0.0000   -0.0000   -0.0000
  103.2500   -0.0000   -0.0000   -0.0000
  103.3000   -0.0000   -0.0000   -0.0000
  103.3500   -0.0000   -0.0000   -0.0000
  103.4000   -0.0000   -0.0000   -0.0000
  103.4500   -0.0000   -0.0000   -0.0000
  103.5000   -0.0000   -0.0000   -0.0000
  103.5500   -0.0000   -0.0000   -0.0000
  103.6000   -0.0000   -0.0000   -0.0000
  103.6500   -0.0000   -0.0000   -0.0000
  103.7000   -0.0000   -0.0000   -0.0000
  103.7500   -0.0000   -0.0000   -0.0000
  103.8000   -0.0000   -0.0000   -0.0000
  103.8500   -0.0000   -0.0000   -0.0000
  103.9000   -0.0000   -0.0000   -0.0000
  103.9500   -0.0000   -0.0000   -0.0000
  104.0000   -0.0000   -0.0000   -0.0000
  104.0500   -0.0000   -0.0000   -0.0000
  104.1000   -0.0000   -0.0000   -0.0000
  104.1500   -0.0000   -0.0000   -0.0000
  104.2000   -0.0000   -0.0000   -0.0000
  104.2500   -0.0000   -0.0000   -0.0000
  104.3000   -0.0000   -0.0000   -0.0000
  104.3500   -0.0000   -0.0000   -0.0000
  104.4000   -0.0000   -0.0000   -0.0000
  104.4500   -0.0000   -0.0000   -0.0000
  104.5000   -0.0000   -0.0000   -0.0000
  104.5500   -0.0000   -0.0000   -0.0000
  104.6000   -0.0000   -0.0000   -0.0000
  104.6500   -0.0000   -0.0000   -0.0000
  104.7000   -0.0000   -0.0000   -0.0000
  104.7500   -0.0000   -0.0000   -0.0000
  104.8000   -0.0000   -0.0000   -0.0000
  104.8500   -0.0000   -0.0000   -0.0000
  104.9000   -0.0000   -0.0000   -0.0000
  104.9500   -0.0000   -0.0000   -0.0000
  105.0000   -0.0000   -0.0000   -0.0000
  105.0500   -0.0000   -0.0000   -0.0000
  105.1000   -0.0000   -0.0000   -0.0000
  105.1500   -0.0000   -0.0000   -0.0000
  105.2000   -0.0000   -0.0000   -0.0000
  105.2500   -0.0000   -0.0000   -0.0000
  105.3000   -0.0000   -0.0000   -0.0000
  105.3500   -0.0000   -0.0000   -0.0000
  105.4000   -0.0000   -0.0000   -0.0000
  105.4500   -0.0000   -0.0000   -0.0000
  105.5000   -0.0000   -0.0000   -0.0000
  105.5500   -0.0000   -0.0000   -0.0000
  105.6000   -0.0000   -0.0000   -0.0000
  105.6500   -0.0000   -0.0000   -0.0000
  105.7000   -0.0000   -0.0000   -0.0000
  105.7500   -0.0000   -0.0000   -0.0000
  105.8000   -0.0000   -0.0000   -0.0000
  105.8500   -0.0000   -0.0000   -0.0000
  105.9000   -0.0000   -0.0000   -0.0000
  105.9500   -0.0000   -0.0000   -0.0000
  106.0000   -0.0000   -0.0000   -0.0000
  106.0500   -0.0000   -0.0000   -0.0000
  106.1000   -0.0000   -0.0000   -0.0000
  106.1500   -0.0000   -0.0000   -0.0000
  106.2000   -0.0000   -0.0000   -0.0000
  106.2500   -0.0000   -0.0000   -0.0000
  106.3000   -0.0000   -0.0000   -0.0000
  106.3500   -0.0000   -0.0000   -0.0000
  106.4000   -0.0000   -0.0000   -0.0000
  106.4500   -0.0000   -0.0000   -0.0000
  106.5000   -0.0000   -0.0000   -0.0000
  106.5500   -0.0000   -0.0000   -0.0000
  106.6000   -0.0000   -0.0000   -0.0000
  106.6500   -0.0000   -0.0000   -0.0000
  106.7000   -0.0000   -0.0000   -0.0000
  106.7500   -0.0000   -0.0000   -0.0000
  106.8000   -0.0000   -0.0000   -0.0000
  106.8500   -0.0000   -0.0000   -0.0000
  106.9000   -0.0000   -0.0000   -0.0000
  106.9500   -0.0000   -0.0000   -0.0000
  107.0000   -0.0000   -0.0000   -0.0000
  107.0500   -0.0000   -0.0000   -0.0000
  107.1000   -0.0000   -0.0000   -0.0000
  107.1500   -0.0000   -0.0000   -0.0000
  107.2000   -0.0000   -0.0000   -0.0000
  107.2500   -0.0000   -0.0000   -0.0000
  107.3000   -0.0000   -0.0000   -0.0000
  107.3500   -0.0000   -0.0000   -0.0000
  107.4000   -0.0000   -0.0000   -0.0000
  107.4500   -0.0000   -0.0000   -0.0000
  107.5000   -0.0000   -0.0000   -0.0000
  107.5500   -0.0000   -0.0000   -0.0000
  107.6000   -0.0000   -0.0000   -0.0000
  107.6500   -0.0000   -0.0000   -0.0000
  107.7000   -0.0000   -0.0000   -0.0000
  107.7500   -0.0000   -0.0000   -0.0000
  107.8000   -0.0000   -0.0000   -0.0000
  107.8500   -0.0000   -0.0000   -0.0000
  107.9000   -0.0000   -0.0000   -0.0000
  107.9500   -0.0000   -0.0000   -0.0000
  108.0000   -0.0000   -0.0000   -0.0000
  108.0500   -0.0000   -0.0000   -0.0000
  108.1000   -0.0000   -0.0000   -0.0000
  108.1500   -0.0000   -0.0000   -0.0000
  108.2000   -0.0000   -0.0000   -0.0000
  108.2500   -0.0000   -0.0000   -0.0000
  108.3000   -0.0000   -0.0000   -0.0000
  108.3500   -0.0000   -0.0000   -0.0000
  108.4000   -0.0000   -0.0000   -0.0000
  108.4500   -0.0000   -0.0000   -0.0000
  108.5000   -0.0000   -0.0000   -0.0000
  108.5500   -0.0000   -0.0000   -0.0000
  108.6000   -0.0000   -0.0000   -0.0000
  108.6500   -0.0000   -0.0000   -0.0000
  108.7000   -0.0000   -0.0000   -0.0000
  108.7500   -0.0000   -0.0000   -0.0000
  108.8000   -0.0000   -0.0000   -0.0000
  108.8500   -0.0000   -0.0000   -0.0000
  108.9000   -0.0000   -0.0000   -0.0000
  108.9500   -0.0000   -0.0000   -0.0000
  109.0000   -0.0000   -0.0000   -0.0000
  109.0500   -0.0000   -0.0000   -0.0000
  109.1000   -0.0000   -0.0000   -0.0000
  109.1500   -0.0000   -0.0000   -0.0000
  109.2000   -0.0000   -0.0000   -0.0000
  109.2500   -0.0000   -0.0000   -0.0000
  109.3000   -0.0000   -0.0000   -0.0000
  109.3500   -0.0000   -0.0000   -0.0000
  109.4000   -0.0000   -0.0000   -0.0000
  109.4500   -0.0000   -0.0000   -0.0000
  109.5000   -0.0000   -0.0000   -0.0000
  109.5500   -0.0000   -0.0000   -0.0000
  109.6000   -0.0000   -0.0000   -0.0000
  109.6500   -0.0000   -0.0000   -0.0000
  109.7000   -0.0000   -0.0000   -0.0000
  109.7500   -0.0000   -0.0000   -0.0000
  109.8000   -0.0000   -0.0000   -0.0000
  109.8500   -0.0000   -0.0000   -0.0000
  109.9000   -0.0000   -0.0000   -0.0000
  109.9500   -0.0000   -0.0000   -0.0000
  110.0000   -0.0000   -0.0000   -0.0000
  110.0500   -0.0000   -0.0000   -0.0000
  110.1000   -0.0000   -0.0000   -0.0000
  110.1500   -0.0000   -0.0000   -0.0000
  110.2000   -0.0000   -0.0000   -0.0000
  110.2500   -0.0000   -0.0000   -0.0000
  110.3000   -0.0000   -0.0000   -0.0000
  110.3500   -0.0000   -0.0000   -0.0000
  110.4000   -0.0000   -0.0000   -0.0000
  110.4500   -0.0000   -0.0000   -0.0000
  110.5000   -0.0000   -0.0000   -0.0000
  110.5500   -0.0000   -0.0000   -0.0000
  110.6000   -0.0000   -0.0000   -0.0000
  110.6500   -0.0000   -0.0000   -0.0000
  110.7000   -0.0000   -0.0000   -0.0000
  110.7500   -0.0000   -0.0000   -0.0000
  110.8000   -0.0000   -0.0000   -0.0000
  110.8500   -0.0000   -0.0000   -0.0000
  110.9000   -0.0000   -0.0000   -0.0000
  110.9500   -0.0000   -0.0000   -0.0000
  111.0000   -0.0000   -0.0000   -0.0000
  111.0500   -0.0000   -0.0000   -0.0000
  111.1000   -0.0000   -0.0000   -0.0000
  111.1500   -0.0000   -0.0000   -0.0000
  111.2000   -0.0000   -0.0000   -0.0000
  111.2500   -0.0000   -0.0000   -0.0000
  111.3000   -0.0000   -0.0000   -0.0000
  111.3500   -0.0000   -0.0000   -0.0000
  111.4000   -0.0000   -0.0000   -0.0000
  111.4500   -0.0000   -0.0000   -0.0000
  111.5000   -0.0000   -0.0000   -0.0000
  111.5500   -0.0000   -0.0000   -0.0000
  111.6000   -0.0000   -0.0000   -0.0000
  111.6500   -0.0000   -0.0000   -0.0000
  111.7000   -0.0000   -0.0000   -0.0000
  111.7500   -0.0000   -0.0000   -0.0000
  111.8000   -0.0000   -0.0000   -0.0000
  111.8500   -0.0000   -0.0000   -0.0000
  111.9000   -0.0000   -0.0000   -0.0000
  111.9500   -0.0000   -0.0000   -0.0000
  112.0000   -0.0000   -0.0000   -0.0000
  112.0500   -0.0000   -0.0000   -0.0000
  112.1000   -0.0000   -0.0000   -0.0000
  112.1500   -0.0000   -0.0000   -0.0000
  112.2000   -0.0000   -0.0000   -0.0000
  112.2500   -0.0000   -0.0000   -0.0000
  112.3000   -0.0000   -0.0000   -0.0000
  112.3500   -0.0000   -0.0000   -0.0000
  112.4000   -0.0000   -0.0000   -0.0000
  112.4500   -0.0000   -0.0000   -0.0000
  112.5000   -0.0000   -0.0000   -0.0000
  112.5500   -0.0000   -0.0000   -0.0000
  112.6000   -0.0000   -0.0000   -0.0000
  112.6500   -0.0000   -0.0000   -0.0000
  112.7000   -0.0000   -0.0000   -0.0000
  112.7500   -0.0000   -0.0000   -0.0000
  112.8000   -0.0000   -0.0000   -0.0000
  112.8500   -0.0000   -0.0000   -0.0000
  112.9000   -0.0000   -0.0000   -0.0000
  112.9500   -0.0000   -0.0000   -0.0000
  113.0000   -0.0000   -0.0000   -0.0000
  113.0500   -0.0000   -0.0000   -0.0000
  113.1000   -0.0000   -0.0000   -0.0000
  113.1500   -0.0000   -0.0000   -0.0000
  113.2000   -0.0000   -0.0000   -0.0000
  113.2500   -0.0000   -0.0000   -0.0000
  113.3000   -0.0000   -0.0000   -0.0000
  113.3500   -0.0000   -0.0000   -0.0000
  113.4000   -0.0000   -0.0000   -0.0000
  113.4500   -0.0000   -0.0000   -0.0000
  113.5000   -0.0000   -0.0000   -0.0000
  113.5500   -0.0000   -0.0000   -0.0000
  113.6000   -0.0000   -0.0000   -0.0000
  113.6500   -0.0000   -0.0000   -0.0000
  113.7000   -0.0000   -0.0000   -0.0000
  113.7500   -0.0000   -0.0000   -0.0000
  113.8000   -0.0000   -0.0000   -0.0000
  113.8500   -0.0000   -0.0000   -0.0000
  113.9000   -0.0000   -0.0000   -0.0000
  113.9500   -0.0000   -0.0000   -0.0000
  114.0000   -0.0000   -0.0000   -0.0000
  114.0500   -0.0000   -0.0000   -0.0000
  114.1000   -0.0000   -0.0000   -0.0000
  114.1500   -0.0000   -0.0000   -0.0000
  114.2000   -0.0000   -0.0000   -0.0000
  114.2500   -0.0000   -0.0000   -0.0000
  114.3000   -0.0000   -0.0000   -0.0000
  114.3500   -0.0000   -0.0000   -0.0000
  114.4000   -0.0000   -0.0000   -0.0000
  114.4500   -0.0000   -0.0000   -0.0000
  114.5000   -0.0000   -0.0000   -0.0000
  114.5500   -0.0000   -0.0000   -0.0000
  114.6000   -0.0000   -0.0000   -0.0000
  114.6500   -0.0000   -0.0000   -0.0000
  114.7000   -0.0000   -0.0000   -0.0000
  114.7500   -0.0000   -0.0000   -0.0000
  114.8000   -0.0000   -0.0000   -0.0000
  114.8500   -0.0000   -0.0000   -0.0000
  114.9000   -0.0000   -0.0000   -0.0000
  114.9500   -0.0000   -0.0000   -0.0000
  115.0000   -0.0000   -0.0000   -0.0000
  115.0500   -0.0000   -0.0000   -0.0000
  115.1000   -0.0000   -0.0000   -0.0000
  115.1500   -0.0000   -0.0000   -0.0000
  115.2000   -0.0000   -0.0000   -0.0000
  115.2500   -0.0000   -0.0000   -0.0000
  115.3000   -0.0000   -0.0000   -0.0000
  115.3500   -0.0000   -0.0000   -0.0000
  115.4000   -0.0000   -0.0000   -0.0000
  115.4500   -0.0000   -0.0000   -0.0000
  115.5000   -0.0000   -0.0000   -0.0000
  115.5500   -0.0000   -0.0000   -0.0000
  115.6000   -0.0000   -0.0000   -0.0000
  115.6500   -0.0000   -0.0000   -0.0000
  115.7000   -0.0000   -0.0000   -0.0000
  115.7500   -0.0000   -0.0000   -0.0000
  115.8000   -0.0000   -0.0000   -0.0000
  115.8500   -0.0000   -0.0000   -0.0000
  115.9000   -0.0000   -0.0000   -0.0000
  115.9500   -0.0000   -0.0000   -0.0000
  116.0000   -0.0000   -0.0000   -0.0000
  116.0500   -0.0000   -0.0000   -0.0000
  116.1000   -0.0000   -0.0000   -0.0000
  116.1500   -0.0000   -0.0000   -0.0000
  116.2000   -0.0000   -0.0000   -0.0000
  116.2500   -0.0000   -0.0000   -0.0000
  116.3000   -0.0000   -0.0000   -0.0000
  116.3500   -0.0000   -0.0000   -0.0000
  116.4000   -0.0000   -0.0000   -0.0000
  116.4500   -0.0000   -0.0000   -0.0000
  116.5000   -0.0000   -0.0000   -0.0000
  116.5500   -0.0000   -0.0000   -0.0000
  116.6000   -0.0000   -0.0000   -0.0000
  116.6500   -0.0000   -0.0000   -0.0000
  116.7000   -0.0000   -0.0000   -0.0000
  116.7500   -0.0000   -0.0000   -0.0000
  116.8000   -0.0000   -0.0000   -0.0000
  116.8500   -0.0000   -0.0000   -0.0000
  116.9000   -0.0000   -0.0000   -0.0000
  116.9500   -0.0000   -0.0000   -0.0000
  117.0000   -0.0000   -0.0000   -0.0000
  117.0500   -0.0000   -0.0000   -0.0000
  117.1000   -0.0000   -0.0000   -0.0000
  117.1500   -0.0000   -0.0000   -0.0000
  117.2000   -0.0000   -0.0000   -0.0000
  117.2500   -0.0000   -0.0000   -0.0000
  117.3000   -0.0000   -0.0000   -0.0000
  117.3500   -0.0000   -0.0000   -0.0000
  117.4000   -0.0000   -0.0000   -0.0000
  117.4500   -0.0000   -0.0000   -0.0000
  117.5000   -0.0000   -0.0000   -0.0000
  117.5500   -0.0000   -0.0000   -0.0000
  117.6000   -0.0000   -0.0000   -0.0000
  117.6500   -0.0000   -0.0000   -0.0000
  117.7000   -0.0000   -0.0000   -0.0000
  117.7500   -0.0000   -0.0000   -0.0000
  117.8000   -0.0000   -0.0000   -0.0000
  117.8500   -0.0000   -0.0000   -0.0000
  117.9000   -0.0000   -0.0000   -0.0000
  117.9500   -0.0000   -0.0000   -0.0000
  118.0000   -0.0000   -0.0000   -0.0000
  118.0500   -0.0000   -0.0000   -0.0000
  118.1000   -0.0000   -0.0000   -0.0000
  118.1500   -0.0000   -0.0000   -0.0000
  118.2000   -0.0000   -0.0000   -0.0000
  118.2500   -0.0000   -0.0000   -0.0000
  118.3000   -0.0000   -0.0000   -0.0000
  118.3500   -0.0000   -0.0000   -0.0000
  118.4000   -0.0000   -0.0000   -0.0000
  118.4500   -0.0000   -0.0000   -0.0000
  118.5000   -0.0000   -0.0000   -0.0000
  118.5500   -0.0000   -0.0000   -0.0000
  118.6000   -0.0000   -0.0000   -0.0000
  118.6500   -0.0000   -0.0000   -0.0000
  118.7000   -0.0000   -0.0000   -0.0000
  118.7500   -0.0000   -0.0000   -0.0000
  118.8000   -0.0000   -0.0000   -0.0000
  118.8500   -0.0000   -0.0000   -0.0000
  118.9000   -0.0000   -0.0000   -0.0000
  118.9500   -0.0000   -0.0000   -0.0000
  119.0000   -0.0000   -0.0000   -0.0000
  119.0500   -0.0000   -0.0000   -0.0000
  119.1000   -0.0000   -0.0000   -0.0000
  119.1500   -0.0000   -0.0000   -0.0000
  119.2000   -0.0000   -0.0000   -0.0000
  119.2500   -0.0000   -0.0000   -0.0000
  119.3000   -0.0000   -0.0000   -0.0000
  119.3500   -0.0000   -0.0000   -0.0000
  119.4000   -0.0000   -0.0000   -0.0000
  119.4500   -0.0000   -0.0000   -0.0000
  119.5000   -0.0000   -0.0000   -0.0000
  119.5500   -0.0000   -0.0000   -0.0000
  119.6000   -0.0000   -0.0000   -0.0000
  119.6500   -0.0000   -0.0000   -0.0000
  119.7000   -0.0000   -0.0000   -0.0000
  119.7500   -0.0000   -0.0000   -0.0000
  119.8000   -0.0000   -0.0000   -0.0000
  119.8500   -0.0000   -0.0000   -0.0000
  119.9000   -0.0000   -0.0000   -0.0000
  119.9500   -0.0000   -0.0000   -0.0000
  120.0000   -0.0000   -0.0000   -0.0000
