  0.5000E-01   80.00      0.1000E+00   80.00       702.1       0.000    
  0.1000E-02   0.000       0.000       0.000       0.000       0.000    
   0.000       25.50     -1.0000               0           0           0
           0           0           0   25.50       0.000       0.000    
   0.000       0.000       0.000       0.000       0.000      0.1000E+00
   179.1      1.0000       0.000      -12.00       0.000       0.000    
           0           0           2           0          24           1
           0           0           0           2           1           0
           0           1           0           0           0           0
           0           0
