 #S.p. wfs for channel:           4
   0.000     0.00000   0.00000   0.00000
   0.050     0.00000   0.00000   0.00000
   0.100     0.00000   0.00000   0.00001
   0.150     0.00001   0.00002   0.00003
   0.200     0.00003   0.00005   0.00011
   0.250     0.00007   0.00013   0.00026
   0.300     0.00014   0.00026   0.00052
   0.350     0.00025   0.00046   0.00094
   0.400     0.00041   0.00076   0.00155
   0.450     0.00064   0.00117   0.00240
   0.500     0.00093   0.00171   0.00353
   0.550     0.00129   0.00238   0.00496
   0.600     0.00174   0.00319   0.00673
   0.650     0.00226   0.00413   0.00883
   0.700     0.00286   0.00521   0.01129
   0.750     0.00353   0.00641   0.01409
   0.800     0.00425   0.00770   0.01722
   0.850     0.00503   0.00905   0.02065
   0.900     0.00584   0.01045   0.02434
   0.950     0.00666   0.01186   0.02826
   1.000     0.00748   0.01322   0.03236
   1.050     0.00828   0.01452   0.03658
   1.100     0.00904   0.01570   0.04086
   1.150     0.00974   0.01673   0.04516
   1.200     0.01036   0.01757   0.04942
   1.250     0.01088   0.01819   0.05358
   1.300     0.01129   0.01855   0.05761
   1.350     0.01158   0.01863   0.06144
   1.400     0.01174   0.01841   0.06506
   1.450     0.01176   0.01788   0.06843
   1.500     0.01163   0.01703   0.07153
   1.550     0.01135   0.01584   0.07435
   1.600     0.01093   0.01434   0.07689
   1.650     0.01037   0.01251   0.07914
   1.700     0.00968   0.01038   0.08112
   1.750     0.00886   0.00796   0.08284
   1.800     0.00792   0.00528   0.08433
   1.850     0.00688   0.00236   0.08562
   1.900     0.00575  -0.00077   0.08674
   1.950     0.00455  -0.00409   0.08773
   2.000     0.00328  -0.00756   0.08862
   2.050     0.00197  -0.01115   0.08947
   2.100     0.00064  -0.01482   0.09030
   2.150    -0.00070  -0.01855   0.09118
   2.200    -0.00204  -0.02229   0.09213
   2.250    -0.00336  -0.02603   0.09320
   2.300    -0.00465  -0.02972   0.09443
   2.350    -0.00589  -0.03334   0.09586
   2.400    -0.00706  -0.03687   0.09753
   2.450    -0.00817  -0.04028   0.09947
   2.500    -0.00919  -0.04355   0.10171
   2.550    -0.01012  -0.04665   0.10427
   2.600    -0.01095  -0.04958   0.10718
   2.650    -0.01167  -0.05231   0.11046
   2.700    -0.01228  -0.05484   0.11413
   2.750    -0.01278  -0.05716   0.11819
   2.800    -0.01315  -0.05926   0.12265
   2.850    -0.01341  -0.06114   0.12753
   2.900    -0.01354  -0.06279   0.13281
   2.950    -0.01355  -0.06422   0.13850
   3.000    -0.01344  -0.06542   0.14460
   3.050    -0.01321  -0.06641   0.15109
   3.100    -0.01286  -0.06718   0.15797
   3.150    -0.01241  -0.06776   0.16522
   3.200    -0.01185  -0.06813   0.17283
   3.250    -0.01118  -0.06832   0.18078
   3.300    -0.01042  -0.06834   0.18904
   3.350    -0.00956  -0.06820   0.19761
   3.400    -0.00862  -0.06791   0.20645
   3.450    -0.00761  -0.06749   0.21555
   3.500    -0.00652  -0.06694   0.22487
   3.550    -0.00536  -0.06630   0.23440
   3.600    -0.00415  -0.06556   0.24410
   3.650    -0.00289  -0.06476   0.25395
   3.700    -0.00158  -0.06390   0.26392
   3.750    -0.00024  -0.06299   0.27399
   3.800     0.00113  -0.06206   0.28412
   3.850     0.00253  -0.06112   0.29429
   3.900     0.00394  -0.06018   0.30448
   3.950     0.00536  -0.05926   0.31465
   4.000     0.00679  -0.05837   0.32479
   4.050     0.00821  -0.05754   0.33486
   4.100     0.00962  -0.05676   0.34483
   4.150     0.01102  -0.05605   0.35469
   4.200     0.01241  -0.05543   0.36442
   4.250     0.01376  -0.05490   0.37398
   4.300     0.01509  -0.05449   0.38336
   4.350     0.01639  -0.05419   0.39253
   4.400     0.01765  -0.05402   0.40148
   4.450     0.01887  -0.05398   0.41019
   4.500     0.02005  -0.05409   0.41864
   4.550     0.02118  -0.05435   0.42681
   4.600     0.02227  -0.05476   0.43468
   4.650     0.02330  -0.05535   0.44225
   4.700     0.02428  -0.05610   0.44949
   4.750     0.02520  -0.05702   0.45640
   4.800     0.02607  -0.05813   0.46296
   4.850     0.02689  -0.05941   0.46916
   4.900     0.02764  -0.06088   0.47499
   4.950     0.02834  -0.06254   0.48045
   5.000     0.02897  -0.06439   0.48553
   5.050     0.02955  -0.06642   0.49021
   5.100     0.03008  -0.06864   0.49450
   5.150     0.03054  -0.07105   0.49839
   5.200     0.03095  -0.07365   0.50188
   5.250     0.03130  -0.07643   0.50495
   5.300     0.03160  -0.07940   0.50762
   5.350     0.03185  -0.08255   0.50988
   5.400     0.03204  -0.08588   0.51173
   5.450     0.03218  -0.08938   0.51316
   5.500     0.03228  -0.09306   0.51419
   5.550     0.03233  -0.09690   0.51481
   5.600     0.03234  -0.10091   0.51503
   5.650     0.03230  -0.10507   0.51484
   5.700     0.03223  -0.10940   0.51425
   5.750     0.03212  -0.11387   0.51328
   5.800     0.03198  -0.11848   0.51191
   5.850     0.03180  -0.12323   0.51016
   5.900     0.03160  -0.12811   0.50803
   5.950     0.03137  -0.13312   0.50553
   6.000     0.03112  -0.13824   0.50267
   6.050     0.03085  -0.14348   0.49945
   6.100     0.03056  -0.14882   0.49589
   6.150     0.03026  -0.15426   0.49198
   6.200     0.02994  -0.15979   0.48774
   6.250     0.02962  -0.16541   0.48317
   6.300     0.02929  -0.17111   0.47829
   6.350     0.02896  -0.17687   0.47311
   6.400     0.02863  -0.18270   0.46763
   6.450     0.02830  -0.18858   0.46186
   6.500     0.02798  -0.19451   0.45582
   6.550     0.02767  -0.20049   0.44951
   6.600     0.02737  -0.20650   0.44294
   6.650     0.02708  -0.21253   0.43612
   6.700     0.02681  -0.21859   0.42907
   6.750     0.02656  -0.22465   0.42180
   6.800     0.02633  -0.23073   0.41430
   6.850     0.02613  -0.23680   0.40660
   6.900     0.02595  -0.24287   0.39871
   6.950     0.02581  -0.24892   0.39064
   7.000     0.02569  -0.25495   0.38239
   7.050     0.02561  -0.26095   0.37397
   7.100     0.02557  -0.26692   0.36541
   7.150     0.02556  -0.27284   0.35670
   7.200     0.02560  -0.27872   0.34785
   7.250     0.02567  -0.28455   0.33889
   7.300     0.02579  -0.29032   0.32981
   7.350     0.02596  -0.29603   0.32063
   7.400     0.02617  -0.30167   0.31136
   7.450     0.02643  -0.30723   0.30201
   7.500     0.02674  -0.31271   0.29258
   7.550     0.02711  -0.31811   0.28309
   7.600     0.02752  -0.32341   0.27355
   7.650     0.02799  -0.32862   0.26396
   7.700     0.02852  -0.33374   0.25433
   7.750     0.02910  -0.33874   0.24467
   7.800     0.02974  -0.34364   0.23500
   7.850     0.03044  -0.34843   0.22532
   7.900     0.03119  -0.35311   0.21563
   7.950     0.03201  -0.35766   0.20595
   8.000     0.03288  -0.36209   0.19628
   8.050     0.03382  -0.36639   0.18663
   8.100     0.03481  -0.37057   0.17702
   8.150     0.03587  -0.37461   0.16743
   8.200     0.03699  -0.37852   0.15789
   8.250     0.03817  -0.38229   0.14841
   8.300     0.03941  -0.38592   0.13897
   8.350     0.04071  -0.38941   0.12960
   8.400     0.04208  -0.39275   0.12030
   8.450     0.04350  -0.39595   0.11107
   8.500     0.04499  -0.39899   0.10193
   8.550     0.04653  -0.40189   0.09287
   8.600     0.04814  -0.40464   0.08390
   8.650     0.04981  -0.40724   0.07503
   8.700     0.05154  -0.40968   0.06626
   8.750     0.05332  -0.41197   0.05759
   8.800     0.05516  -0.41410   0.04904
   8.850     0.05707  -0.41608   0.04060
   8.900     0.05902  -0.41790   0.03228
   8.950     0.06104  -0.41957   0.02408
   9.000     0.06311  -0.42108   0.01601
   9.050     0.06523  -0.42243   0.00807
   9.100     0.06741  -0.42362   0.00027
   9.150     0.06964  -0.42466  -0.00740
   9.200     0.07192  -0.42554  -0.01494
   9.250     0.07425  -0.42627  -0.02232
   9.300     0.07663  -0.42684  -0.02957
   9.350     0.07906  -0.42726  -0.03667
   9.400     0.08153  -0.42752  -0.04362
   9.450     0.08405  -0.42763  -0.05041
   9.500     0.08662  -0.42759  -0.05706
   9.550     0.08923  -0.42740  -0.06355
   9.600     0.09187  -0.42706  -0.06988
   9.650     0.09456  -0.42657  -0.07606
   9.700     0.09729  -0.42594  -0.08208
   9.750     0.10006  -0.42515  -0.08794
   9.800     0.10286  -0.42423  -0.09364
   9.850     0.10570  -0.42316  -0.09918
   9.900     0.10857  -0.42196  -0.10455
   9.950     0.11147  -0.42061  -0.10977
  10.000     0.11440  -0.41913  -0.11482
  10.050     0.11736  -0.41752  -0.11971
  10.100     0.12034  -0.41577  -0.12444
  10.150     0.12336  -0.41389  -0.12901
  10.200     0.12639  -0.41188  -0.13341
  10.250     0.12945  -0.40975  -0.13766
  10.300     0.13254  -0.40749  -0.14174
  10.350     0.13564  -0.40511  -0.14566
  10.400     0.13875  -0.40262  -0.14942
  10.450     0.14189  -0.40000  -0.15302
  10.500     0.14504  -0.39727  -0.15647
  10.550     0.14820  -0.39443  -0.15975
  10.600     0.15138  -0.39148  -0.16288
  10.650     0.15456  -0.38842  -0.16586
  10.700     0.15776  -0.38526  -0.16868
  10.750     0.16096  -0.38200  -0.17135
  10.800     0.16416  -0.37863  -0.17387
  10.850     0.16738  -0.37517  -0.17624
  10.900     0.17059  -0.37162  -0.17846
  10.950     0.17380  -0.36797  -0.18053
  11.000     0.17702  -0.36424  -0.18246
  11.050     0.18023  -0.36042  -0.18425
  11.100     0.18345  -0.35651  -0.18589
  11.150     0.18665  -0.35253  -0.18740
  11.200     0.18985  -0.34846  -0.18877
  11.250     0.19305  -0.34433  -0.19000
  11.300     0.19623  -0.34011  -0.19110
  11.350     0.19941  -0.33583  -0.19206
  11.400     0.20257  -0.33148  -0.19290
  11.450     0.20572  -0.32707  -0.19361
  11.500     0.20886  -0.32259  -0.19420
  11.550     0.21198  -0.31806  -0.19466
  11.600     0.21509  -0.31347  -0.19500
  11.650     0.21818  -0.30882  -0.19523
  11.700     0.22125  -0.30412  -0.19533
  11.750     0.22430  -0.29938  -0.19533
  11.800     0.22732  -0.29458  -0.19521
  11.850     0.23033  -0.28974  -0.19498
  11.900     0.23332  -0.28487  -0.19464
  11.950     0.23628  -0.27995  -0.19420
  12.000     0.23921  -0.27499  -0.19366
  12.050     0.24212  -0.27001  -0.19302
  12.100     0.24500  -0.26499  -0.19228
  12.150     0.24785  -0.25994  -0.19144
  12.200     0.25067  -0.25486  -0.19051
  12.250     0.25346  -0.24976  -0.18950
  12.300     0.25623  -0.24464  -0.18839
  12.350     0.25895  -0.23950  -0.18720
  12.400     0.26165  -0.23434  -0.18592
  12.450     0.26431  -0.22917  -0.18456
  12.500     0.26694  -0.22398  -0.18313
  12.550     0.26954  -0.21878  -0.18161
  12.600     0.27209  -0.21357  -0.18003
  12.650     0.27461  -0.20836  -0.17837
  12.700     0.27710  -0.20314  -0.17664
  12.750     0.27954  -0.19792  -0.17485
  12.800     0.28195  -0.19270  -0.17299
  12.850     0.28432  -0.18748  -0.17107
  12.900     0.28664  -0.18226  -0.16909
  12.950     0.28893  -0.17705  -0.16705
  13.000     0.29118  -0.17185  -0.16495
  13.050     0.29338  -0.16665  -0.16280
  13.100     0.29555  -0.16146  -0.16060
  13.150     0.29767  -0.15629  -0.15835
  13.200     0.29975  -0.15113  -0.15605
  13.250     0.30178  -0.14599  -0.15371
  13.300     0.30377  -0.14086  -0.15133
  13.350     0.30572  -0.13576  -0.14890
  13.400     0.30762  -0.13067  -0.14643
  13.450     0.30948  -0.12560  -0.14393
  13.500     0.31130  -0.12056  -0.14139
  13.550     0.31307  -0.11554  -0.13882
  13.600     0.31479  -0.11055  -0.13622
  13.650     0.31647  -0.10559  -0.13359
  13.700     0.31810  -0.10066  -0.13094
  13.750     0.31969  -0.09575  -0.12825
  13.800     0.32123  -0.09088  -0.12555
  13.850     0.32273  -0.08604  -0.12282
  13.900     0.32418  -0.08123  -0.12007
  13.950     0.32558  -0.07646  -0.11730
  14.000     0.32693  -0.07172  -0.11452
  14.050     0.32824  -0.06702  -0.11172
  14.100     0.32951  -0.06236  -0.10890
  14.150     0.33073  -0.05774  -0.10608
  14.200     0.33190  -0.05315  -0.10324
  14.250     0.33302  -0.04861  -0.10040
  14.300     0.33410  -0.04411  -0.09755
  14.350     0.33513  -0.03965  -0.09469
  14.400     0.33612  -0.03524  -0.09183
  14.450     0.33706  -0.03087  -0.08896
  14.500     0.33795  -0.02654  -0.08610
  14.550     0.33880  -0.02226  -0.08323
  14.600     0.33960  -0.01803  -0.08036
  14.650     0.34036  -0.01384  -0.07750
  14.700     0.34107  -0.00970  -0.07464
  14.750     0.34173  -0.00561  -0.07178
  14.800     0.34236  -0.00156  -0.06893
  14.850     0.34293   0.00243  -0.06609
  14.900     0.34346   0.00638  -0.06325
  14.950     0.34395   0.01027  -0.06043
  15.000     0.34440   0.01412  -0.05761
  15.050     0.34480   0.01791  -0.05481
  15.100     0.34516   0.02166  -0.05202
  15.150     0.34547   0.02535  -0.04924
  15.200     0.34574   0.02899  -0.04647
  15.250     0.34597   0.03258  -0.04372
  15.300     0.34616   0.03611  -0.04099
  15.350     0.34630   0.03959  -0.03827
  15.400     0.34641   0.04303  -0.03557
  15.450     0.34647   0.04640  -0.03289
  15.500     0.34649   0.04973  -0.03023
  15.550     0.34647   0.05300  -0.02758
  15.600     0.34642   0.05622  -0.02496
  15.650     0.34632   0.05938  -0.02236
  15.700     0.34618   0.06249  -0.01978
  15.750     0.34601   0.06555  -0.01723
  15.800     0.34580   0.06856  -0.01469
  15.850     0.34554   0.07151  -0.01218
  15.900     0.34526   0.07440  -0.00970
  15.950     0.34493   0.07725  -0.00724
  16.000     0.34457   0.08004  -0.00481
  16.050     0.34417   0.08278  -0.00240
  16.100     0.34374   0.08546  -0.00001
  16.150     0.34327   0.08809   0.00234
  16.200     0.34277   0.09067   0.00467
  16.250     0.34223   0.09319   0.00697
  16.300     0.34166   0.09567   0.00924
  16.350     0.34106   0.09809   0.01149
  16.400     0.34042   0.10045   0.01371
  16.450     0.33975   0.10277   0.01589
  16.500     0.33905   0.10503   0.01805
  16.550     0.33832   0.10725   0.02018
  16.600     0.33755   0.10941   0.02228
  16.650     0.33676   0.11152   0.02435
  16.700     0.33594   0.11358   0.02639
  16.750     0.33509   0.11559   0.02839
  16.800     0.33421   0.11754   0.03037
  16.850     0.33330   0.11945   0.03232
  16.900     0.33236   0.12131   0.03424
  16.950     0.33140   0.12312   0.03612
  17.000     0.33040   0.12488   0.03798
  17.050     0.32939   0.12660   0.03980
  17.100     0.32834   0.12826   0.04159
  17.150     0.32728   0.12988   0.04335
  17.200     0.32618   0.13145   0.04508
  17.250     0.32506   0.13297   0.04678
  17.300     0.32392   0.13445   0.04845
  17.350     0.32276   0.13588   0.05008
  17.400     0.32157   0.13727   0.05169
  17.450     0.32036   0.13860   0.05326
  17.500     0.31913   0.13990   0.05480
  17.550     0.31788   0.14115   0.05631
  17.600     0.31661   0.14236   0.05779
  17.650     0.31531   0.14352   0.05924
  17.700     0.31400   0.14464   0.06066
  17.750     0.31267   0.14572   0.06204
  17.800     0.31132   0.14675   0.06340
  17.850     0.30995   0.14775   0.06472
  17.900     0.30856   0.14870   0.06601
  17.950     0.30715   0.14961   0.06728
  18.000     0.30573   0.15048   0.06851
  18.050     0.30429   0.15132   0.06971
  18.100     0.30284   0.15211   0.07089
  18.150     0.30137   0.15286   0.07203
  18.200     0.29988   0.15358   0.07314
  18.250     0.29839   0.15426   0.07423
  18.300     0.29687   0.15490   0.07528
  18.350     0.29534   0.15551   0.07631
  18.400     0.29380   0.15608   0.07730
  18.450     0.29225   0.15661   0.07827
  18.500     0.29069   0.15711   0.07921
  18.550     0.28911   0.15757   0.08012
  18.600     0.28752   0.15800   0.08101
  18.650     0.28592   0.15839   0.08186
  18.700     0.28431   0.15876   0.08269
  18.750     0.28269   0.15909   0.08349
  18.800     0.28106   0.15938   0.08426
  18.850     0.27942   0.15965   0.08501
  18.900     0.27777   0.15988   0.08573
  18.950     0.27611   0.16009   0.08643
  19.000     0.27445   0.16026   0.08710
  19.050     0.27278   0.16041   0.08774
  19.100     0.27110   0.16052   0.08836
  19.150     0.26941   0.16061   0.08895
  19.200     0.26771   0.16067   0.08952
  19.250     0.26601   0.16070   0.09006
  19.300     0.26431   0.16070   0.09058
  19.350     0.26260   0.16068   0.09107
  19.400     0.26088   0.16063   0.09154
  19.450     0.25916   0.16056   0.09199
  19.500     0.25743   0.16046   0.09242
  19.550     0.25570   0.16033   0.09282
  19.600     0.25397   0.16019   0.09320
  19.650     0.25223   0.16001   0.09355
  19.700     0.25049   0.15982   0.09389
  19.750     0.24875   0.15960   0.09420
  19.800     0.24701   0.15936   0.09450
  19.850     0.24526   0.15910   0.09477
  19.900     0.24351   0.15882   0.09502
  19.950     0.24176   0.15851   0.09525
  20.000     0.24001   0.15819   0.09546
  20.050     0.23826   0.15784   0.09565
  20.100     0.23650   0.15748   0.09582
  20.150     0.23475   0.15709   0.09598
  20.200     0.23300   0.15669   0.09611
  20.250     0.23125   0.15627   0.09623
  20.300     0.22949   0.15583   0.09632
  20.350     0.22774   0.15538   0.09640
  20.400     0.22599   0.15490   0.09646
  20.450     0.22424   0.15442   0.09651
  20.500     0.22250   0.15391   0.09654
  20.550     0.22075   0.15339   0.09655
  20.600     0.21901   0.15285   0.09654
  20.650     0.21727   0.15230   0.09652
  20.700     0.21553   0.15174   0.09648
  20.750     0.21379   0.15116   0.09643
  20.800     0.21206   0.15056   0.09636
  20.850     0.21033   0.14996   0.09628
  20.900     0.20860   0.14934   0.09618
  20.950     0.20688   0.14870   0.09607
  21.000     0.20516   0.14806   0.09594
  21.050     0.20345   0.14740   0.09580
  21.100     0.20174   0.14674   0.09565
  21.150     0.20003   0.14606   0.09548
  21.200     0.19833   0.14537   0.09530
  21.250     0.19664   0.14467   0.09511
  21.300     0.19495   0.14396   0.09491
  21.350     0.19326   0.14324   0.09469
  21.400     0.19158   0.14251   0.09447
  21.450     0.18991   0.14177   0.09423
  21.500     0.18824   0.14102   0.09398
  21.550     0.18658   0.14027   0.09372
  21.600     0.18492   0.13950   0.09344
  21.650     0.18327   0.13873   0.09316
  21.700     0.18162   0.13795   0.09287
  21.750     0.17999   0.13717   0.09257
  21.800     0.17835   0.13638   0.09226
  21.850     0.17673   0.13558   0.09193
  21.900     0.17511   0.13477   0.09160
  21.950     0.17350   0.13396   0.09126
  22.000     0.17190   0.13314   0.09092
  22.050     0.17030   0.13232   0.09056
  22.100     0.16871   0.13149   0.09019
  22.150     0.16713   0.13066   0.08982
  22.200     0.16556   0.12982   0.08944
  22.250     0.16399   0.12898   0.08905
  22.300     0.16243   0.12813   0.08866
  22.350     0.16088   0.12728   0.08826
  22.400     0.15934   0.12643   0.08785
  22.450     0.15781   0.12557   0.08743
  22.500     0.15628   0.12471   0.08701
  22.550     0.15476   0.12385   0.08658
  22.600     0.15325   0.12298   0.08615
  22.650     0.15175   0.12212   0.08571
  22.700     0.15026   0.12125   0.08526
  22.750     0.14878   0.12037   0.08481
  22.800     0.14730   0.11950   0.08435
  22.850     0.14584   0.11862   0.08389
  22.900     0.14438   0.11775   0.08343
  22.950     0.14293   0.11687   0.08296
  23.000     0.14149   0.11599   0.08248
  23.050     0.14006   0.11511   0.08200
  23.100     0.13864   0.11423   0.08152
  23.150     0.13722   0.11335   0.08103
  23.200     0.13582   0.11246   0.08054
  23.250     0.13443   0.11158   0.08005
  23.300     0.13304   0.11070   0.07955
  23.350     0.13166   0.10982   0.07905
  23.400     0.13030   0.10894   0.07855
  23.450     0.12894   0.10806   0.07804
  23.500     0.12759   0.10718   0.07753
  23.550     0.12625   0.10630   0.07702
  23.600     0.12492   0.10542   0.07651
  23.650     0.12360   0.10454   0.07599
  23.700     0.12229   0.10367   0.07547
  23.750     0.12099   0.10279   0.07495
  23.800     0.11970   0.10192   0.07443
  23.850     0.11842   0.10105   0.07391
  23.900     0.11714   0.10018   0.07338
  23.950     0.11588   0.09931   0.07286
  24.000     0.11463   0.09845   0.07233
  24.050     0.11338   0.09759   0.07180
  24.100     0.11215   0.09672   0.07127
  24.150     0.11092   0.09587   0.07074
  24.200     0.10971   0.09501   0.07021
  24.250     0.10850   0.09416   0.06968
  24.300     0.10730   0.09331   0.06915
  24.350     0.10612   0.09246   0.06861
  24.400     0.10494   0.09162   0.06808
  24.450     0.10377   0.09078   0.06755
  24.500     0.10261   0.08994   0.06701
  24.550     0.10146   0.08910   0.06648
  24.600     0.10032   0.08827   0.06595
  24.650     0.09919   0.08744   0.06541
  24.700     0.09807   0.08662   0.06488
  24.750     0.09696   0.08580   0.06435
  24.800     0.09586   0.08498   0.06382
  24.850     0.09477   0.08417   0.06329
  24.900     0.09368   0.08336   0.06276
  24.950     0.09261   0.08255   0.06223
  25.000     0.09155   0.08175   0.06170
  25.050     0.09049   0.08095   0.06117
  25.100     0.08945   0.08016   0.06065
  25.150     0.08841   0.07937   0.06012
  25.200     0.08738   0.07858   0.05960
  25.250     0.08636   0.07780   0.05907
  25.300     0.08536   0.07702   0.05855
  25.350     0.08436   0.07625   0.05803
  25.400     0.08337   0.07548   0.05751
  25.450     0.08238   0.07472   0.05700
  25.500     0.08141   0.07396   0.05648
  25.550     0.08045   0.07320   0.05597
  25.600     0.07949   0.07245   0.05546
  25.650     0.07855   0.07171   0.05495
  25.700     0.07761   0.07097   0.05444
  25.750     0.07668   0.07023   0.05393
  25.800     0.07577   0.06950   0.05343
  25.850     0.07486   0.06877   0.05293
  25.900     0.07395   0.06805   0.05243
  25.950     0.07306   0.06733   0.05193
  26.000     0.07218   0.06662   0.05143
  26.050     0.07130   0.06591   0.05094
  26.100     0.07044   0.06521   0.05045
  26.150     0.06958   0.06451   0.04996
  26.200     0.06873   0.06382   0.04947
  26.250     0.06789   0.06313   0.04899
  26.300     0.06705   0.06245   0.04851
  26.350     0.06623   0.06177   0.04803
  26.400     0.06541   0.06110   0.04755
  26.450     0.06460   0.06043   0.04708
  26.500     0.06380   0.05976   0.04661
  26.550     0.06301   0.05911   0.04614
  26.600     0.06223   0.05845   0.04567
  26.650     0.06145   0.05781   0.04521
  26.700     0.06068   0.05716   0.04475
  26.750     0.05992   0.05652   0.04429
  26.800     0.05917   0.05589   0.04383
  26.850     0.05843   0.05526   0.04338
  26.900     0.05769   0.05464   0.04293
  26.950     0.05696   0.05402   0.04249
  27.000     0.05624   0.05341   0.04204
  27.050     0.05553   0.05280   0.04160
  27.100     0.05482   0.05220   0.04116
  27.150     0.05413   0.05160   0.04073
  27.200     0.05344   0.05101   0.04029
  27.250     0.05275   0.05042   0.03986
  27.300     0.05208   0.04984   0.03944
  27.350     0.05141   0.04926   0.03902
  27.400     0.05075   0.04869   0.03859
  27.450     0.05009   0.04812   0.03818
  27.500     0.04945   0.04756   0.03776
  27.550     0.04881   0.04700   0.03735
  27.600     0.04817   0.04645   0.03694
  27.650     0.04755   0.04590   0.03654
  27.700     0.04693   0.04536   0.03613
  27.750     0.04632   0.04482   0.03574
  27.800     0.04571   0.04429   0.03534
  27.850     0.04511   0.04376   0.03495
  27.900     0.04452   0.04324   0.03456
  27.950     0.04394   0.04272   0.03417
  28.000     0.04336   0.04221   0.03379
  28.050     0.04279   0.04170   0.03340
  28.100     0.04222   0.04119   0.03303
  28.150     0.04166   0.04069   0.03265
  28.200     0.04111   0.04020   0.03228
  28.250     0.04057   0.03971   0.03191
  28.300     0.04003   0.03923   0.03155
  28.350     0.03949   0.03875   0.03118
  28.400     0.03897   0.03827   0.03082
  28.450     0.03845   0.03780   0.03047
  28.500     0.03793   0.03733   0.03011
  28.550     0.03742   0.03687   0.02976
  28.600     0.03692   0.03642   0.02942
  28.650     0.03642   0.03596   0.02907
  28.700     0.03593   0.03552   0.02873
  28.750     0.03544   0.03507   0.02839
  28.800     0.03496   0.03464   0.02806
  28.850     0.03449   0.03420   0.02773
  28.900     0.03402   0.03377   0.02740
  28.950     0.03356   0.03335   0.02707
  29.000     0.03310   0.03293   0.02675
  29.050     0.03265   0.03251   0.02643
  29.100     0.03220   0.03210   0.02611
  29.150     0.03176   0.03169   0.02580
  29.200     0.03133   0.03129   0.02549
  29.250     0.03090   0.03089   0.02518
  29.300     0.03047   0.03049   0.02487
  29.350     0.03005   0.03010   0.02457
  29.400     0.02964   0.02972   0.02427
  29.450     0.02923   0.02933   0.02397
  29.500     0.02882   0.02895   0.02368
  29.550     0.02842   0.02858   0.02339
  29.600     0.02803   0.02821   0.02310
  29.650     0.02764   0.02784   0.02282
  29.700     0.02725   0.02748   0.02253
  29.750     0.02687   0.02712   0.02225
  29.800     0.02650   0.02677   0.02198
  29.850     0.02613   0.02642   0.02170
  29.900     0.02576   0.02607   0.02143
  29.950     0.02540   0.02573   0.02116
  30.000     0.02504   0.02539   0.02090
  30.050     0.02469   0.02506   0.02064
  30.100     0.02434   0.02473   0.02038
  30.150     0.02400   0.02440   0.02012
  30.200     0.02366   0.02408   0.01986
  30.250     0.02333   0.02376   0.01961
  30.300     0.02300   0.02344   0.01936
  30.350     0.02267   0.02313   0.01911
  30.400     0.02235   0.02282   0.01887
  30.450     0.02203   0.02251   0.01863
  30.500     0.02171   0.02221   0.01839
  30.550     0.02140   0.02191   0.01815
  30.600     0.02110   0.02162   0.01792
  30.650     0.02080   0.02133   0.01769
  30.700     0.02050   0.02104   0.01746
  30.750     0.02020   0.02075   0.01723
  30.800     0.01991   0.02047   0.01701
  30.850     0.01963   0.02019   0.01679
  30.900     0.01934   0.01992   0.01657
  30.950     0.01907   0.01965   0.01635
  31.000     0.01879   0.01938   0.01614
  31.050     0.01852   0.01911   0.01592
  31.100     0.01825   0.01885   0.01571
  31.150     0.01799   0.01859   0.01551
  31.200     0.01772   0.01834   0.01530
  31.250     0.01747   0.01809   0.01510
  31.300     0.01721   0.01784   0.01490
  31.350     0.01696   0.01759   0.01470
  31.400     0.01671   0.01735   0.01451
  31.450     0.01647   0.01711   0.01431
  31.500     0.01623   0.01687   0.01412
  31.550     0.01599   0.01663   0.01393
  31.600     0.01576   0.01640   0.01375
  31.650     0.01552   0.01617   0.01356
  31.700     0.01530   0.01595   0.01338
  31.750     0.01507   0.01572   0.01320
  31.800     0.01485   0.01550   0.01302
  31.850     0.01463   0.01529   0.01284
  31.900     0.01441   0.01507   0.01267
  31.950     0.01420   0.01486   0.01250
  32.000     0.01399   0.01465   0.01233
  32.050     0.01378   0.01444   0.01216
  32.100     0.01358   0.01424   0.01199
  32.150     0.01338   0.01404   0.01183
  32.200     0.01318   0.01384   0.01167
  32.250     0.01298   0.01364   0.01151
  32.300     0.01279   0.01345   0.01135
  32.350     0.01260   0.01326   0.01119
  32.400     0.01241   0.01307   0.01104
  32.450     0.01222   0.01288   0.01088
  32.500     0.01204   0.01270   0.01073
  32.550     0.01186   0.01251   0.01059
  32.600     0.01168   0.01233   0.01044
  32.650     0.01150   0.01216   0.01029
  32.700     0.01133   0.01198   0.01015
  32.750     0.01116   0.01181   0.01001
  32.800     0.01099   0.01164   0.00987
  32.850     0.01083   0.01147   0.00973
  32.900     0.01066   0.01131   0.00959
  32.950     0.01050   0.01114   0.00946
  33.000     0.01034   0.01098   0.00933
  33.050     0.01018   0.01082   0.00919
  33.100     0.01003   0.01066   0.00906
  33.150     0.00988   0.01051   0.00894
  33.200     0.00973   0.01035   0.00881
  33.250     0.00958   0.01020   0.00869
  33.300     0.00943   0.01005   0.00856
  33.350     0.00929   0.00991   0.00844
  33.400     0.00915   0.00976   0.00832
  33.450     0.00901   0.00962   0.00820
  33.500     0.00887   0.00948   0.00808
  33.550     0.00873   0.00934   0.00797
  33.600     0.00860   0.00920   0.00785
  33.650     0.00847   0.00906   0.00774
  33.700     0.00834   0.00893   0.00763
  33.750     0.00821   0.00880   0.00752
  33.800     0.00808   0.00867   0.00741
  33.850     0.00796   0.00854   0.00731
  33.900     0.00783   0.00841   0.00720
  33.950     0.00771   0.00829   0.00710
  34.000     0.00759   0.00816   0.00699
  34.050     0.00748   0.00804   0.00689
  34.100     0.00736   0.00792   0.00679
  34.150     0.00725   0.00780   0.00669
  34.200     0.00713   0.00769   0.00660
  34.250     0.00702   0.00757   0.00650
  34.300     0.00691   0.00746   0.00640
  34.350     0.00680   0.00735   0.00631
  34.400     0.00670   0.00724   0.00622
  34.450     0.00659   0.00713   0.00613
  34.500     0.00649   0.00702   0.00604
  34.550     0.00639   0.00691   0.00595
  34.600     0.00629   0.00681   0.00586
  34.650     0.00619   0.00671   0.00577
  34.700     0.00609   0.00660   0.00569
  34.750     0.00600   0.00650   0.00561
  34.800     0.00590   0.00641   0.00552
  34.850     0.00581   0.00631   0.00544
  34.900     0.00572   0.00621   0.00536
  34.950     0.00563   0.00612   0.00528
  35.000     0.00554   0.00602   0.00520
  35.050     0.00545   0.00593   0.00512
  35.100     0.00537   0.00584   0.00505
  35.150     0.00528   0.00575   0.00497
  35.200     0.00520   0.00567   0.00490
  35.250     0.00512   0.00558   0.00483
  35.300     0.00504   0.00549   0.00475
  35.350     0.00496   0.00541   0.00468
  35.400     0.00488   0.00533   0.00461
  35.450     0.00480   0.00524   0.00454
  35.500     0.00472   0.00516   0.00447
  35.550     0.00465   0.00508   0.00441
  35.600     0.00457   0.00500   0.00434
  35.650     0.00450   0.00493   0.00427
  35.700     0.00443   0.00485   0.00421
  35.750     0.00436   0.00478   0.00415
  35.800     0.00429   0.00470   0.00408
  35.850     0.00422   0.00463   0.00402
  35.900     0.00415   0.00456   0.00396
  35.950     0.00409   0.00449   0.00390
  36.000     0.00402   0.00442   0.00384
  36.050     0.00396   0.00435   0.00378
  36.100     0.00389   0.00428   0.00372
  36.150     0.00383   0.00421   0.00367
  36.200     0.00377   0.00415   0.00361
  36.250     0.00371   0.00408   0.00356
  36.300     0.00365   0.00402   0.00350
  36.350     0.00359   0.00396   0.00345
  36.400     0.00353   0.00389   0.00339
  36.450     0.00347   0.00383   0.00334
  36.500     0.00342   0.00377   0.00329
  36.550     0.00336   0.00371   0.00324
  36.600     0.00331   0.00365   0.00319
  36.650     0.00325   0.00360   0.00314
  36.700     0.00320   0.00354   0.00309
  36.750     0.00315   0.00348   0.00305
  36.800     0.00310   0.00343   0.00300
  36.850     0.00305   0.00337   0.00295
  36.900     0.00300   0.00332   0.00291
  36.950     0.00295   0.00327   0.00286
  37.000     0.00290   0.00322   0.00282
  37.050     0.00285   0.00317   0.00277
  37.100     0.00281   0.00312   0.00273
  37.150     0.00276   0.00307   0.00269
  37.200     0.00272   0.00302   0.00264
  37.250     0.00267   0.00297   0.00260
  37.300     0.00263   0.00292   0.00256
  37.350     0.00258   0.00288   0.00252
  37.400     0.00254   0.00283   0.00248
  37.450     0.00250   0.00278   0.00244
  37.500     0.00246   0.00274   0.00241
  37.550     0.00242   0.00270   0.00237
  37.600     0.00238   0.00265   0.00233
  37.650     0.00234   0.00261   0.00229
  37.700     0.00230   0.00257   0.00226
  37.750     0.00226   0.00253   0.00222
  37.800     0.00223   0.00249   0.00219
  37.850     0.00219   0.00245   0.00215
  37.900     0.00215   0.00241   0.00212
  37.950     0.00212   0.00237   0.00208
  38.000     0.00208   0.00233   0.00205
  38.050     0.00205   0.00229   0.00202
  38.100     0.00201   0.00225   0.00199
  38.150     0.00198   0.00222   0.00196
  38.200     0.00195   0.00218   0.00192
  38.250     0.00191   0.00215   0.00189
  38.300     0.00188   0.00211   0.00186
  38.350     0.00185   0.00208   0.00183
  38.400     0.00182   0.00204   0.00180
  38.450     0.00179   0.00201   0.00178
  38.500     0.00176   0.00198   0.00175
  38.550     0.00173   0.00195   0.00172
  38.600     0.00170   0.00191   0.00169
  38.650     0.00167   0.00188   0.00166
  38.700     0.00165   0.00185   0.00164
  38.750     0.00162   0.00182   0.00161
  38.800     0.00159   0.00179   0.00159
  38.850     0.00156   0.00176   0.00156
  38.900     0.00154   0.00173   0.00153
  38.950     0.00151   0.00171   0.00151
  39.000     0.00149   0.00168   0.00149
  39.050     0.00146   0.00165   0.00146
  39.100     0.00144   0.00162   0.00144
  39.150     0.00141   0.00160   0.00141
  39.200     0.00139   0.00157   0.00139
  39.250     0.00137   0.00154   0.00137
  39.300     0.00134   0.00152   0.00135
  39.350     0.00132   0.00149   0.00133
  39.400     0.00130   0.00147   0.00130
  39.450     0.00128   0.00144   0.00128
  39.500     0.00125   0.00142   0.00126
  39.550     0.00123   0.00140   0.00124
  39.600     0.00121   0.00137   0.00122
  39.650     0.00119   0.00135   0.00120
  39.700     0.00117   0.00133   0.00118
  39.750     0.00115   0.00131   0.00116
  39.800     0.00113   0.00129   0.00114
  39.850     0.00111   0.00126   0.00112
  39.900     0.00109   0.00124   0.00111
  39.950     0.00108   0.00122   0.00109
  40.000     0.00106   0.00120   0.00107
  40.050     0.00104   0.00118   0.00105
  40.100     0.00102   0.00116   0.00104
  40.150     0.00100   0.00114   0.00102
  40.200     0.00099   0.00112   0.00100
  40.250     0.00097   0.00110   0.00098
  40.300     0.00095   0.00109   0.00097
  40.350     0.00094   0.00107   0.00095
  40.400     0.00092   0.00105   0.00094
  40.450     0.00091   0.00103   0.00092
  40.500     0.00089   0.00102   0.00091
  40.550     0.00087   0.00100   0.00089
  40.600     0.00086   0.00098   0.00088
  40.650     0.00085   0.00097   0.00086
  40.700     0.00083   0.00095   0.00085
  40.750     0.00082   0.00093   0.00083
  40.800     0.00080   0.00092   0.00082
  40.850     0.00079   0.00090   0.00081
  40.900     0.00078   0.00089   0.00079
  40.950     0.00076   0.00087   0.00078
  41.000     0.00075   0.00086   0.00077
  41.050     0.00074   0.00084   0.00075
  41.100     0.00072   0.00083   0.00074
  41.150     0.00071   0.00081   0.00073
  41.200     0.00070   0.00080   0.00072
  41.250     0.00069   0.00079   0.00070
  41.300     0.00067   0.00077   0.00069
  41.350     0.00066   0.00076   0.00068
  41.400     0.00065   0.00075   0.00067
  41.450     0.00064   0.00073   0.00066
  41.500     0.00063   0.00072   0.00065
  41.550     0.00062   0.00071   0.00064
  41.600     0.00061   0.00070   0.00063
  41.650     0.00060   0.00069   0.00062
  41.700     0.00059   0.00067   0.00061
  41.750     0.00058   0.00066   0.00060
  41.800     0.00057   0.00065   0.00059
  41.850     0.00056   0.00064   0.00058
  41.900     0.00055   0.00063   0.00057
  41.950     0.00054   0.00062   0.00056
  42.000     0.00053   0.00061   0.00055
  42.050     0.00052   0.00060   0.00054
  42.100     0.00051   0.00059   0.00053
  42.150     0.00050   0.00058   0.00052
  42.200     0.00049   0.00057   0.00051
  42.250     0.00048   0.00056   0.00050
  42.300     0.00047   0.00055   0.00049
  42.350     0.00047   0.00054   0.00048
  42.400     0.00046   0.00053   0.00048
  42.450     0.00045   0.00052   0.00047
  42.500     0.00044   0.00051   0.00046
  42.550     0.00043   0.00050   0.00045
  42.600     0.00043   0.00049   0.00045
  42.650     0.00042   0.00049   0.00044
  42.700     0.00041   0.00048   0.00043
  42.750     0.00041   0.00047   0.00042
  42.800     0.00040   0.00046   0.00042
  42.850     0.00039   0.00045   0.00041
  42.900     0.00038   0.00045   0.00040
  42.950     0.00038   0.00044   0.00039
  43.000     0.00037   0.00043   0.00039
  43.050     0.00036   0.00042   0.00038
  43.100     0.00036   0.00041   0.00037
  43.150     0.00035   0.00041   0.00037
  43.200     0.00035   0.00040   0.00036
  43.250     0.00034   0.00039   0.00036
  43.300     0.00033   0.00039   0.00035
  43.350     0.00033   0.00038   0.00034
  43.400     0.00032   0.00037   0.00034
  43.450     0.00032   0.00037   0.00033
  43.500     0.00031   0.00036   0.00033
  43.550     0.00030   0.00035   0.00032
  43.600     0.00030   0.00035   0.00032
  43.650     0.00029   0.00034   0.00031
  43.700     0.00029   0.00034   0.00030
  43.750     0.00028   0.00033   0.00030
  43.800     0.00028   0.00032   0.00029
  43.850     0.00027   0.00032   0.00029
  43.900     0.00027   0.00031   0.00028
  43.950     0.00026   0.00031   0.00028
  44.000     0.00026   0.00030   0.00027
  44.050     0.00025   0.00030   0.00027
  44.100     0.00025   0.00029   0.00026
  44.150     0.00025   0.00029   0.00026
  44.200     0.00024   0.00028   0.00026
  44.250     0.00024   0.00028   0.00025
  44.300     0.00023   0.00027   0.00025
  44.350     0.00023   0.00027   0.00024
  44.400     0.00022   0.00026   0.00024
  44.450     0.00022   0.00026   0.00023
  44.500     0.00022   0.00025   0.00023
  44.550     0.00021   0.00025   0.00023
  44.600     0.00021   0.00024   0.00022
  44.650     0.00021   0.00024   0.00022
  44.700     0.00020   0.00024   0.00021
  44.750     0.00020   0.00023   0.00021
  44.800     0.00019   0.00023   0.00021
  44.850     0.00019   0.00022   0.00020
  44.900     0.00019   0.00022   0.00020
  44.950     0.00018   0.00022   0.00020
  45.000     0.00018   0.00021   0.00019
  45.050     0.00018   0.00021   0.00019
  45.100     0.00017   0.00020   0.00019
  45.150     0.00017   0.00020   0.00018
  45.200     0.00017   0.00020   0.00018
  45.250     0.00017   0.00019   0.00018
  45.300     0.00016   0.00019   0.00017
  45.350     0.00016   0.00019   0.00017
  45.400     0.00016   0.00018   0.00017
  45.450     0.00015   0.00018   0.00016
  45.500     0.00015   0.00018   0.00016
  45.550     0.00015   0.00017   0.00016
  45.600     0.00015   0.00017   0.00016
  45.650     0.00014   0.00017   0.00015
  45.700     0.00014   0.00017   0.00015
  45.750     0.00014   0.00016   0.00015
  45.800     0.00014   0.00016   0.00015
  45.850     0.00013   0.00016   0.00014
  45.900     0.00013   0.00015   0.00014
  45.950     0.00013   0.00015   0.00014
  46.000     0.00013   0.00015   0.00014
  46.050     0.00012   0.00015   0.00013
  46.100     0.00012   0.00014   0.00013
  46.150     0.00012   0.00014   0.00013
  46.200     0.00012   0.00014   0.00013
  46.250     0.00011   0.00014   0.00012
  46.300     0.00011   0.00013   0.00012
  46.350     0.00011   0.00013   0.00012
  46.400     0.00011   0.00013   0.00012
  46.450     0.00011   0.00013   0.00012
  46.500     0.00010   0.00012   0.00011
  46.550     0.00010   0.00012   0.00011
  46.600     0.00010   0.00012   0.00011
  46.650     0.00010   0.00012   0.00011
  46.700     0.00010   0.00011   0.00011
  46.750     0.00010   0.00011   0.00010
  46.800     0.00009   0.00011   0.00010
  46.850     0.00009   0.00011   0.00010
  46.900     0.00009   0.00011   0.00010
  46.950     0.00009   0.00010   0.00010
  47.000     0.00009   0.00010   0.00009
  47.050     0.00009   0.00010   0.00009
  47.100     0.00008   0.00010   0.00009
  47.150     0.00008   0.00010   0.00009
  47.200     0.00008   0.00010   0.00009
  47.250     0.00008   0.00009   0.00009
  47.300     0.00008   0.00009   0.00008
  47.350     0.00008   0.00009   0.00008
  47.400     0.00008   0.00009   0.00008
  47.450     0.00007   0.00009   0.00008
  47.500     0.00007   0.00009   0.00008
  47.550     0.00007   0.00008   0.00008
  47.600     0.00007   0.00008   0.00008
  47.650     0.00007   0.00008   0.00007
  47.700     0.00007   0.00008   0.00007
  47.750     0.00007   0.00008   0.00007
  47.800     0.00006   0.00008   0.00007
  47.850     0.00006   0.00008   0.00007
  47.900     0.00006   0.00007   0.00007
  47.950     0.00006   0.00007   0.00007
  48.000     0.00006   0.00007   0.00007
  48.050     0.00006   0.00007   0.00006
  48.100     0.00006   0.00007   0.00006
  48.150     0.00006   0.00007   0.00006
  48.200     0.00006   0.00007   0.00006
  48.250     0.00005   0.00007   0.00006
  48.300     0.00005   0.00006   0.00006
  48.350     0.00005   0.00006   0.00006
  48.400     0.00005   0.00006   0.00006
  48.450     0.00005   0.00006   0.00006
  48.500     0.00005   0.00006   0.00005
  48.550     0.00005   0.00006   0.00005
  48.600     0.00005   0.00006   0.00005
  48.650     0.00005   0.00006   0.00005
  48.700     0.00005   0.00006   0.00005
  48.750     0.00005   0.00005   0.00005
  48.800     0.00004   0.00005   0.00005
  48.850     0.00004   0.00005   0.00005
  48.900     0.00004   0.00005   0.00005
  48.950     0.00004   0.00005   0.00005
  49.000     0.00004   0.00005   0.00005
  49.050     0.00004   0.00005   0.00004
  49.100     0.00004   0.00005   0.00004
  49.150     0.00004   0.00005   0.00004
  49.200     0.00004   0.00005   0.00004
  49.250     0.00004   0.00005   0.00004
  49.300     0.00004   0.00004   0.00004
  49.350     0.00004   0.00004   0.00004
  49.400     0.00004   0.00004   0.00004
  49.450     0.00004   0.00004   0.00004
  49.500     0.00003   0.00004   0.00004
  49.550     0.00003   0.00004   0.00004
  49.600     0.00003   0.00004   0.00004
  49.650     0.00003   0.00004   0.00004
  49.700     0.00003   0.00004   0.00004
  49.750     0.00003   0.00004   0.00003
  49.800     0.00003   0.00004   0.00003
  49.850     0.00003   0.00004   0.00003
  49.900     0.00003   0.00004   0.00003
  49.950     0.00003   0.00003   0.00003
  50.000     0.00003   0.00003   0.00003
  50.050     0.00003   0.00003   0.00003
  50.100     0.00003   0.00003   0.00003
  50.150     0.00003   0.00003   0.00003
  50.200     0.00003   0.00003   0.00003
  50.250     0.00003   0.00003   0.00003
  50.300     0.00003   0.00003   0.00003
  50.350     0.00002   0.00003   0.00003
  50.400     0.00002   0.00003   0.00003
  50.450     0.00002   0.00003   0.00003
  50.500     0.00002   0.00003   0.00003
  50.550     0.00002   0.00003   0.00003
  50.600     0.00002   0.00003   0.00003
  50.650     0.00002   0.00003   0.00002
  50.700     0.00002   0.00003   0.00002
  50.750     0.00002   0.00003   0.00002
  50.800     0.00002   0.00003   0.00002
  50.850     0.00002   0.00002   0.00002
  50.900     0.00002   0.00002   0.00002
  50.950     0.00002   0.00002   0.00002
  51.000     0.00002   0.00002   0.00002
  51.050     0.00002   0.00002   0.00002
  51.100     0.00002   0.00002   0.00002
  51.150     0.00002   0.00002   0.00002
  51.200     0.00002   0.00002   0.00002
  51.250     0.00002   0.00002   0.00002
  51.300     0.00002   0.00002   0.00002
  51.350     0.00002   0.00002   0.00002
  51.400     0.00002   0.00002   0.00002
  51.450     0.00002   0.00002   0.00002
  51.500     0.00002   0.00002   0.00002
  51.550     0.00002   0.00002   0.00002
  51.600     0.00002   0.00002   0.00002
  51.650     0.00002   0.00002   0.00002
  51.700     0.00001   0.00002   0.00002
  51.750     0.00001   0.00002   0.00002
  51.800     0.00001   0.00002   0.00002
  51.850     0.00001   0.00002   0.00002
  51.900     0.00001   0.00002   0.00002
  51.950     0.00001   0.00002   0.00002
  52.000     0.00001   0.00002   0.00001
  52.050     0.00001   0.00002   0.00001
  52.100     0.00001   0.00002   0.00001
  52.150     0.00001   0.00002   0.00001
  52.200     0.00001   0.00001   0.00001
  52.250     0.00001   0.00001   0.00001
  52.300     0.00001   0.00001   0.00001
  52.350     0.00001   0.00001   0.00001
  52.400     0.00001   0.00001   0.00001
  52.450     0.00001   0.00001   0.00001
  52.500     0.00001   0.00001   0.00001
  52.550     0.00001   0.00001   0.00001
  52.600     0.00001   0.00001   0.00001
  52.650     0.00001   0.00001   0.00001
  52.700     0.00001   0.00001   0.00001
  52.750     0.00001   0.00001   0.00001
  52.800     0.00001   0.00001   0.00001
  52.850     0.00001   0.00001   0.00001
  52.900     0.00001   0.00001   0.00001
  52.950     0.00001   0.00001   0.00001
  53.000     0.00001   0.00001   0.00001
  53.050     0.00001   0.00001   0.00001
  53.100     0.00001   0.00001   0.00001
  53.150     0.00001   0.00001   0.00001
  53.200     0.00001   0.00001   0.00001
  53.250     0.00001   0.00001   0.00001
  53.300     0.00001   0.00001   0.00001
  53.350     0.00001   0.00001   0.00001
  53.400     0.00001   0.00001   0.00001
  53.450     0.00001   0.00001   0.00001
  53.500     0.00001   0.00001   0.00001
  53.550     0.00001   0.00001   0.00001
  53.600     0.00001   0.00001   0.00001
  53.650     0.00001   0.00001   0.00001
  53.700     0.00001   0.00001   0.00001
  53.750     0.00001   0.00001   0.00001
  53.800     0.00001   0.00001   0.00001
  53.850     0.00001   0.00001   0.00001
  53.900     0.00001   0.00001   0.00001
  53.950     0.00001   0.00001   0.00001
  54.000     0.00001   0.00001   0.00001
  54.050     0.00001   0.00001   0.00001
  54.100     0.00001   0.00001   0.00001
  54.150     0.00001   0.00001   0.00001
  54.200     0.00001   0.00001   0.00001
  54.250     0.00001   0.00001   0.00001
  54.300     0.00001   0.00001   0.00001
  54.350     0.00001   0.00001   0.00001
  54.400     0.00001   0.00001   0.00001
  54.450     0.00001   0.00001   0.00001
  54.500     0.00001   0.00001   0.00001
  54.550     0.00000   0.00001   0.00001
  54.600     0.00000   0.00001   0.00001
  54.650     0.00000   0.00001   0.00001
  54.700     0.00000   0.00001   0.00001
  54.750     0.00000   0.00001   0.00001
  54.800     0.00000   0.00001   0.00001
  54.850     0.00000   0.00001   0.00001
  54.900     0.00000   0.00001   0.00000
  54.950     0.00000   0.00001   0.00000
  55.000     0.00000   0.00001   0.00000
  55.050     0.00000   0.00001   0.00000
  55.100     0.00000   0.00000   0.00000
  55.150     0.00000   0.00000   0.00000
  55.200     0.00000   0.00000   0.00000
  55.250     0.00000   0.00000   0.00000
  55.300     0.00000   0.00000   0.00000
  55.350     0.00000   0.00000   0.00000
  55.400     0.00000   0.00000   0.00000
  55.450     0.00000   0.00000   0.00000
  55.500     0.00000   0.00000   0.00000
  55.550     0.00000   0.00000   0.00000
  55.600     0.00000   0.00000   0.00000
  55.650     0.00000   0.00000   0.00000
  55.700     0.00000   0.00000   0.00000
  55.750     0.00000   0.00000   0.00000
  55.800     0.00000   0.00000   0.00000
  55.850     0.00000   0.00000   0.00000
  55.900     0.00000   0.00000   0.00000
  55.950     0.00000   0.00000   0.00000
  56.000     0.00000   0.00000   0.00000
  56.050     0.00000   0.00000   0.00000
  56.100     0.00000   0.00000   0.00000
  56.150     0.00000   0.00000   0.00000
  56.200     0.00000   0.00000   0.00000
  56.250     0.00000   0.00000   0.00000
  56.300     0.00000   0.00000   0.00000
  56.350     0.00000   0.00000   0.00000
  56.400     0.00000   0.00000   0.00000
  56.450     0.00000   0.00000   0.00000
  56.500     0.00000   0.00000   0.00000
  56.550     0.00000   0.00000   0.00000
  56.600     0.00000   0.00000   0.00000
  56.650     0.00000   0.00000   0.00000
  56.700     0.00000   0.00000   0.00000
  56.750     0.00000   0.00000   0.00000
  56.800     0.00000   0.00000   0.00000
  56.850     0.00000   0.00000   0.00000
  56.900     0.00000   0.00000   0.00000
  56.950     0.00000   0.00000   0.00000
  57.000     0.00000   0.00000   0.00000
  57.050     0.00000   0.00000   0.00000
  57.100     0.00000   0.00000   0.00000
  57.150     0.00000   0.00000   0.00000
  57.200     0.00000   0.00000   0.00000
  57.250     0.00000   0.00000   0.00000
  57.300     0.00000   0.00000   0.00000
  57.350     0.00000   0.00000   0.00000
  57.400     0.00000   0.00000   0.00000
  57.450     0.00000   0.00000   0.00000
  57.500     0.00000   0.00000   0.00000
  57.550     0.00000   0.00000   0.00000
  57.600     0.00000   0.00000   0.00000
  57.650     0.00000   0.00000   0.00000
  57.700     0.00000   0.00000   0.00000
  57.750     0.00000   0.00000   0.00000
  57.800     0.00000   0.00000   0.00000
  57.850     0.00000   0.00000   0.00000
  57.900     0.00000   0.00000   0.00000
  57.950     0.00000   0.00000   0.00000
  58.000     0.00000   0.00000   0.00000
  58.050     0.00000   0.00000   0.00000
  58.100     0.00000   0.00000   0.00000
  58.150     0.00000   0.00000   0.00000
  58.200     0.00000   0.00000   0.00000
  58.250     0.00000   0.00000   0.00000
  58.300     0.00000   0.00000   0.00000
  58.350     0.00000   0.00000   0.00000
  58.400     0.00000   0.00000   0.00000
  58.450     0.00000   0.00000   0.00000
  58.500     0.00000   0.00000   0.00000
  58.550     0.00000   0.00000   0.00000
  58.600     0.00000   0.00000   0.00000
  58.650     0.00000   0.00000   0.00000
  58.700     0.00000   0.00000   0.00000
  58.750     0.00000   0.00000   0.00000
  58.800     0.00000   0.00000   0.00000
  58.850     0.00000   0.00000   0.00000
  58.900     0.00000   0.00000   0.00000
  58.950     0.00000   0.00000   0.00000
  59.000     0.00000   0.00000   0.00000
  59.050     0.00000   0.00000   0.00000
  59.100     0.00000   0.00000   0.00000
  59.150     0.00000   0.00000   0.00000
  59.200     0.00000   0.00000   0.00000
  59.250     0.00000   0.00000   0.00000
  59.300     0.00000   0.00000   0.00000
  59.350     0.00000   0.00000   0.00000
  59.400     0.00000   0.00000   0.00000
  59.450     0.00000   0.00000   0.00000
  59.500     0.00000   0.00000   0.00000
  59.550     0.00000   0.00000   0.00000
  59.600     0.00000   0.00000   0.00000
  59.650     0.00000   0.00000   0.00000
  59.700     0.00000   0.00000   0.00000
  59.750     0.00000   0.00000   0.00000
  59.800     0.00000   0.00000   0.00000
  59.850     0.00000   0.00000   0.00000
  59.900     0.00000   0.00000   0.00000
  59.950     0.00000   0.00000   0.00000
  60.000     0.00000   0.00000   0.00000
  60.050     0.00000   0.00000   0.00000
  60.100     0.00000   0.00000   0.00000
  60.150     0.00000   0.00000   0.00000
  60.200     0.00000   0.00000   0.00000
  60.250     0.00000   0.00000   0.00000
  60.300     0.00000   0.00000   0.00000
  60.350     0.00000   0.00000   0.00000
  60.400     0.00000   0.00000   0.00000
  60.450     0.00000   0.00000   0.00000
  60.500     0.00000   0.00000   0.00000
  60.550     0.00000   0.00000   0.00000
  60.600     0.00000   0.00000   0.00000
  60.650     0.00000   0.00000   0.00000
  60.700     0.00000   0.00000   0.00000
  60.750     0.00000   0.00000   0.00000
  60.800     0.00000   0.00000   0.00000
  60.850     0.00000   0.00000   0.00000
  60.900     0.00000   0.00000   0.00000
  60.950     0.00000   0.00000   0.00000
  61.000     0.00000   0.00000   0.00000
  61.050     0.00000   0.00000   0.00000
  61.100     0.00000   0.00000   0.00000
  61.150     0.00000   0.00000   0.00000
  61.200     0.00000   0.00000   0.00000
  61.250     0.00000   0.00000   0.00000
  61.300     0.00000   0.00000   0.00000
  61.350     0.00000   0.00000   0.00000
  61.400     0.00000   0.00000   0.00000
  61.450     0.00000   0.00000   0.00000
  61.500     0.00000   0.00000   0.00000
  61.550     0.00000   0.00000   0.00000
  61.600     0.00000   0.00000   0.00000
  61.650     0.00000   0.00000   0.00000
  61.700     0.00000   0.00000   0.00000
  61.750     0.00000   0.00000   0.00000
  61.800     0.00000   0.00000   0.00000
  61.850     0.00000   0.00000   0.00000
  61.900     0.00000   0.00000   0.00000
  61.950     0.00000   0.00000   0.00000
  62.000     0.00000   0.00000   0.00000
  62.050     0.00000   0.00000   0.00000
  62.100     0.00000   0.00000   0.00000
  62.150     0.00000   0.00000   0.00000
  62.200     0.00000   0.00000   0.00000
  62.250     0.00000   0.00000   0.00000
  62.300     0.00000   0.00000   0.00000
  62.350     0.00000   0.00000   0.00000
  62.400     0.00000   0.00000   0.00000
  62.450     0.00000   0.00000   0.00000
  62.500     0.00000   0.00000   0.00000
  62.550     0.00000   0.00000   0.00000
  62.600     0.00000   0.00000   0.00000
  62.650     0.00000   0.00000   0.00000
  62.700     0.00000   0.00000   0.00000
  62.750     0.00000   0.00000   0.00000
  62.800     0.00000   0.00000   0.00000
  62.850     0.00000   0.00000   0.00000
  62.900     0.00000   0.00000   0.00000
  62.950     0.00000   0.00000   0.00000
  63.000     0.00000   0.00000   0.00000
  63.050     0.00000   0.00000   0.00000
  63.100     0.00000   0.00000   0.00000
  63.150     0.00000   0.00000   0.00000
  63.200     0.00000   0.00000   0.00000
  63.250     0.00000   0.00000   0.00000
  63.300     0.00000   0.00000   0.00000
  63.350     0.00000   0.00000   0.00000
  63.400     0.00000   0.00000   0.00000
  63.450     0.00000   0.00000   0.00000
  63.500     0.00000   0.00000   0.00000
  63.550     0.00000   0.00000   0.00000
  63.600     0.00000   0.00000   0.00000
  63.650     0.00000   0.00000   0.00000
  63.700     0.00000   0.00000   0.00000
  63.750     0.00000   0.00000   0.00000
  63.800     0.00000   0.00000   0.00000
  63.850     0.00000   0.00000   0.00000
  63.900     0.00000   0.00000   0.00000
  63.950     0.00000   0.00000   0.00000
  64.000     0.00000   0.00000   0.00000
  64.050     0.00000   0.00000   0.00000
  64.100     0.00000   0.00000   0.00000
  64.150     0.00000   0.00000   0.00000
  64.200     0.00000   0.00000   0.00000
  64.250     0.00000   0.00000   0.00000
  64.300     0.00000   0.00000   0.00000
  64.350     0.00000   0.00000   0.00000
  64.400     0.00000   0.00000   0.00000
  64.450     0.00000   0.00000   0.00000
  64.500     0.00000   0.00000   0.00000
  64.550     0.00000   0.00000   0.00000
  64.600     0.00000   0.00000   0.00000
  64.650     0.00000   0.00000   0.00000
  64.700     0.00000   0.00000   0.00000
  64.750     0.00000   0.00000   0.00000
  64.800     0.00000   0.00000   0.00000
  64.850     0.00000   0.00000   0.00000
  64.900     0.00000   0.00000   0.00000
  64.950     0.00000   0.00000   0.00000
  65.000     0.00000   0.00000   0.00000
  65.050     0.00000   0.00000   0.00000
  65.100     0.00000   0.00000   0.00000
  65.150     0.00000   0.00000   0.00000
  65.200     0.00000   0.00000   0.00000
  65.250     0.00000   0.00000   0.00000
  65.300     0.00000   0.00000   0.00000
  65.350     0.00000   0.00000   0.00000
  65.400     0.00000   0.00000   0.00000
  65.450     0.00000   0.00000   0.00000
  65.500     0.00000   0.00000   0.00000
  65.550     0.00000   0.00000   0.00000
  65.600     0.00000   0.00000   0.00000
  65.650     0.00000   0.00000   0.00000
  65.700     0.00000   0.00000   0.00000
  65.750     0.00000   0.00000   0.00000
  65.800     0.00000   0.00000   0.00000
  65.850     0.00000   0.00000   0.00000
  65.900     0.00000   0.00000   0.00000
  65.950     0.00000   0.00000   0.00000
  66.000     0.00000   0.00000   0.00000
  66.050     0.00000   0.00000   0.00000
  66.100     0.00000   0.00000   0.00000
  66.150     0.00000   0.00000   0.00000
  66.200     0.00000   0.00000   0.00000
  66.250     0.00000   0.00000   0.00000
  66.300     0.00000   0.00000   0.00000
  66.350     0.00000   0.00000   0.00000
  66.400     0.00000   0.00000   0.00000
  66.450     0.00000   0.00000   0.00000
  66.500     0.00000   0.00000   0.00000
  66.550     0.00000   0.00000   0.00000
  66.600     0.00000   0.00000   0.00000
  66.650     0.00000   0.00000   0.00000
  66.700     0.00000   0.00000   0.00000
  66.750     0.00000   0.00000   0.00000
  66.800     0.00000   0.00000   0.00000
  66.850     0.00000   0.00000   0.00000
  66.900     0.00000   0.00000   0.00000
  66.950     0.00000   0.00000   0.00000
  67.000     0.00000   0.00000   0.00000
  67.050     0.00000   0.00000   0.00000
  67.100     0.00000   0.00000   0.00000
  67.150     0.00000   0.00000   0.00000
  67.200     0.00000   0.00000   0.00000
  67.250     0.00000   0.00000   0.00000
  67.300     0.00000   0.00000   0.00000
  67.350     0.00000   0.00000   0.00000
  67.400     0.00000   0.00000   0.00000
  67.450     0.00000   0.00000   0.00000
  67.500     0.00000   0.00000   0.00000
  67.550     0.00000   0.00000   0.00000
  67.600     0.00000   0.00000   0.00000
  67.650     0.00000   0.00000   0.00000
  67.700     0.00000   0.00000   0.00000
  67.750     0.00000   0.00000   0.00000
  67.800     0.00000   0.00000   0.00000
  67.850     0.00000   0.00000   0.00000
  67.900     0.00000   0.00000   0.00000
  67.950     0.00000   0.00000   0.00000
  68.000     0.00000   0.00000   0.00000
  68.050     0.00000   0.00000   0.00000
  68.100     0.00000   0.00000   0.00000
  68.150     0.00000   0.00000   0.00000
  68.200     0.00000   0.00000   0.00000
  68.250     0.00000   0.00000   0.00000
  68.300     0.00000   0.00000   0.00000
  68.350     0.00000   0.00000   0.00000
  68.400     0.00000   0.00000   0.00000
  68.450     0.00000   0.00000   0.00000
  68.500     0.00000   0.00000   0.00000
  68.550     0.00000   0.00000   0.00000
  68.600     0.00000   0.00000   0.00000
  68.650     0.00000   0.00000   0.00000
  68.700     0.00000   0.00000   0.00000
  68.750     0.00000   0.00000   0.00000
  68.800     0.00000   0.00000   0.00000
  68.850     0.00000   0.00000   0.00000
  68.900     0.00000   0.00000   0.00000
  68.950     0.00000   0.00000   0.00000
  69.000     0.00000   0.00000   0.00000
  69.050     0.00000   0.00000   0.00000
  69.100     0.00000   0.00000   0.00000
  69.150     0.00000   0.00000   0.00000
  69.200     0.00000   0.00000   0.00000
  69.250     0.00000   0.00000   0.00000
  69.300     0.00000   0.00000   0.00000
  69.350     0.00000   0.00000   0.00000
  69.400     0.00000   0.00000   0.00000
  69.450     0.00000   0.00000   0.00000
  69.500     0.00000   0.00000   0.00000
  69.550     0.00000   0.00000   0.00000
  69.600     0.00000   0.00000   0.00000
  69.650     0.00000   0.00000   0.00000
  69.700     0.00000   0.00000   0.00000
  69.750     0.00000   0.00000   0.00000
  69.800     0.00000   0.00000   0.00000
  69.850     0.00000   0.00000   0.00000
  69.900     0.00000   0.00000   0.00000
  69.950     0.00000   0.00000   0.00000
  70.000     0.00000   0.00000   0.00000
  70.050     0.00000   0.00000   0.00000
  70.100     0.00000   0.00000   0.00000
  70.150     0.00000   0.00000   0.00000
  70.200     0.00000   0.00000   0.00000
  70.250     0.00000   0.00000   0.00000
  70.300     0.00000   0.00000   0.00000
  70.350     0.00000   0.00000   0.00000
  70.400     0.00000   0.00000   0.00000
  70.450     0.00000   0.00000   0.00000
  70.500     0.00000   0.00000   0.00000
  70.550     0.00000   0.00000   0.00000
  70.600     0.00000   0.00000   0.00000
  70.650     0.00000   0.00000   0.00000
  70.700     0.00000   0.00000   0.00000
  70.750     0.00000   0.00000   0.00000
  70.800     0.00000   0.00000   0.00000
  70.850     0.00000   0.00000   0.00000
  70.900     0.00000   0.00000   0.00000
  70.950     0.00000   0.00000   0.00000
  71.000     0.00000   0.00000   0.00000
  71.050     0.00000   0.00000   0.00000
  71.100     0.00000   0.00000   0.00000
  71.150     0.00000   0.00000   0.00000
  71.200     0.00000   0.00000   0.00000
  71.250     0.00000   0.00000   0.00000
  71.300     0.00000   0.00000   0.00000
  71.350     0.00000   0.00000   0.00000
  71.400     0.00000   0.00000   0.00000
  71.450     0.00000   0.00000   0.00000
  71.500     0.00000   0.00000   0.00000
  71.550     0.00000   0.00000   0.00000
  71.600     0.00000   0.00000   0.00000
  71.650     0.00000   0.00000   0.00000
  71.700     0.00000   0.00000   0.00000
  71.750     0.00000   0.00000   0.00000
  71.800     0.00000   0.00000   0.00000
  71.850     0.00000   0.00000   0.00000
  71.900     0.00000   0.00000   0.00000
  71.950     0.00000   0.00000   0.00000
  72.000     0.00000   0.00000   0.00000
  72.050     0.00000   0.00000   0.00000
  72.100     0.00000   0.00000   0.00000
  72.150     0.00000   0.00000   0.00000
  72.200     0.00000   0.00000   0.00000
  72.250     0.00000   0.00000   0.00000
  72.300     0.00000   0.00000   0.00000
  72.350     0.00000   0.00000   0.00000
  72.400     0.00000   0.00000   0.00000
  72.450     0.00000   0.00000   0.00000
  72.500     0.00000   0.00000   0.00000
  72.550     0.00000   0.00000   0.00000
  72.600     0.00000   0.00000   0.00000
  72.650     0.00000   0.00000   0.00000
  72.700     0.00000   0.00000   0.00000
  72.750     0.00000   0.00000   0.00000
  72.800     0.00000   0.00000   0.00000
  72.850     0.00000   0.00000   0.00000
  72.900     0.00000   0.00000   0.00000
  72.950     0.00000   0.00000   0.00000
  73.000     0.00000   0.00000   0.00000
  73.050     0.00000   0.00000   0.00000
  73.100     0.00000   0.00000   0.00000
  73.150     0.00000   0.00000   0.00000
  73.200     0.00000   0.00000   0.00000
  73.250     0.00000   0.00000   0.00000
  73.300     0.00000   0.00000   0.00000
  73.350     0.00000   0.00000   0.00000
  73.400     0.00000   0.00000   0.00000
  73.450     0.00000   0.00000   0.00000
  73.500     0.00000   0.00000   0.00000
  73.550     0.00000   0.00000   0.00000
  73.600     0.00000   0.00000   0.00000
  73.650     0.00000   0.00000   0.00000
  73.700     0.00000   0.00000   0.00000
  73.750     0.00000   0.00000   0.00000
  73.800     0.00000   0.00000   0.00000
  73.850     0.00000   0.00000   0.00000
  73.900     0.00000   0.00000   0.00000
  73.950     0.00000   0.00000   0.00000
  74.000     0.00000   0.00000   0.00000
  74.050     0.00000   0.00000   0.00000
  74.100     0.00000   0.00000   0.00000
  74.150     0.00000   0.00000   0.00000
  74.200     0.00000   0.00000   0.00000
  74.250     0.00000   0.00000   0.00000
  74.300     0.00000   0.00000   0.00000
  74.350     0.00000   0.00000   0.00000
  74.400     0.00000   0.00000   0.00000
  74.450     0.00000   0.00000   0.00000
  74.500     0.00000   0.00000   0.00000
  74.550     0.00000   0.00000   0.00000
  74.600     0.00000   0.00000   0.00000
  74.650     0.00000   0.00000   0.00000
  74.700     0.00000   0.00000   0.00000
  74.750     0.00000   0.00000   0.00000
  74.800     0.00000   0.00000   0.00000
  74.850     0.00000   0.00000   0.00000
  74.900     0.00000   0.00000   0.00000
  74.950     0.00000   0.00000   0.00000
  75.000     0.00000   0.00000   0.00000
  75.050     0.00000   0.00000   0.00000
  75.100     0.00000   0.00000   0.00000
  75.150     0.00000   0.00000   0.00000
  75.200     0.00000   0.00000   0.00000
  75.250     0.00000   0.00000   0.00000
  75.300     0.00000   0.00000   0.00000
  75.350     0.00000   0.00000   0.00000
  75.400     0.00000   0.00000   0.00000
  75.450     0.00000   0.00000   0.00000
  75.500     0.00000   0.00000   0.00000
  75.550     0.00000   0.00000   0.00000
  75.600     0.00000   0.00000   0.00000
  75.650     0.00000   0.00000   0.00000
  75.700     0.00000   0.00000   0.00000
  75.750     0.00000   0.00000   0.00000
  75.800     0.00000   0.00000   0.00000
  75.850     0.00000   0.00000   0.00000
  75.900     0.00000   0.00000   0.00000
  75.950     0.00000   0.00000   0.00000
  76.000     0.00000   0.00000   0.00000
  76.050     0.00000   0.00000   0.00000
  76.100     0.00000   0.00000   0.00000
  76.150     0.00000   0.00000   0.00000
  76.200     0.00000   0.00000   0.00000
  76.250     0.00000   0.00000   0.00000
  76.300     0.00000   0.00000   0.00000
  76.350     0.00000   0.00000   0.00000
  76.400     0.00000   0.00000   0.00000
  76.450     0.00000   0.00000   0.00000
  76.500     0.00000   0.00000   0.00000
  76.550     0.00000   0.00000   0.00000
  76.600     0.00000   0.00000   0.00000
  76.650     0.00000   0.00000   0.00000
  76.700     0.00000   0.00000   0.00000
  76.750     0.00000   0.00000   0.00000
  76.800     0.00000   0.00000   0.00000
  76.850     0.00000   0.00000   0.00000
  76.900     0.00000   0.00000   0.00000
  76.950     0.00000   0.00000   0.00000
  77.000     0.00000   0.00000   0.00000
  77.050     0.00000   0.00000   0.00000
  77.100     0.00000   0.00000   0.00000
  77.150     0.00000   0.00000   0.00000
  77.200     0.00000   0.00000   0.00000
  77.250     0.00000   0.00000   0.00000
  77.300     0.00000   0.00000   0.00000
  77.350     0.00000   0.00000   0.00000
  77.400     0.00000   0.00000   0.00000
  77.450     0.00000   0.00000   0.00000
  77.500     0.00000   0.00000   0.00000
  77.550     0.00000   0.00000   0.00000
  77.600     0.00000   0.00000   0.00000
  77.650     0.00000   0.00000   0.00000
  77.700     0.00000   0.00000   0.00000
  77.750     0.00000   0.00000   0.00000
  77.800     0.00000   0.00000   0.00000
  77.850     0.00000   0.00000   0.00000
  77.900     0.00000   0.00000   0.00000
  77.950     0.00000   0.00000   0.00000
  78.000     0.00000   0.00000   0.00000
  78.050     0.00000   0.00000   0.00000
  78.100     0.00000   0.00000   0.00000
  78.150     0.00000   0.00000   0.00000
  78.200     0.00000   0.00000   0.00000
  78.250     0.00000   0.00000   0.00000
  78.300     0.00000   0.00000   0.00000
  78.350     0.00000   0.00000   0.00000
  78.400     0.00000   0.00000   0.00000
  78.450     0.00000   0.00000   0.00000
  78.500     0.00000   0.00000   0.00000
  78.550     0.00000   0.00000   0.00000
  78.600     0.00000   0.00000   0.00000
  78.650     0.00000   0.00000   0.00000
  78.700     0.00000   0.00000   0.00000
  78.750     0.00000   0.00000   0.00000
  78.800     0.00000   0.00000   0.00000
  78.850     0.00000   0.00000   0.00000
  78.900     0.00000   0.00000   0.00000
  78.950     0.00000   0.00000   0.00000
  79.000     0.00000   0.00000   0.00000
  79.050     0.00000   0.00000   0.00000
  79.100     0.00000   0.00000   0.00000
  79.150     0.00000   0.00000   0.00000
  79.200     0.00000   0.00000   0.00000
  79.250     0.00000   0.00000   0.00000
  79.300     0.00000   0.00000   0.00000
  79.350     0.00000   0.00000   0.00000
  79.400     0.00000   0.00000   0.00000
  79.450     0.00000   0.00000   0.00000
  79.500     0.00000   0.00000   0.00000
  79.550     0.00000   0.00000   0.00000
  79.600     0.00000   0.00000   0.00000
  79.650     0.00000   0.00000   0.00000
  79.700     0.00000   0.00000   0.00000
  79.750     0.00000   0.00000   0.00000
  79.800     0.00000   0.00000   0.00000
  79.850     0.00000   0.00000   0.00000
  79.900     0.00000   0.00000   0.00000
  79.950     0.00000   0.00000   0.00000
  80.000     0.00000   0.00000   0.00000
  80.050     0.00000   0.00000   0.00000
  80.100     0.00000   0.00000   0.00000
  80.150     0.00000   0.00000   0.00000
  80.200     0.00000   0.00000   0.00000
  80.250     0.00000   0.00000   0.00000
  80.300     0.00000   0.00000   0.00000
  80.350     0.00000   0.00000   0.00000
  80.400     0.00000   0.00000   0.00000
  80.450     0.00000   0.00000   0.00000
  80.500     0.00000   0.00000   0.00000
  80.550     0.00000   0.00000   0.00000
  80.600     0.00000   0.00000   0.00000
  80.650     0.00000   0.00000   0.00000
  80.700     0.00000   0.00000   0.00000
  80.750     0.00000   0.00000   0.00000
  80.800     0.00000   0.00000   0.00000
  80.850     0.00000   0.00000   0.00000
  80.900     0.00000   0.00000   0.00000
  80.950     0.00000   0.00000   0.00000
  81.000     0.00000   0.00000   0.00000
  81.050     0.00000   0.00000   0.00000
  81.100     0.00000   0.00000   0.00000
  81.150     0.00000   0.00000   0.00000
  81.200     0.00000   0.00000   0.00000
  81.250     0.00000   0.00000   0.00000
  81.300     0.00000   0.00000   0.00000
  81.350     0.00000   0.00000   0.00000
  81.400     0.00000   0.00000   0.00000
  81.450     0.00000   0.00000   0.00000
  81.500     0.00000   0.00000   0.00000
  81.550     0.00000   0.00000   0.00000
  81.600     0.00000   0.00000   0.00000
  81.650     0.00000   0.00000   0.00000
  81.700     0.00000   0.00000   0.00000
  81.750     0.00000   0.00000   0.00000
  81.800     0.00000   0.00000   0.00000
  81.850     0.00000   0.00000   0.00000
  81.900     0.00000   0.00000   0.00000
  81.950     0.00000   0.00000   0.00000
  82.000     0.00000   0.00000   0.00000
  82.050     0.00000   0.00000   0.00000
  82.100     0.00000   0.00000   0.00000
  82.150     0.00000   0.00000   0.00000
  82.200     0.00000   0.00000   0.00000
  82.250     0.00000   0.00000   0.00000
  82.300     0.00000   0.00000   0.00000
  82.350     0.00000   0.00000   0.00000
  82.400     0.00000   0.00000   0.00000
  82.450     0.00000   0.00000   0.00000
  82.500     0.00000   0.00000   0.00000
  82.550     0.00000   0.00000   0.00000
  82.600     0.00000   0.00000   0.00000
  82.650     0.00000   0.00000   0.00000
  82.700     0.00000   0.00000   0.00000
  82.750     0.00000   0.00000   0.00000
  82.800     0.00000   0.00000   0.00000
  82.850     0.00000   0.00000   0.00000
  82.900     0.00000   0.00000   0.00000
  82.950     0.00000   0.00000   0.00000
  83.000     0.00000   0.00000   0.00000
  83.050     0.00000   0.00000   0.00000
  83.100     0.00000   0.00000   0.00000
  83.150     0.00000   0.00000   0.00000
  83.200     0.00000   0.00000   0.00000
  83.250     0.00000   0.00000   0.00000
  83.300     0.00000   0.00000   0.00000
  83.350     0.00000   0.00000   0.00000
  83.400     0.00000   0.00000   0.00000
  83.450     0.00000   0.00000   0.00000
  83.500     0.00000   0.00000   0.00000
  83.550     0.00000   0.00000   0.00000
  83.600     0.00000   0.00000   0.00000
  83.650     0.00000   0.00000   0.00000
  83.700     0.00000   0.00000   0.00000
  83.750     0.00000   0.00000   0.00000
  83.800     0.00000   0.00000   0.00000
  83.850     0.00000   0.00000   0.00000
  83.900     0.00000   0.00000   0.00000
  83.950     0.00000   0.00000   0.00000
  84.000     0.00000   0.00000   0.00000
  84.050     0.00000   0.00000   0.00000
  84.100     0.00000   0.00000   0.00000
  84.150     0.00000   0.00000   0.00000
  84.200     0.00000   0.00000   0.00000
  84.250     0.00000   0.00000   0.00000
  84.300     0.00000   0.00000   0.00000
  84.350     0.00000   0.00000   0.00000
  84.400     0.00000   0.00000   0.00000
  84.450     0.00000   0.00000   0.00000
  84.500     0.00000   0.00000   0.00000
  84.550     0.00000   0.00000   0.00000
  84.600     0.00000   0.00000   0.00000
  84.650     0.00000   0.00000   0.00000
  84.700     0.00000   0.00000   0.00000
  84.750     0.00000   0.00000   0.00000
  84.800     0.00000   0.00000   0.00000
  84.850     0.00000   0.00000   0.00000
  84.900     0.00000   0.00000   0.00000
  84.950     0.00000   0.00000   0.00000
  85.000     0.00000   0.00000   0.00000
  85.050     0.00000   0.00000   0.00000
  85.100     0.00000   0.00000   0.00000
  85.150     0.00000   0.00000   0.00000
  85.200     0.00000   0.00000   0.00000
  85.250     0.00000   0.00000   0.00000
  85.300     0.00000   0.00000   0.00000
  85.350     0.00000   0.00000   0.00000
  85.400     0.00000   0.00000   0.00000
  85.450     0.00000   0.00000   0.00000
  85.500     0.00000   0.00000   0.00000
  85.550     0.00000   0.00000   0.00000
  85.600     0.00000   0.00000   0.00000
  85.650     0.00000   0.00000   0.00000
  85.700     0.00000   0.00000   0.00000
  85.750     0.00000   0.00000   0.00000
  85.800     0.00000   0.00000   0.00000
  85.850     0.00000   0.00000   0.00000
  85.900     0.00000   0.00000   0.00000
  85.950     0.00000   0.00000   0.00000
  86.000     0.00000   0.00000   0.00000
  86.050     0.00000   0.00000   0.00000
  86.100     0.00000   0.00000   0.00000
  86.150     0.00000   0.00000   0.00000
  86.200     0.00000   0.00000   0.00000
  86.250     0.00000   0.00000   0.00000
  86.300     0.00000   0.00000   0.00000
  86.350     0.00000   0.00000   0.00000
  86.400     0.00000   0.00000   0.00000
  86.450     0.00000   0.00000   0.00000
  86.500     0.00000   0.00000   0.00000
  86.550     0.00000   0.00000   0.00000
  86.600     0.00000   0.00000   0.00000
  86.650     0.00000   0.00000   0.00000
  86.700     0.00000   0.00000   0.00000
  86.750     0.00000   0.00000   0.00000
  86.800     0.00000   0.00000   0.00000
  86.850     0.00000   0.00000   0.00000
  86.900     0.00000   0.00000   0.00000
  86.950     0.00000   0.00000   0.00000
  87.000     0.00000   0.00000   0.00000
  87.050     0.00000   0.00000   0.00000
  87.100     0.00000   0.00000   0.00000
  87.150     0.00000   0.00000   0.00000
  87.200     0.00000   0.00000   0.00000
  87.250     0.00000   0.00000   0.00000
  87.300     0.00000   0.00000   0.00000
  87.350     0.00000   0.00000   0.00000
  87.400     0.00000   0.00000   0.00000
  87.450     0.00000   0.00000   0.00000
  87.500     0.00000   0.00000   0.00000
  87.550     0.00000   0.00000   0.00000
  87.600     0.00000   0.00000   0.00000
  87.650     0.00000   0.00000   0.00000
  87.700     0.00000   0.00000   0.00000
  87.750     0.00000   0.00000   0.00000
  87.800     0.00000   0.00000   0.00000
  87.850     0.00000   0.00000   0.00000
  87.900     0.00000   0.00000   0.00000
  87.950     0.00000   0.00000   0.00000
  88.000     0.00000   0.00000   0.00000
  88.050     0.00000   0.00000   0.00000
  88.100     0.00000   0.00000   0.00000
  88.150     0.00000   0.00000   0.00000
  88.200     0.00000   0.00000   0.00000
  88.250     0.00000   0.00000   0.00000
  88.300     0.00000   0.00000   0.00000
  88.350     0.00000   0.00000   0.00000
  88.400     0.00000   0.00000   0.00000
  88.450     0.00000   0.00000   0.00000
  88.500     0.00000   0.00000   0.00000
  88.550     0.00000   0.00000   0.00000
  88.600     0.00000   0.00000   0.00000
  88.650     0.00000   0.00000   0.00000
  88.700     0.00000   0.00000   0.00000
  88.750     0.00000   0.00000   0.00000
  88.800     0.00000   0.00000   0.00000
  88.850     0.00000   0.00000   0.00000
  88.900     0.00000   0.00000   0.00000
  88.950     0.00000   0.00000   0.00000
  89.000     0.00000   0.00000   0.00000
  89.050     0.00000   0.00000   0.00000
  89.100     0.00000   0.00000   0.00000
  89.150     0.00000   0.00000   0.00000
  89.200     0.00000   0.00000   0.00000
  89.250     0.00000   0.00000   0.00000
  89.300     0.00000   0.00000   0.00000
  89.350     0.00000   0.00000   0.00000
  89.400     0.00000   0.00000   0.00000
  89.450     0.00000   0.00000   0.00000
  89.500     0.00000   0.00000   0.00000
  89.550     0.00000   0.00000   0.00000
  89.600     0.00000   0.00000   0.00000
  89.650     0.00000   0.00000   0.00000
  89.700     0.00000   0.00000   0.00000
  89.750     0.00000   0.00000   0.00000
  89.800     0.00000   0.00000   0.00000
  89.850     0.00000   0.00000   0.00000
  89.900     0.00000   0.00000   0.00000
  89.950     0.00000   0.00000   0.00000
  90.000     0.00000   0.00000   0.00000
  90.050     0.00000   0.00000   0.00000
  90.100     0.00000   0.00000   0.00000
  90.150     0.00000   0.00000   0.00000
  90.200     0.00000   0.00000   0.00000
  90.250     0.00000   0.00000   0.00000
  90.300     0.00000   0.00000   0.00000
  90.350     0.00000   0.00000   0.00000
  90.400     0.00000   0.00000   0.00000
  90.450     0.00000   0.00000   0.00000
  90.500     0.00000   0.00000   0.00000
  90.550     0.00000   0.00000   0.00000
  90.600     0.00000   0.00000   0.00000
  90.650     0.00000   0.00000   0.00000
  90.700     0.00000   0.00000   0.00000
  90.750     0.00000   0.00000   0.00000
  90.800     0.00000   0.00000   0.00000
  90.850     0.00000   0.00000   0.00000
  90.900     0.00000   0.00000   0.00000
  90.950     0.00000   0.00000   0.00000
  91.000     0.00000   0.00000   0.00000
  91.050     0.00000   0.00000   0.00000
  91.100     0.00000   0.00000   0.00000
  91.150     0.00000   0.00000   0.00000
  91.200     0.00000   0.00000   0.00000
  91.250     0.00000   0.00000   0.00000
  91.300     0.00000   0.00000   0.00000
  91.350     0.00000   0.00000   0.00000
  91.400     0.00000   0.00000   0.00000
  91.450     0.00000   0.00000   0.00000
  91.500     0.00000   0.00000   0.00000
  91.550     0.00000   0.00000   0.00000
  91.600     0.00000   0.00000   0.00000
  91.650     0.00000   0.00000   0.00000
  91.700     0.00000   0.00000   0.00000
  91.750     0.00000   0.00000   0.00000
  91.800     0.00000   0.00000   0.00000
  91.850     0.00000   0.00000   0.00000
  91.900     0.00000   0.00000   0.00000
  91.950     0.00000   0.00000   0.00000
  92.000     0.00000   0.00000   0.00000
  92.050     0.00000   0.00000   0.00000
  92.100     0.00000   0.00000   0.00000
  92.150     0.00000   0.00000   0.00000
  92.200     0.00000   0.00000   0.00000
  92.250     0.00000   0.00000   0.00000
  92.300     0.00000   0.00000   0.00000
  92.350     0.00000   0.00000   0.00000
  92.400     0.00000   0.00000   0.00000
  92.450     0.00000   0.00000   0.00000
  92.500     0.00000   0.00000   0.00000
  92.550     0.00000   0.00000   0.00000
  92.600     0.00000   0.00000   0.00000
  92.650     0.00000   0.00000   0.00000
  92.700     0.00000   0.00000   0.00000
  92.750     0.00000   0.00000   0.00000
  92.800     0.00000   0.00000   0.00000
  92.850     0.00000   0.00000   0.00000
  92.900     0.00000   0.00000   0.00000
  92.950     0.00000   0.00000   0.00000
  93.000     0.00000   0.00000   0.00000
  93.050     0.00000   0.00000   0.00000
  93.100     0.00000   0.00000   0.00000
  93.150     0.00000   0.00000   0.00000
  93.200     0.00000   0.00000   0.00000
  93.250     0.00000   0.00000   0.00000
  93.300     0.00000   0.00000   0.00000
  93.350     0.00000   0.00000   0.00000
  93.400     0.00000   0.00000   0.00000
  93.450     0.00000   0.00000   0.00000
  93.500     0.00000   0.00000   0.00000
  93.550     0.00000   0.00000   0.00000
  93.600     0.00000   0.00000   0.00000
  93.650     0.00000   0.00000   0.00000
  93.700     0.00000   0.00000   0.00000
  93.750     0.00000   0.00000   0.00000
  93.800     0.00000   0.00000   0.00000
  93.850     0.00000   0.00000   0.00000
  93.900     0.00000   0.00000   0.00000
  93.950     0.00000   0.00000   0.00000
  94.000     0.00000   0.00000   0.00000
  94.050     0.00000   0.00000   0.00000
  94.100     0.00000   0.00000   0.00000
  94.150     0.00000   0.00000   0.00000
  94.200     0.00000   0.00000   0.00000
  94.250     0.00000   0.00000   0.00000
  94.300     0.00000   0.00000   0.00000
  94.350     0.00000   0.00000   0.00000
  94.400     0.00000   0.00000   0.00000
  94.450     0.00000   0.00000   0.00000
  94.500     0.00000   0.00000   0.00000
  94.550     0.00000   0.00000   0.00000
  94.600     0.00000   0.00000   0.00000
  94.650     0.00000   0.00000   0.00000
  94.700     0.00000   0.00000   0.00000
  94.750     0.00000   0.00000   0.00000
  94.800     0.00000   0.00000   0.00000
  94.850     0.00000   0.00000   0.00000
  94.900     0.00000   0.00000   0.00000
  94.950     0.00000   0.00000   0.00000
  95.000     0.00000   0.00000   0.00000
  95.050     0.00000   0.00000   0.00000
  95.100     0.00000   0.00000   0.00000
  95.150     0.00000   0.00000   0.00000
  95.200     0.00000   0.00000   0.00000
  95.250     0.00000   0.00000   0.00000
  95.300     0.00000   0.00000   0.00000
  95.350     0.00000   0.00000   0.00000
  95.400     0.00000   0.00000   0.00000
  95.450     0.00000   0.00000   0.00000
  95.500     0.00000   0.00000   0.00000
  95.550     0.00000   0.00000   0.00000
  95.600     0.00000   0.00000   0.00000
  95.650     0.00000   0.00000   0.00000
  95.700     0.00000   0.00000   0.00000
  95.750     0.00000   0.00000   0.00000
  95.800     0.00000   0.00000   0.00000
  95.850     0.00000   0.00000   0.00000
  95.900     0.00000   0.00000   0.00000
  95.950     0.00000   0.00000   0.00000
  96.000     0.00000   0.00000   0.00000
  96.050     0.00000   0.00000   0.00000
  96.100     0.00000   0.00000   0.00000
  96.150     0.00000   0.00000   0.00000
  96.200     0.00000   0.00000   0.00000
  96.250     0.00000   0.00000   0.00000
  96.300     0.00000   0.00000   0.00000
  96.350     0.00000   0.00000   0.00000
  96.400     0.00000   0.00000   0.00000
  96.450     0.00000   0.00000   0.00000
  96.500     0.00000   0.00000   0.00000
  96.550     0.00000   0.00000   0.00000
  96.600     0.00000   0.00000   0.00000
  96.650     0.00000   0.00000   0.00000
  96.700     0.00000   0.00000   0.00000
  96.750     0.00000   0.00000   0.00000
  96.800     0.00000   0.00000   0.00000
  96.850     0.00000   0.00000   0.00000
  96.900     0.00000   0.00000   0.00000
  96.950     0.00000   0.00000   0.00000
  97.000     0.00000   0.00000   0.00000
  97.050     0.00000   0.00000   0.00000
  97.100     0.00000   0.00000   0.00000
  97.150     0.00000   0.00000   0.00000
  97.200     0.00000   0.00000   0.00000
  97.250     0.00000   0.00000   0.00000
  97.300     0.00000   0.00000   0.00000
  97.350     0.00000   0.00000   0.00000
  97.400     0.00000   0.00000   0.00000
  97.450     0.00000   0.00000   0.00000
  97.500     0.00000   0.00000   0.00000
  97.550     0.00000   0.00000   0.00000
  97.600     0.00000   0.00000   0.00000
  97.650     0.00000   0.00000   0.00000
  97.700     0.00000   0.00000   0.00000
  97.750     0.00000   0.00000   0.00000
  97.800     0.00000   0.00000   0.00000
  97.850     0.00000   0.00000   0.00000
  97.900     0.00000   0.00000   0.00000
  97.950     0.00000   0.00000   0.00000
  98.000     0.00000   0.00000   0.00000
  98.050     0.00000   0.00000   0.00000
  98.100     0.00000   0.00000   0.00000
  98.150     0.00000   0.00000   0.00000
  98.200     0.00000   0.00000   0.00000
  98.250     0.00000   0.00000   0.00000
  98.300     0.00000   0.00000   0.00000
  98.350     0.00000   0.00000   0.00000
  98.400     0.00000   0.00000   0.00000
  98.450     0.00000   0.00000   0.00000
  98.500     0.00000   0.00000   0.00000
  98.550     0.00000   0.00000   0.00000
  98.600     0.00000   0.00000   0.00000
  98.650     0.00000   0.00000   0.00000
  98.700     0.00000   0.00000   0.00000
  98.750     0.00000   0.00000   0.00000
  98.800     0.00000   0.00000   0.00000
  98.850     0.00000   0.00000   0.00000
  98.900     0.00000   0.00000   0.00000
  98.950     0.00000   0.00000   0.00000
  99.000     0.00000   0.00000   0.00000
  99.050     0.00000   0.00000   0.00000
  99.100     0.00000   0.00000   0.00000
  99.150     0.00000   0.00000   0.00000
  99.200     0.00000   0.00000   0.00000
  99.250     0.00000   0.00000   0.00000
  99.300     0.00000   0.00000   0.00000
  99.350     0.00000   0.00000   0.00000
  99.400     0.00000   0.00000   0.00000
  99.450     0.00000   0.00000   0.00000
  99.500     0.00000   0.00000   0.00000
  99.550     0.00000   0.00000   0.00000
  99.600     0.00000   0.00000   0.00000
  99.650     0.00000   0.00000   0.00000
  99.700     0.00000   0.00000   0.00000
  99.750     0.00000   0.00000   0.00000
  99.800     0.00000   0.00000   0.00000
  99.850     0.00000   0.00000   0.00000
  99.900     0.00000   0.00000   0.00000
  99.950     0.00000   0.00000   0.00000
 100.000     0.00000   0.00000   0.00000
