#Phase-shifts for J/pi=2.5+   Inc. chan.=  1 ql=  2  0  2  2
 0.200       0.02973     0.00000     0.00000     0.00000     0.00000     0.00000     0.00000     0.00000
 0.225       0.04048     0.00000     0.00000     0.00000     0.00000     0.00000     0.00000     0.00000
 0.252       0.05426     0.00000     0.00000     0.00000     0.00000     0.00000     0.00000     0.00000
 0.280       0.07173    -0.00000     0.00000     0.00000     0.00000     0.00000     0.00000     0.00000
 0.310       0.09367    -0.00000     0.00000     0.00000     0.00000     0.00000     0.00000     0.00000
 0.341       0.12100     0.00000     0.00000     0.00000     0.00000     0.00000     0.00000     0.00000
 0.374       0.15479    -0.00000     0.00000     0.00000     0.00000     0.00000     0.00000     0.00000
 0.409       0.19634     0.00000     0.00000     0.00000     0.00000     0.00000     0.00000     0.00000
 0.444       0.24716    -0.00000     0.00000     0.00000     0.00000     0.00000     0.00000     0.00000
 0.482       0.30906    -0.00000     0.00000     0.00000     0.00000     0.00000     0.00000     0.00000
 0.521       0.38421     0.00000     0.00000     0.00000     0.00000     0.00000     0.00000     0.00000
 0.561       0.47524    -0.00000     0.00000     0.00000     0.00000     0.00000     0.00000     0.00000
 0.603       0.58531     0.00000     0.00000     0.00000     0.00000     0.00000     0.00000     0.00000
 0.646       0.71832     0.00000     0.00000     0.00000     0.00000     0.00000     0.00000     0.00000
 0.691       0.87911     0.00000     0.00000     0.00000     0.00000     0.00000     0.00000     0.00000
 0.737       1.07373    -0.00000     0.00000     0.00000     0.00000     0.00000     0.00000     0.00000
 0.785       1.30984    -0.00000     0.00000     0.00000     0.00000     0.00000     0.00000     0.00000
 0.834       1.59738    -0.00000     0.00000     0.00000     0.00000     0.00000     0.00000     0.00000
 0.885       1.94934    -0.00000     0.00000     0.00000     0.00000     0.00000     0.00000     0.00000
 0.938       2.38315    -0.00000     0.00000     0.00000     0.00000     0.00000     0.00000     0.00000
 0.991       2.92269     0.00000     0.00000     0.00000     0.00000     0.00000     0.00000     0.00000
 1.047       3.60166     0.00000     0.00000     0.00000     0.00000     0.00000     0.00000     0.00000
 1.104       4.46908     0.00000     0.00000     0.00000     0.00000     0.00000     0.00000     0.00000
 1.162       5.59916     0.00000     0.00000     0.00000     0.00000     0.00000     0.00000     0.00000
 1.222       7.10964     0.00000     0.00000     0.00000     0.00000     0.00000     0.00000     0.00000
 1.283       9.19841     0.00000     0.00000     0.00000     0.00000     0.00000     0.00000     0.00000
 1.346      12.22322     0.00000     0.00000     0.00000     0.00000     0.00000     0.00000     0.00000
 1.411      16.89236     0.00000     0.00000     0.00000     0.00000     0.00000     0.00000     0.00000
 1.476      24.77097    -0.00000     0.00000     0.00000     0.00000     0.00000     0.00000     0.00000
 1.544      39.65327     0.00000     0.00000     0.00000     0.00000     0.00000     0.00000     0.00000
 1.613      68.95730    -0.00000     0.00000     0.00000     0.00000     0.00000     0.00000     0.00000
 1.683     -72.23480    -0.00000     0.00000     0.00000     0.00000     0.00000     0.00000     0.00000
 1.755     -47.15810     0.00000     0.00000     0.00000     0.00000     0.00000     0.00000     0.00000
 1.829     -34.55859     0.00000     0.00000     0.00000     0.00000     0.00000     0.00000     0.00000
 1.903     -27.67151    -0.00000     0.00000     0.00000     0.00000     0.00000     0.00000     0.00000
 1.980     -23.45945    -0.00000     0.00000     0.00000     0.00000     0.00000     0.00000     0.00000
 2.058     -20.64967     0.00000     0.00000     0.00000     0.00000     0.00000     0.00000     0.00000
 2.137     -18.64857     0.00000     0.00000     0.00000     0.00000     0.00000     0.00000     0.00000
 2.218     -17.14760     0.00000     0.00000     0.00000     0.00000     0.00000     0.00000     0.00000
 2.301     -15.97119     0.00000     0.00000     0.00000     0.00000     0.00000     0.00000     0.00000
 2.385     -15.01140     0.00000     0.00000     0.00000     0.00000     0.00000     0.00000     0.00000
 2.470     -14.19707    -0.00000     0.00000     0.00000     0.00000     0.00000     0.00000     0.00000
 2.557     -13.47783     0.00000     0.00000     0.00000     0.00000     0.00000     0.00000     0.00000
 2.645     -12.81504     0.00000     0.00000     0.00000     0.00000     0.00000     0.00000     0.00000
 2.735     -12.17601     0.00000     0.00000     0.00000     0.00000     0.00000     0.00000     0.00000
 2.827     -11.52949     0.00000     0.00000     0.00000     0.00000     0.00000     0.00000     0.00000
 2.920     -10.84090    -0.00000     0.00000     0.00000     0.00000     0.00000     0.00000     0.00000
 3.014     -10.06525     0.00000     0.00000     0.00000     0.00000     0.00000     0.00000     0.00000
 3.110      -9.13213     0.00000     0.00000     0.00000     0.00000     0.00000     0.00000     0.00000
 3.208      -7.90239    -0.00000     0.00000     0.00000     0.00000     0.00000     0.00000     0.00000
 3.307      -5.95490    -0.00000     0.00000     0.00000     0.00000     0.00000     0.00000     0.00000
 3.407      -2.42477     3.18467   -48.79344    -8.86395    38.55967   193.75948    37.78188   164.10715
 3.509      -2.86875     6.27340   -50.84825    -8.15865    34.56725   156.39673    33.25228   126.13680
 3.613      -3.48979     8.53530   -51.92146    -7.80348    32.55280   139.75543    30.99113   108.94865
 3.718      -4.29779    10.48309   -52.58299    -7.52365    31.35725   128.68260    29.65728    97.36918
 3.824      -5.29422    12.21553   -53.00218    -7.25063    30.64064   120.31956    28.85991    88.52587
 3.932      -6.46957    13.75002   -53.26322    -6.95709    30.23860   113.59679    28.41256    81.33947
 4.042      -7.80175    15.07775   -53.41743    -6.63102    30.05424   107.99160    28.20707    75.28015
 4.153      -9.25649    16.18382   -53.49957    -6.26792    30.02398   103.20616    28.17371    70.04471
 4.265     -10.78995    17.05782   -53.53457    -5.86743    30.10340    99.05251    28.26460    65.44098
 4.379     -12.35353    17.69979   -53.54075    -5.43169    30.26022    95.40299    28.44564    61.33792
 4.495     -13.89956    18.12223   -53.53172    -4.96425    30.47049    92.16599    28.69202    57.64111
 4.612     -15.38659    18.34891   -53.51749    -4.46947    30.71623    89.27295    28.98564    54.27965
 4.731     -16.78288    18.41137   -53.50527    -3.95203    30.98391    86.67093    29.31328    51.19855
 4.851     -18.06758    18.34478   -53.50006    -3.41660    31.26331    84.31802    29.66549    48.35410
 4.972     -19.23011    18.18411   -53.50512    -2.86767    31.54680    82.18046    30.03571    45.71093
 5.095     -20.26823    17.96145   -53.52231    -2.30937    31.82866    80.23065    30.41959    43.24000
 5.220     -21.18573    17.70458   -53.55240    -1.74537    32.10465    78.44585    30.81455    40.91727
 5.346     -21.99034    17.43651   -53.59532    -1.17889    32.37161    76.80714    31.21939    38.72264
 5.473     -22.69190    17.17573   -53.65034    -0.61264    32.62714    75.29872    31.63397    36.63928
 5.602     -23.30115    16.93680   -53.71624    -0.04881    32.86937    73.90734    32.05899    34.65305
 5.733     -23.82888    16.73113   -53.79142     0.51089    33.09673    72.62184    32.49580    32.75208
 5.865     -24.28550    16.56767   -53.87403     1.06520    33.30778    71.43280    32.94628    30.92643
 5.999     -24.68079    16.45356   -53.96203     1.61336    33.50109    70.33220    33.41269    29.16786
 6.134     -25.02391    16.39473   -54.05329     2.15504    33.67504    69.31316    33.89759    27.46959
 6.270     -25.32344    16.39631   -54.14561     2.69031    33.82781    68.36971    34.40374    25.82615
 6.409     -25.58759    16.46297   -54.23678     3.21969    33.95719    67.49652    34.93408    24.23329
 6.548     -25.82438    16.59921   -54.32467     3.74409    34.06058    66.68868    35.49160    22.68784
 6.689     -26.04197    16.80955   -54.40723     4.26484    34.13487    65.94147    36.07931    21.18766
 6.832     -26.24887    17.09860   -54.48257     4.78365    34.17650    65.25004    36.70019    19.73157
 6.976     -26.45437    17.47111   -54.54903     5.30265    34.18141    64.60921    37.35707    18.31931
 7.122     -26.66891    17.93195   -54.60520     5.82433    34.14517    64.01310    38.05256    16.95153
 7.269     -26.90448    18.48588   -54.65006     6.35155    34.06315    63.45483    38.78899    15.62970
 7.417     -27.17512    19.13733   -54.68300     6.88754    33.93078    62.92623    39.56824    14.35611
 7.567     -27.49743    19.88984   -54.70394     7.43577    33.74398    62.41757    40.39170    13.13380
 7.719     -27.89107    20.74536   -54.71343     7.99996    33.49975    61.91736    41.26007    11.96647
 7.872     -28.37921    21.70319   -54.71271     8.58393    33.19686    61.41240    42.17327    10.85838
 8.027     -28.98873    22.75842   -54.70381     9.19152    32.83665    60.88804    43.13033     9.81426
 8.183     -29.75010    23.89999   -54.68957     9.82638    32.42384    60.32878    44.12924     8.83906
 8.341     -30.69641    25.10810   -54.67372    10.49181    31.96715    59.71933    45.16690     7.93782
 8.500     -31.86113    26.35134   -54.66077    11.19054    31.47958    59.04591    46.23909     7.11539
 8.661     -33.27404    27.58407   -54.65600    11.92454    30.97812    58.29779    47.34044     6.37619
 8.823     -34.95474    28.74501   -54.66527    12.69478    30.48279    57.46877    48.46459     5.72397
 8.986     -36.90417    29.75924   -54.69481    13.50109    30.01509    56.55818    49.60425     5.16152
 9.152     -39.09588    30.54533   -54.75096    14.34203    29.59609    55.57123    50.75145     4.69053
 9.318     -41.47093    31.02852   -54.83986    15.21484    29.24451    54.51856    51.89783     4.31138
 9.486     -43.94112    31.15736   -54.96712    16.11550    28.97512    53.41505    53.03489     4.02312
 9.656     -46.40224    30.91723   -55.13754    17.03889    28.79787    52.27822    54.15430     3.82342
 9.827     -48.75392    30.33401   -55.35484    17.97895    28.71760    51.12649    55.24824     3.70871
10.000     -50.91750    29.46595   -55.62148    18.92906    28.73449    49.97766    56.30958     3.67431
