 #S.p. wfs for channel:           1
   0.000    -0.00000  -0.00000  -0.00000
   0.050    -0.03858  -0.00202  -0.00408
   0.100    -0.07706  -0.00402  -0.00814
   0.150    -0.11536  -0.00599  -0.01218
   0.200    -0.15337  -0.00791  -0.01618
   0.250    -0.19097  -0.00977  -0.02012
   0.300    -0.22807  -0.01156  -0.02396
   0.350    -0.26453  -0.01329  -0.02768
   0.400    -0.30022  -0.01493  -0.03125
   0.450    -0.33503  -0.01649  -0.03464
   0.500    -0.36881  -0.01797  -0.03781
   0.550    -0.40145  -0.01935  -0.04073
   0.600    -0.43285  -0.02064  -0.04340
   0.650    -0.46289  -0.02182  -0.04579
   0.700    -0.49151  -0.02288  -0.04789
   0.750    -0.51861  -0.02381  -0.04970
   0.800    -0.54416  -0.02461  -0.05123
   0.850    -0.56809  -0.02526  -0.05247
   0.900    -0.59038  -0.02575  -0.05342
   0.950    -0.61100  -0.02609  -0.05409
   1.000    -0.62993  -0.02627  -0.05448
   1.050    -0.64714  -0.02629  -0.05460
   1.100    -0.66265  -0.02615  -0.05443
   1.150    -0.67642  -0.02587  -0.05397
   1.200    -0.68846  -0.02546  -0.05323
   1.250    -0.69877  -0.02491  -0.05220
   1.300    -0.70736  -0.02424  -0.05089
   1.350    -0.71423  -0.02346  -0.04929
   1.400    -0.71941  -0.02257  -0.04743
   1.450    -0.72291  -0.02157  -0.04530
   1.500    -0.72478  -0.02048  -0.04293
   1.550    -0.72506  -0.01929  -0.04033
   1.600    -0.72379  -0.01801  -0.03753
   1.650    -0.72105  -0.01664  -0.03455
   1.700    -0.71689  -0.01519  -0.03141
   1.750    -0.71138  -0.01366  -0.02813
   1.800    -0.70462  -0.01206  -0.02474
   1.850    -0.69667  -0.01039  -0.02125
   1.900    -0.68762  -0.00866  -0.01769
   1.950    -0.67755  -0.00689  -0.01406
   2.000    -0.66656  -0.00508  -0.01039
   2.050    -0.65472  -0.00325  -0.00669
   2.100    -0.64212  -0.00140  -0.00296
   2.150    -0.62883   0.00044   0.00078
   2.200    -0.61495   0.00229   0.00453
   2.250    -0.60054   0.00411   0.00826
   2.300    -0.58569   0.00591   0.01198
   2.350    -0.57046   0.00768   0.01568
   2.400    -0.55492   0.00942   0.01933
   2.450    -0.53915   0.01112   0.02293
   2.500    -0.52320   0.01278   0.02648
   2.550    -0.50713   0.01439   0.02995
   2.600    -0.49101   0.01596   0.03334
   2.650    -0.47489   0.01749   0.03664
   2.700    -0.45883   0.01897   0.03984
   2.750    -0.44286   0.02041   0.04294
   2.800    -0.42704   0.02181   0.04592
   2.850    -0.41140   0.02316   0.04879
   2.900    -0.39599   0.02447   0.05154
   2.950    -0.38083   0.02573   0.05416
   3.000    -0.36596   0.02695   0.05667
   3.050    -0.35140   0.02812   0.05905
   3.100    -0.33719   0.02925   0.06132
   3.150    -0.32332   0.03033   0.06348
   3.200    -0.30983   0.03137   0.06552
   3.250    -0.29671   0.03235   0.06746
   3.300    -0.28399   0.03328   0.06930
   3.350    -0.27167   0.03417   0.07105
   3.400    -0.25974   0.03500   0.07270
   3.450    -0.24822   0.03579   0.07428
   3.500    -0.23711   0.03653   0.07577
   3.550    -0.22639   0.03722   0.07719
   3.600    -0.21606   0.03786   0.07853
   3.650    -0.20613   0.03846   0.07981
   3.700    -0.19658   0.03902   0.08102
   3.750    -0.18740   0.03954   0.08217
   3.800    -0.17859   0.04003   0.08326
   3.850    -0.17014   0.04048   0.08429
   3.900    -0.16204   0.04090   0.08527
   3.950    -0.15428   0.04129   0.08619
   4.000    -0.14685   0.04167   0.08706
   4.050    -0.13974   0.04201   0.08787
   4.100    -0.13294   0.04234   0.08864
   4.150    -0.12644   0.04266   0.08935
   4.200    -0.12023   0.04295   0.09002
   4.250    -0.11430   0.04324   0.09064
   4.300    -0.10864   0.04351   0.09122
   4.350    -0.10324   0.04377   0.09175
   4.400    -0.09809   0.04403   0.09225
   4.450    -0.09319   0.04427   0.09271
   4.500    -0.08852   0.04451   0.09314
   4.550    -0.08407   0.04473   0.09353
   4.600    -0.07984   0.04495   0.09390
   4.650    -0.07581   0.04516   0.09424
   4.700    -0.07198   0.04536   0.09456
   4.750    -0.06834   0.04555   0.09485
   4.800    -0.06489   0.04574   0.09513
   4.850    -0.06160   0.04591   0.09540
   4.900    -0.05848   0.04608   0.09565
   4.950    -0.05552   0.04623   0.09589
   5.000    -0.05271   0.04638   0.09612
   5.050    -0.05004   0.04651   0.09635
   5.100    -0.04751   0.04664   0.09657
   5.150    -0.04510   0.04675   0.09679
   5.200    -0.04282   0.04686   0.09700
   5.250    -0.04066   0.04695   0.09721
   5.300    -0.03860   0.04704   0.09742
   5.350    -0.03665   0.04712   0.09763
   5.400    -0.03479   0.04720   0.09783
   5.450    -0.03303   0.04727   0.09803
   5.500    -0.03136   0.04733   0.09823
   5.550    -0.02977   0.04739   0.09843
   5.600    -0.02826   0.04745   0.09863
   5.650    -0.02682   0.04750   0.09882
   5.700    -0.02546   0.04755   0.09900
   5.750    -0.02416   0.04760   0.09918
   5.800    -0.02293   0.04765   0.09936
   5.850    -0.02175   0.04770   0.09953
   5.900    -0.02064   0.04775   0.09969
   5.950    -0.01958   0.04781   0.09985
   6.000    -0.01857   0.04786   0.09999
   6.050    -0.01761   0.04792   0.10013
   6.100    -0.01670   0.04798   0.10027
   6.150    -0.01583   0.04805   0.10039
   6.200    -0.01501   0.04812   0.10051
   6.250    -0.01422   0.04819   0.10062
   6.300    -0.01348   0.04826   0.10072
   6.350    -0.01277   0.04833   0.10082
   6.400    -0.01211   0.04841   0.10091
   6.450    -0.01147   0.04849   0.10100
   6.500    -0.01087   0.04857   0.10108
   6.550    -0.01030   0.04866   0.10116
   6.600    -0.00976   0.04874   0.10123
   6.650    -0.00925   0.04882   0.10130
   6.700    -0.00876   0.04890   0.10137
   6.750    -0.00830   0.04899   0.10144
   6.800    -0.00787   0.04907   0.10151
   6.850    -0.00746   0.04915   0.10158
   6.900    -0.00708   0.04922   0.10165
   6.950    -0.00671   0.04930   0.10173
   7.000    -0.00637   0.04937   0.10180
   7.050    -0.00604   0.04944   0.10188
   7.100    -0.00574   0.04950   0.10196
   7.150    -0.00545   0.04956   0.10205
   7.200    -0.00518   0.04962   0.10214
   7.250    -0.00492   0.04968   0.10223
   7.300    -0.00468   0.04973   0.10232
   7.350    -0.00445   0.04978   0.10243
   7.400    -0.00423   0.04982   0.10253
   7.450    -0.00402   0.04986   0.10264
   7.500    -0.00383   0.04990   0.10275
   7.550    -0.00364   0.04994   0.10287
   7.600    -0.00347   0.04997   0.10298
   7.650    -0.00330   0.05001   0.10310
   7.700    -0.00314   0.05004   0.10322
   7.750    -0.00299   0.05007   0.10335
   7.800    -0.00285   0.05010   0.10347
   7.850    -0.00271   0.05013   0.10359
   7.900    -0.00258   0.05015   0.10372
   7.950    -0.00245   0.05018   0.10384
   8.000    -0.00233   0.05022   0.10396
   8.050    -0.00222   0.05025   0.10408
   8.100    -0.00211   0.05028   0.10419
   8.150    -0.00200   0.05032   0.10431
   8.200    -0.00190   0.05036   0.10442
   8.250    -0.00180   0.05040   0.10452
   8.300    -0.00170   0.05044   0.10463
   8.350    -0.00161   0.05048   0.10473
   8.400    -0.00152   0.05053   0.10482
   8.450    -0.00144   0.05058   0.10491
   8.500    -0.00136   0.05064   0.10500
   8.550    -0.00128   0.05069   0.10508
   8.600    -0.00120   0.05075   0.10516
   8.650    -0.00113   0.05082   0.10523
   8.700    -0.00107   0.05088   0.10531
   8.750    -0.00100   0.05095   0.10537
   8.800    -0.00094   0.05102   0.10544
   8.850    -0.00088   0.05109   0.10550
   8.900    -0.00082   0.05116   0.10555
   8.950    -0.00077   0.05123   0.10561
   9.000    -0.00072   0.05131   0.10566
   9.050    -0.00067   0.05138   0.10572
   9.100    -0.00063   0.05146   0.10577
   9.150    -0.00059   0.05153   0.10582
   9.200    -0.00055   0.05161   0.10587
   9.250    -0.00052   0.05168   0.10592
   9.300    -0.00049   0.05176   0.10597
   9.350    -0.00046   0.05183   0.10602
   9.400    -0.00043   0.05190   0.10608
   9.450    -0.00041   0.05197   0.10613
   9.500    -0.00038   0.05204   0.10619
   9.550    -0.00036   0.05210   0.10625
   9.600    -0.00035   0.05217   0.10631
   9.650    -0.00033   0.05223   0.10638
   9.700    -0.00032   0.05229   0.10645
   9.750    -0.00030   0.05234   0.10652
   9.800    -0.00029   0.05239   0.10659
   9.850    -0.00028   0.05245   0.10667
   9.900    -0.00028   0.05249   0.10675
   9.950    -0.00027   0.05254   0.10684
  10.000    -0.00026   0.05258   0.10693
  10.050    -0.00026   0.05262   0.10702
  10.100    -0.00025   0.05266   0.10711
  10.150    -0.00025   0.05270   0.10720
  10.200    -0.00025   0.05274   0.10730
  10.250    -0.00024   0.05277   0.10740
  10.300    -0.00024   0.05280   0.10750
  10.350    -0.00024   0.05283   0.10760
  10.400    -0.00023   0.05286   0.10771
  10.450    -0.00023   0.05289   0.10781
  10.500    -0.00023   0.05292   0.10792
  10.550    -0.00022   0.05295   0.10802
  10.600    -0.00022   0.05298   0.10813
  10.650    -0.00021   0.05301   0.10823
  10.700    -0.00021   0.05304   0.10834
  10.750    -0.00020   0.05307   0.10844
  10.800    -0.00020   0.05311   0.10854
  10.850    -0.00019   0.05314   0.10864
  10.900    -0.00018   0.05317   0.10874
  10.950    -0.00018   0.05321   0.10883
  11.000    -0.00017   0.05325   0.10893
  11.050    -0.00016   0.05329   0.10902
  11.100    -0.00015   0.05333   0.10910
  11.150    -0.00014   0.05338   0.10919
  11.200    -0.00013   0.05342   0.10927
  11.250    -0.00012   0.05347   0.10934
  11.300    -0.00011   0.05352   0.10942
  11.350    -0.00010   0.05358   0.10949
  11.400    -0.00009   0.05363   0.10955
  11.450    -0.00008   0.05369   0.10962
  11.500    -0.00007   0.05375   0.10968
  11.550    -0.00006   0.05381   0.10974
  11.600    -0.00005   0.05387   0.10979
  11.650    -0.00004   0.05394   0.10984
  11.700    -0.00003   0.05400   0.10989
  11.750    -0.00002   0.05407   0.10994
  11.800    -0.00001   0.05414   0.10998
  11.850     0.00000   0.05421   0.11003
  11.900     0.00001   0.05428   0.11007
  11.950     0.00002   0.05436   0.11011
  12.000     0.00002   0.05443   0.11015
  12.050     0.00003   0.05450   0.11018
  12.100     0.00004   0.05457   0.11022
  12.150     0.00004   0.05465   0.11026
  12.200     0.00005   0.05472   0.11029
  12.250     0.00005   0.05479   0.11033
  12.300     0.00005   0.05486   0.11037
  12.350     0.00005   0.05493   0.11041
  12.400     0.00006   0.05500   0.11044
  12.450     0.00006   0.05507   0.11048
  12.500     0.00006   0.05514   0.11053
  12.550     0.00006   0.05520   0.11057
  12.600     0.00005   0.05527   0.11061
  12.650     0.00005   0.05533   0.11066
  12.700     0.00005   0.05539   0.11071
  12.750     0.00005   0.05544   0.11076
  12.800     0.00004   0.05550   0.11082
  12.850     0.00004   0.05556   0.11087
  12.900     0.00003   0.05561   0.11093
  12.950     0.00003   0.05566   0.11099
  13.000     0.00002   0.05571   0.11105
  13.050     0.00002   0.05575   0.11112
  13.100     0.00001   0.05580   0.11119
  13.150     0.00000   0.05584   0.11126
  13.200    -0.00000   0.05588   0.11133
  13.250    -0.00001   0.05592   0.11141
  13.300    -0.00002   0.05595   0.11148
  13.350    -0.00002   0.05599   0.11156
  13.400    -0.00003   0.05602   0.11164
  13.450    -0.00003   0.05606   0.11172
  13.500    -0.00004   0.05609   0.11181
  13.550    -0.00004   0.05612   0.11189
  13.600    -0.00005   0.05615   0.11198
  13.650    -0.00005   0.05618   0.11206
  13.700    -0.00006   0.05621   0.11215
  13.750    -0.00006   0.05624   0.11223
  13.800    -0.00007   0.05627   0.11232
  13.850    -0.00007   0.05630   0.11241
  13.900    -0.00007   0.05633   0.11249
  13.950    -0.00007   0.05636   0.11258
  14.000    -0.00008   0.05639   0.11266
  14.050    -0.00008   0.05642   0.11274
  14.100    -0.00008   0.05645   0.11282
  14.150    -0.00008   0.05649   0.11290
  14.200    -0.00008   0.05652   0.11298
  14.250    -0.00008   0.05656   0.11306
  14.300    -0.00007   0.05660   0.11313
  14.350    -0.00007   0.05663   0.11320
  14.400    -0.00007   0.05668   0.11327
  14.450    -0.00007   0.05672   0.11334
  14.500    -0.00006   0.05676   0.11340
  14.550    -0.00006   0.05681   0.11346
  14.600    -0.00005   0.05685   0.11352
  14.650    -0.00005   0.05690   0.11358
  14.700    -0.00004   0.05695   0.11363
  14.750    -0.00004   0.05701   0.11368
  14.800    -0.00003   0.05706   0.11373
  14.850    -0.00003   0.05712   0.11378
  14.900    -0.00002   0.05717   0.11382
  14.950    -0.00001   0.05723   0.11386
  15.000    -0.00001   0.05729   0.11390
  15.050    -0.00000   0.05736   0.11393
  15.100     0.00000   0.05742   0.11396
  15.150     0.00001   0.05748   0.11400
  15.200     0.00002   0.05755   0.11402
  15.250     0.00002   0.05762   0.11405
  15.300     0.00003   0.05769   0.11408
  15.350     0.00003   0.05775   0.11410
  15.400     0.00004   0.05782   0.11412
  15.450     0.00004   0.05789   0.11414
  15.500     0.00005   0.05796   0.11416
  15.550     0.00005   0.05803   0.11418
  15.600     0.00006   0.05811   0.11420
  15.650     0.00006   0.05818   0.11422
  15.700     0.00006   0.05825   0.11424
  15.750     0.00006   0.05832   0.11426
  15.800     0.00007   0.05839   0.11428
  15.850     0.00007   0.05845   0.11430
  15.900     0.00007   0.05852   0.11432
  15.950     0.00007   0.05859   0.11434
  16.000     0.00007   0.05866   0.11436
  16.050     0.00007   0.05872   0.11438
  16.100     0.00007   0.05879   0.11440
  16.150     0.00007   0.05885   0.11443
  16.200     0.00007   0.05891   0.11445
  16.250     0.00007   0.05897   0.11448
  16.300     0.00006   0.05903   0.11451
  16.350     0.00006   0.05909   0.11454
  16.400     0.00006   0.05914   0.11458
  16.450     0.00005   0.05919   0.11461
  16.500     0.00005   0.05925   0.11465
  16.550     0.00005   0.05930   0.11469
  16.600     0.00004   0.05935   0.11473
  16.650     0.00004   0.05939   0.11477
  16.700     0.00003   0.05944   0.11481
  16.750     0.00003   0.05948   0.11486
  16.800     0.00002   0.05952   0.11491
  16.850     0.00002   0.05957   0.11496
  16.900     0.00001   0.05960   0.11501
  16.950     0.00001   0.05964   0.11506
  17.000     0.00000   0.05968   0.11512
  17.050    -0.00001   0.05971   0.11518
  17.100    -0.00001   0.05975   0.11523
  17.150    -0.00002   0.05978   0.11529
  17.200    -0.00002   0.05981   0.11535
  17.250    -0.00003   0.05985   0.11542
  17.300    -0.00003   0.05988   0.11548
  17.350    -0.00004   0.05991   0.11554
  17.400    -0.00004   0.05994   0.11560
  17.450    -0.00004   0.05996   0.11567
  17.500    -0.00005   0.05999   0.11573
  17.550    -0.00005   0.06002   0.11579
  17.600    -0.00005   0.06005   0.11586
  17.650    -0.00006   0.06008   0.11592
  17.700    -0.00006   0.06011   0.11598
  17.750    -0.00006   0.06014   0.11605
  17.800    -0.00006   0.06017   0.11611
  17.850    -0.00007   0.06020   0.11617
  17.900    -0.00007   0.06023   0.11623
  17.950    -0.00007   0.06026   0.11629
  18.000    -0.00007   0.06029   0.11634
  18.050    -0.00007   0.06033   0.11640
  18.100    -0.00007   0.06036   0.11645
  18.150    -0.00007   0.06040   0.11650
  18.200    -0.00007   0.06044   0.11655
  18.250    -0.00006   0.06047   0.11660
  18.300    -0.00006   0.06051   0.11665
  18.350    -0.00006   0.06056   0.11669
  18.400    -0.00006   0.06060   0.11673
  18.450    -0.00006   0.06064   0.11677
  18.500    -0.00005   0.06069   0.11681
  18.550    -0.00005   0.06073   0.11684
  18.600    -0.00004   0.06078   0.11688
  18.650    -0.00004   0.06083   0.11691
  18.700    -0.00004   0.06088   0.11693
  18.750    -0.00003   0.06094   0.11696
  18.800    -0.00003   0.06099   0.11698
  18.850    -0.00002   0.06105   0.11700
  18.900    -0.00002   0.06110   0.11702
  18.950    -0.00001   0.06116   0.11704
  19.000    -0.00001   0.06122   0.11705
  19.050    -0.00000   0.06128   0.11706
  19.100     0.00000   0.06134   0.11708
  19.150     0.00000   0.06141   0.11708
  19.200     0.00001   0.06147   0.11709
  19.250     0.00001   0.06153   0.11710
  19.300     0.00002   0.06160   0.11710
  19.350     0.00002   0.06167   0.11710
  19.400     0.00003   0.06173   0.11710
  19.450     0.00003   0.06180   0.11710
  19.500     0.00004   0.06187   0.11710
  19.550     0.00004   0.06194   0.11710
  19.600     0.00004   0.06200   0.11710
  19.650     0.00005   0.06207   0.11710
  19.700     0.00005   0.06214   0.11709
  19.750     0.00005   0.06221   0.11709
  19.800     0.00006   0.06228   0.11708
  19.850     0.00006   0.06234   0.11708
  19.900     0.00006   0.06241   0.11708
  19.950     0.00006   0.06248   0.11707
  20.000     0.00006   0.06254   0.11707
  20.050     0.00006   0.06261   0.11707
  20.100     0.00006   0.06267   0.11706
  20.150     0.00007   0.06274   0.11706
  20.200     0.00007   0.06280   0.11706
  20.250     0.00007   0.06286   0.11706
  20.300     0.00006   0.06292   0.11707
  20.350     0.00006   0.06298   0.11707
  20.400     0.00006   0.06304   0.11707
  20.450     0.00006   0.06310   0.11708
  20.500     0.00006   0.06315   0.11708
  20.550     0.00006   0.06321   0.11709
  20.600     0.00006   0.06326   0.11710
  20.650     0.00005   0.06331   0.11711
  20.700     0.00005   0.06336   0.11713
  20.750     0.00005   0.06341   0.11714
  20.800     0.00004   0.06346   0.11716
  20.850     0.00004   0.06351   0.11717
  20.900     0.00004   0.06355   0.11719
  20.950     0.00003   0.06360   0.11721
  21.000     0.00003   0.06364   0.11724
  21.050     0.00003   0.06368   0.11726
  21.100     0.00002   0.06372   0.11729
  21.150     0.00002   0.06376   0.11731
  21.200     0.00001   0.06379   0.11734
  21.250     0.00001   0.06383   0.11737
  21.300     0.00000   0.06386   0.11740
  21.350    -0.00000   0.06390   0.11743
  21.400    -0.00000   0.06393   0.11747
  21.450    -0.00001   0.06396   0.11750
  21.500    -0.00001   0.06399   0.11754
  21.550    -0.00002   0.06402   0.11757
  21.600    -0.00002   0.06405   0.11761
  21.650    -0.00003   0.06408   0.11764
  21.700    -0.00003   0.06411   0.11768
  21.750    -0.00003   0.06414   0.11772
  21.800    -0.00004   0.06417   0.11776
  21.850    -0.00004   0.06420   0.11779
  21.900    -0.00004   0.06422   0.11783
  21.950    -0.00005   0.06425   0.11787
  22.000    -0.00005   0.06428   0.11791
  22.050    -0.00005   0.06431   0.11794
  22.100    -0.00005   0.06433   0.11798
  22.150    -0.00006   0.06436   0.11802
  22.200    -0.00006   0.06439   0.11805
  22.250    -0.00006   0.06442   0.11809
  22.300    -0.00006   0.06445   0.11812
  22.350    -0.00006   0.06448   0.11815
  22.400    -0.00006   0.06451   0.11818
  22.450    -0.00006   0.06454   0.11821
  22.500    -0.00006   0.06458   0.11824
  22.550    -0.00006   0.06461   0.11827
  22.600    -0.00006   0.06464   0.11829
  22.650    -0.00006   0.06468   0.11832
  22.700    -0.00006   0.06472   0.11834
  22.750    -0.00006   0.06475   0.11836
  22.800    -0.00006   0.06479   0.11838
  22.850    -0.00006   0.06483   0.11839
  22.900    -0.00006   0.06487   0.11841
  22.950    -0.00005   0.06492   0.11842
  23.000    -0.00005   0.06496   0.11843
  23.050    -0.00005   0.06501   0.11844
  23.100    -0.00005   0.06505   0.11845
  23.150    -0.00004   0.06510   0.11845
  23.200    -0.00004   0.06515   0.11845
  23.250    -0.00004   0.06520   0.11845
  23.300    -0.00003   0.06525   0.11845
  23.350    -0.00003   0.06530   0.11845
  23.400    -0.00003   0.06535   0.11844
  23.450    -0.00002   0.06541   0.11844
  23.500    -0.00002   0.06547   0.11843
  23.550    -0.00002   0.06552   0.11842
  23.600    -0.00001   0.06558   0.11840
  23.650    -0.00001   0.06564   0.11839
  23.700    -0.00000   0.06570   0.11837
  23.750     0.00000   0.06576   0.11835
  23.800     0.00000   0.06582   0.11833
  23.850     0.00001   0.06588   0.11831
  23.900     0.00001   0.06595   0.11829
  23.950     0.00002   0.06601   0.11827
  24.000     0.00002   0.06608   0.11824
  24.050     0.00002   0.06614   0.11822
  24.100     0.00003   0.06620   0.11819
  24.150     0.00003   0.06627   0.11816
  24.200     0.00003   0.06634   0.11814
  24.250     0.00004   0.06640   0.11811
  24.300     0.00004   0.06647   0.11808
  24.350     0.00004   0.06653   0.11805
  24.400     0.00005   0.06660   0.11802
  24.450     0.00005   0.06666   0.11799
  24.500     0.00005   0.06673   0.11796
  24.550     0.00005   0.06680   0.11793
  24.600     0.00005   0.06686   0.11790
  24.650     0.00006   0.06692   0.11787
  24.700     0.00006   0.06699   0.11784
  24.750     0.00006   0.06705   0.11781
  24.800     0.00006   0.06711   0.11778
  24.850     0.00006   0.06718   0.11775
  24.900     0.00006   0.06724   0.11772
  24.950     0.00006   0.06730   0.11769
  25.000     0.00006   0.06736   0.11767
  25.050     0.00006   0.06742   0.11764
  25.100     0.00006   0.06747   0.11762
  25.150     0.00006   0.06753   0.11759
  25.200     0.00006   0.06758   0.11757
  25.250     0.00006   0.06764   0.11755
  25.300     0.00006   0.06769   0.11753
  25.350     0.00006   0.06774   0.11751
  25.400     0.00005   0.06779   0.11749
  25.450     0.00005   0.06784   0.11748
  25.500     0.00005   0.06789   0.11746
  25.550     0.00005   0.06794   0.11745
  25.600     0.00005   0.06799   0.11744
  25.650     0.00004   0.06803   0.11742
  25.700     0.00004   0.06807   0.11741
  25.750     0.00004   0.06812   0.11741
  25.800     0.00003   0.06816   0.11740
  25.850     0.00003   0.06820   0.11739
  25.900     0.00003   0.06824   0.11739
  25.950     0.00002   0.06827   0.11739
  26.000     0.00002   0.06831   0.11738
  26.050     0.00002   0.06835   0.11738
  26.100     0.00001   0.06838   0.11738
  26.150     0.00001   0.06841   0.11738
  26.200     0.00001   0.06845   0.11739
  26.250     0.00000   0.06848   0.11739
  26.300     0.00000   0.06851   0.11739
  26.350    -0.00000   0.06854   0.11740
  26.400    -0.00001   0.06857   0.11740
  26.450    -0.00001   0.06860   0.11741
  26.500    -0.00001   0.06863   0.11742
  26.550    -0.00002   0.06865   0.11743
  26.600    -0.00002   0.06868   0.11743
  26.650    -0.00002   0.06871   0.11744
  26.700    -0.00003   0.06874   0.11745
  26.750    -0.00003   0.06876   0.11746
  26.800    -0.00003   0.06879   0.11747
  26.850    -0.00004   0.06881   0.11748
  26.900    -0.00004   0.06884   0.11748
  26.950    -0.00004   0.06886   0.11749
  27.000    -0.00004   0.06889   0.11750
  27.050    -0.00005   0.06892   0.11751
  27.100    -0.00005   0.06894   0.11751
  27.150    -0.00005   0.06897   0.11752
  27.200    -0.00005   0.06900   0.11753
  27.250    -0.00005   0.06902   0.11753
  27.300    -0.00005   0.06905   0.11754
  27.350    -0.00006   0.06908   0.11754
  27.400    -0.00006   0.06911   0.11754
  27.450    -0.00006   0.06914   0.11754
  27.500    -0.00006   0.06917   0.11754
  27.550    -0.00006   0.06920   0.11754
  27.600    -0.00006   0.06923   0.11754
  27.650    -0.00006   0.06926   0.11753
  27.700    -0.00006   0.06929   0.11753
  27.750    -0.00006   0.06933   0.11752
  27.800    -0.00006   0.06936   0.11751
  27.850    -0.00006   0.06940   0.11750
  27.900    -0.00006   0.06944   0.11749
  27.950    -0.00006   0.06947   0.11748
  28.000    -0.00005   0.06951   0.11746
  28.050    -0.00005   0.06955   0.11745
  28.100    -0.00005   0.06959   0.11743
  28.150    -0.00005   0.06964   0.11741
  28.200    -0.00005   0.06968   0.11739
  28.250    -0.00005   0.06972   0.11736
  28.300    -0.00004   0.06977   0.11734
  28.350    -0.00004   0.06982   0.11731
  28.400    -0.00004   0.06986   0.11728
  28.450    -0.00004   0.06991   0.11725
  28.500    -0.00003   0.06996   0.11721
  28.550    -0.00003   0.07001   0.11718
  28.600    -0.00003   0.07006   0.11714
  28.650    -0.00002   0.07012   0.11711
  28.700    -0.00002   0.07017   0.11707
  28.750    -0.00002   0.07023   0.11702
  28.800    -0.00002   0.07028   0.11698
  28.850    -0.00001   0.07034   0.11694
  28.900    -0.00001   0.07040   0.11689
  28.950    -0.00001   0.07045   0.11684
  29.000    -0.00000   0.07051   0.11679
  29.050     0.00000   0.07057   0.11674
  29.100     0.00000   0.07063   0.11669
  29.150     0.00001   0.07069   0.11664
  29.200     0.00001   0.07075   0.11659
  29.250     0.00001   0.07081   0.11653
  29.300     0.00002   0.07088   0.11648
  29.350     0.00002   0.07094   0.11642
  29.400     0.00002   0.07100   0.11636
  29.450     0.00003   0.07106   0.11630
  29.500     0.00003   0.07113   0.11625
  29.550     0.00003   0.07119   0.11619
  29.600     0.00003   0.07125   0.11613
  29.650     0.00004   0.07132   0.11607
  29.700     0.00004   0.07138   0.11601
  29.750     0.00004   0.07144   0.11595
  29.800     0.00004   0.07151   0.11588
  29.850     0.00004   0.07157   0.11582
  29.900     0.00005   0.07163   0.11576
  29.950     0.00005   0.07169   0.11570
  30.000     0.00005   0.07176   0.11564
  30.050     0.00005   0.07182   0.11558
  30.100     0.00005   0.07188   0.11552
  30.150     0.00005   0.07194   0.11546
  30.200     0.00005   0.07200   0.11540
  30.250     0.00006   0.07206   0.11534
  30.300     0.00006   0.07211   0.11528
  30.350     0.00006   0.07217   0.11523
  30.400     0.00006   0.07223   0.11517
  30.450     0.00006   0.07228   0.11511
  30.500     0.00006   0.07234   0.11506
  30.550     0.00006   0.07239   0.11500
  30.600     0.00006   0.07244   0.11495
  30.650     0.00006   0.07250   0.11490
  30.700     0.00005   0.07255   0.11485
  30.750     0.00005   0.07260   0.11480
  30.800     0.00005   0.07265   0.11475
  30.850     0.00005   0.07269   0.11470
  30.900     0.00005   0.07274   0.11465
  30.950     0.00005   0.07279   0.11460
  31.000     0.00005   0.07283   0.11456
  31.050     0.00005   0.07288   0.11451
  31.100     0.00004   0.07292   0.11447
  31.150     0.00004   0.07296   0.11443
  31.200     0.00004   0.07300   0.11439
  31.250     0.00004   0.07304   0.11435
  31.300     0.00004   0.07308   0.11431
  31.350     0.00003   0.07312   0.11427
  31.400     0.00003   0.07315   0.11424
  31.450     0.00003   0.07319   0.11420
  31.500     0.00003   0.07322   0.11417
  31.550     0.00002   0.07326   0.11413
  31.600     0.00002   0.07329   0.11410
  31.650     0.00002   0.07332   0.11407
  31.700     0.00001   0.07335   0.11404
  31.750     0.00001   0.07338   0.11401
  31.800     0.00001   0.07341   0.11398
  31.850     0.00001   0.07344   0.11396
  31.900     0.00000   0.07347   0.11393
  31.950    -0.00000   0.07350   0.11390
  32.000    -0.00000   0.07352   0.11388
  32.050    -0.00001   0.07355   0.11385
  32.100    -0.00001   0.07357   0.11382
  32.150    -0.00001   0.07360   0.11380
  32.200    -0.00001   0.07362   0.11378
  32.250    -0.00002   0.07365   0.11375
  32.300    -0.00002   0.07367   0.11373
  32.350    -0.00002   0.07370   0.11370
  32.400    -0.00003   0.07372   0.11368
  32.450    -0.00003   0.07374   0.11366
  32.500    -0.00003   0.07377   0.11363
  32.550    -0.00003   0.07379   0.11361
  32.600    -0.00004   0.07381   0.11358
  32.650    -0.00004   0.07384   0.11356
  32.700    -0.00004   0.07386   0.11354
  32.750    -0.00004   0.07388   0.11351
  32.800    -0.00004   0.07391   0.11348
  32.850    -0.00004   0.07393   0.11346
  32.900    -0.00005   0.07395   0.11343
  32.950    -0.00005   0.07398   0.11340
  33.000    -0.00005   0.07400   0.11337
  33.050    -0.00005   0.07403   0.11334
  33.100    -0.00005   0.07406   0.11331
  33.150    -0.00005   0.07408   0.11328
  33.200    -0.00005   0.07411   0.11325
  33.250    -0.00005   0.07414   0.11322
  33.300    -0.00005   0.07417   0.11318
  33.350    -0.00005   0.07420   0.11315
  33.400    -0.00005   0.07423   0.11311
  33.450    -0.00005   0.07426   0.11307
  33.500    -0.00005   0.07429   0.11303
  33.550    -0.00005   0.07432   0.11299
  33.600    -0.00005   0.07435   0.11295
  33.650    -0.00005   0.07439   0.11290
  33.700    -0.00005   0.07442   0.11286
  33.750    -0.00005   0.07446   0.11281
  33.800    -0.00005   0.07449   0.11276
  33.850    -0.00005   0.07453   0.11271
  33.900    -0.00005   0.07457   0.11266
  33.950    -0.00005   0.07461   0.11261
  34.000    -0.00005   0.07465   0.11255
  34.050    -0.00005   0.07469   0.11249
  34.100    -0.00004   0.07473   0.11244
  34.150    -0.00004   0.07478   0.11238
  34.200    -0.00004   0.07482   0.11232
  34.250    -0.00004   0.07487   0.11225
  34.300    -0.00004   0.07491   0.11219
  34.350    -0.00003   0.07496   0.11212
  34.400    -0.00003   0.07501   0.11205
  34.450    -0.00003   0.07506   0.11198
  34.500    -0.00003   0.07511   0.11191
  34.550    -0.00002   0.07516   0.11184
  34.600    -0.00002   0.07521   0.11177
  34.650    -0.00002   0.07526   0.11169
  34.700    -0.00002   0.07532   0.11162
  34.750    -0.00001   0.07537   0.11154
  34.800    -0.00001   0.07542   0.11146
  34.850    -0.00001   0.07548   0.11138
  34.900    -0.00001   0.07553   0.11130
  34.950    -0.00000   0.07559   0.11121
  35.000    -0.00000   0.07565   0.11113
  35.050     0.00000   0.07571   0.11104
  35.100     0.00000   0.07576   0.11096
  35.150     0.00001   0.07582   0.11087
  35.200     0.00001   0.07588   0.11078
  35.250     0.00001   0.07594   0.11069
  35.300     0.00001   0.07600   0.11060
  35.350     0.00002   0.07606   0.11051
  35.400     0.00002   0.07612   0.11042
  35.450     0.00002   0.07618   0.11033
  35.500     0.00002   0.07624   0.11024
  35.550     0.00003   0.07630   0.11014
  35.600     0.00003   0.07636   0.11005
  35.650     0.00003   0.07642   0.10996
  35.700     0.00003   0.07648   0.10986
  35.750     0.00003   0.07654   0.10977
  35.800     0.00004   0.07660   0.10968
  35.850     0.00004   0.07666   0.10958
  35.900     0.00004   0.07672   0.10949
  35.950     0.00004   0.07678   0.10939
  36.000     0.00004   0.07684   0.10930
  36.050     0.00004   0.07690   0.10920
  36.100     0.00005   0.07696   0.10911
  36.150     0.00005   0.07701   0.10902
  36.200     0.00005   0.07707   0.10892
  36.250     0.00005   0.07713   0.10883
  36.300     0.00005   0.07718   0.10874
  36.350     0.00005   0.07724   0.10864
  36.400     0.00005   0.07729   0.10855
  36.450     0.00005   0.07735   0.10846
  36.500     0.00005   0.07740   0.10837
  36.550     0.00005   0.07745   0.10828
  36.600     0.00005   0.07751   0.10819
  36.650     0.00005   0.07756   0.10810
  36.700     0.00005   0.07761   0.10802
  36.750     0.00005   0.07766   0.10793
  36.800     0.00005   0.07770   0.10784
  36.850     0.00005   0.07775   0.10776
  36.900     0.00005   0.07780   0.10767
  36.950     0.00005   0.07784   0.10759
  37.000     0.00005   0.07789   0.10751
  37.050     0.00005   0.07793   0.10743
  37.100     0.00005   0.07798   0.10735
  37.150     0.00005   0.07802   0.10727
  37.200     0.00005   0.07806   0.10719
  37.250     0.00004   0.07810   0.10711
  37.300     0.00004   0.07814   0.10703
  37.350     0.00004   0.07818   0.10696
  37.400     0.00004   0.07821   0.10688
  37.450     0.00004   0.07825   0.10681
  37.500     0.00004   0.07829   0.10674
  37.550     0.00003   0.07832   0.10667
  37.600     0.00003   0.07835   0.10660
  37.650     0.00003   0.07839   0.10653
  37.700     0.00003   0.07842   0.10646
  37.750     0.00003   0.07845   0.10639
  37.800     0.00002   0.07848   0.10632
  37.850     0.00002   0.07851   0.10626
  37.900     0.00002   0.07854   0.10619
  37.950     0.00002   0.07857   0.10613
  38.000     0.00002   0.07859   0.10606
  38.050     0.00001   0.07862   0.10600
  38.100     0.00001   0.07865   0.10594
  38.150     0.00001   0.07867   0.10588
  38.200     0.00001   0.07869   0.10582
  38.250     0.00000   0.07872   0.10576
  38.300     0.00000   0.07874   0.10570
  38.350    -0.00000   0.07876   0.10564
  38.400    -0.00000   0.07879   0.10558
  38.450    -0.00001   0.07881   0.10552
  38.500    -0.00001   0.07883   0.10546
  38.550    -0.00001   0.07885   0.10540
  38.600    -0.00001   0.07887   0.10534
  38.650    -0.00002   0.07889   0.10528
  38.700    -0.00002   0.07891   0.10523
  38.750    -0.00002   0.07893   0.10517
  38.800    -0.00002   0.07895   0.10511
  38.850    -0.00002   0.07897   0.10505
  38.900    -0.00003   0.07899   0.10499
  38.950    -0.00003   0.07901   0.10494
  39.000    -0.00003   0.07903   0.10488
  39.050    -0.00003   0.07905   0.10482
  39.100    -0.00003   0.07907   0.10476
  39.150    -0.00004   0.07909   0.10470
  39.200    -0.00004   0.07912   0.10464
  39.250    -0.00004   0.07914   0.10458
  39.300    -0.00004   0.07916   0.10452
  39.350    -0.00004   0.07918   0.10445
  39.400    -0.00004   0.07920   0.10439
  39.450    -0.00004   0.07922   0.10433
  39.500    -0.00005   0.07924   0.10426
  39.550    -0.00005   0.07927   0.10420
  39.600    -0.00005   0.07929   0.10413
  39.650    -0.00005   0.07931   0.10407
  39.700    -0.00005   0.07934   0.10400
  39.750    -0.00005   0.07936   0.10393
  39.800    -0.00005   0.07939   0.10386
  39.850    -0.00005   0.07942   0.10379
  39.900    -0.00005   0.07944   0.10372
  39.950    -0.00005   0.07947   0.10364
  40.000    -0.00005   0.07950   0.10357
  40.050    -0.00005   0.07953   0.10349
  40.100    -0.00005   0.07956   0.10341
  40.150    -0.00005   0.07959   0.10334
  40.200    -0.00005   0.07962   0.10326
  40.250    -0.00005   0.07965   0.10317
  40.300    -0.00005   0.07969   0.10309
  40.350    -0.00005   0.07972   0.10301
  40.400    -0.00005   0.07975   0.10292
  40.450    -0.00005   0.07979   0.10284
  40.500    -0.00005   0.07983   0.10275
  40.550    -0.00005   0.07986   0.10266
  40.600    -0.00004   0.07990   0.10257
  40.650    -0.00004   0.07994   0.10247
  40.700    -0.00004   0.07998   0.10238
  40.750    -0.00004   0.08002   0.10228
  40.800    -0.00004   0.08006   0.10219
  40.850    -0.00004   0.08010   0.10209
  40.900    -0.00004   0.08015   0.10199
  40.950    -0.00003   0.08019   0.10189
  41.000    -0.00003   0.08024   0.10179
  41.050    -0.00003   0.08028   0.10168
  41.100    -0.00003   0.08033   0.10158
  41.150    -0.00003   0.08038   0.10147
  41.200    -0.00003   0.08042   0.10136
  41.250    -0.00002   0.08047   0.10125
  41.300    -0.00002   0.08052   0.10114
  41.350    -0.00002   0.08057   0.10103
  41.400    -0.00002   0.08062   0.10092
  41.450    -0.00002   0.08067   0.10080
  41.500    -0.00001   0.08072   0.10069
  41.550    -0.00001   0.08078   0.10057
  41.600    -0.00001   0.08083   0.10045
  41.650    -0.00001   0.08088   0.10034
  41.700    -0.00000   0.08094   0.10022
  41.750    -0.00000   0.08099   0.10010
  41.800    -0.00000   0.08105   0.09997
  41.850     0.00000   0.08110   0.09985
  41.900     0.00000   0.08116   0.09973
  41.950     0.00001   0.08121   0.09960
  42.000     0.00001   0.08127   0.09948
  42.050     0.00001   0.08133   0.09935
  42.100     0.00001   0.08138   0.09923
  42.150     0.00001   0.08144   0.09910
  42.200     0.00002   0.08150   0.09898
  42.250     0.00002   0.08155   0.09885
  42.300     0.00002   0.08161   0.09872
  42.350     0.00002   0.08167   0.09859
  42.400     0.00002   0.08172   0.09846
  42.450     0.00003   0.08178   0.09833
  42.500     0.00003   0.08184   0.09820
  42.550     0.00003   0.08190   0.09807
  42.600     0.00003   0.08195   0.09795
  42.650     0.00003   0.08201   0.09782
  42.700     0.00004   0.08207   0.09769
  42.750     0.00004   0.08212   0.09756
  42.800     0.00004   0.08218   0.09743
  42.850     0.00004   0.08223   0.09730
  42.900     0.00004   0.08229   0.09717
  42.950     0.00004   0.08234   0.09704
  43.000     0.00004   0.08240   0.09691
  43.050     0.00004   0.08245   0.09678
  43.100     0.00005   0.08250   0.09665
  43.150     0.00005   0.08256   0.09653
  43.200     0.00005   0.08261   0.09640
  43.250     0.00005   0.08266   0.09627
  43.300     0.00005   0.08271   0.09615
  43.350     0.00005   0.08276   0.09602
  43.400     0.00005   0.08281   0.09589
  43.450     0.00005   0.08286   0.09577
  43.500     0.00005   0.08291   0.09565
  43.550     0.00005   0.08295   0.09552
  43.600     0.00005   0.08300   0.09540
  43.650     0.00005   0.08305   0.09528
  43.700     0.00005   0.08309   0.09516
  43.750     0.00005   0.08314   0.09504
  43.800     0.00005   0.08318   0.09492
  43.850     0.00005   0.08322   0.09480
  43.900     0.00005   0.08326   0.09468
  43.950     0.00005   0.08330   0.09456
  44.000     0.00005   0.08334   0.09445
  44.050     0.00005   0.08338   0.09433
  44.100     0.00005   0.08342   0.09422
  44.150     0.00005   0.08346   0.09410
  44.200     0.00004   0.08350   0.09399
  44.250     0.00004   0.08353   0.09388
  44.300     0.00004   0.08357   0.09377
  44.350     0.00004   0.08360   0.09366
  44.400     0.00004   0.08364   0.09355
  44.450     0.00004   0.08367   0.09344
  44.500     0.00004   0.08370   0.09333
  44.550     0.00004   0.08373   0.09323
  44.600     0.00003   0.08376   0.09312
  44.650     0.00003   0.08379   0.09302
  44.700     0.00003   0.08382   0.09291
  44.750     0.00003   0.08385   0.09281
  44.800     0.00003   0.08387   0.09271
  44.850     0.00003   0.08390   0.09261
  44.900     0.00002   0.08392   0.09251
  44.950     0.00002   0.08395   0.09241
  45.000     0.00002   0.08397   0.09231
  45.050     0.00002   0.08399   0.09221
  45.100     0.00002   0.08402   0.09211
  45.150     0.00001   0.08404   0.09201
  45.200     0.00001   0.08406   0.09192
  45.250     0.00001   0.08408   0.09182
  45.300     0.00001   0.08410   0.09173
  45.350     0.00001   0.08412   0.09163
  45.400     0.00000   0.08414   0.09154
  45.450     0.00000   0.08416   0.09144
  45.500     0.00000   0.08418   0.09135
  45.550    -0.00000   0.08420   0.09126
  45.600    -0.00000   0.08421   0.09116
  45.650    -0.00001   0.08423   0.09107
  45.700    -0.00001   0.08425   0.09098
  45.750    -0.00001   0.08426   0.09088
  45.800    -0.00001   0.08428   0.09079
  45.850    -0.00001   0.08430   0.09070
  45.900    -0.00002   0.08431   0.09061
  45.950    -0.00002   0.08433   0.09052
  46.000    -0.00002   0.08435   0.09042
  46.050    -0.00002   0.08436   0.09033
  46.100    -0.00002   0.08438   0.09024
  46.150    -0.00002   0.08439   0.09015
  46.200    -0.00003   0.08441   0.09005
  46.250    -0.00003   0.08442   0.08996
  46.300    -0.00003   0.08444   0.08987
  46.350    -0.00003   0.08446   0.08977
  46.400    -0.00003   0.08447   0.08968
  46.450    -0.00003   0.08449   0.08958
  46.500    -0.00003   0.08451   0.08949
  46.550    -0.00004   0.08452   0.08939
  46.600    -0.00004   0.08454   0.08930
  46.650    -0.00004   0.08456   0.08920
  46.700    -0.00004   0.08457   0.08910
  46.750    -0.00004   0.08459   0.08900
  46.800    -0.00004   0.08461   0.08890
  46.850    -0.00004   0.08463   0.08880
  46.900    -0.00004   0.08465   0.08870
  46.950    -0.00004   0.08467   0.08860
  47.000    -0.00005   0.08469   0.08850
  47.050    -0.00005   0.08471   0.08840
  47.100    -0.00005   0.08473   0.08829
  47.150    -0.00005   0.08476   0.08819
  47.200    -0.00005   0.08478   0.08808
  47.250    -0.00005   0.08480   0.08797
  47.300    -0.00005   0.08483   0.08786
  47.350    -0.00005   0.08485   0.08775
  47.400    -0.00005   0.08488   0.08764
  47.450    -0.00005   0.08490   0.08753
  47.500    -0.00005   0.08493   0.08742
  47.550    -0.00005   0.08496   0.08730
  47.600    -0.00005   0.08498   0.08719
  47.650    -0.00005   0.08501   0.08707
  47.700    -0.00005   0.08504   0.08696
  47.750    -0.00005   0.08507   0.08684
  47.800    -0.00005   0.08510   0.08672
  47.850    -0.00005   0.08514   0.08659
  47.900    -0.00005   0.08517   0.08647
  47.950    -0.00004   0.08520   0.08635
  48.000    -0.00004   0.08524   0.08622
  48.050    -0.00004   0.08527   0.08609
  48.100    -0.00004   0.08531   0.08597
  48.150    -0.00004   0.08534   0.08584
  48.200    -0.00004   0.08538   0.08571
  48.250    -0.00004   0.08542   0.08557
  48.300    -0.00004   0.08546   0.08544
  48.350    -0.00004   0.08550   0.08531
  48.400    -0.00004   0.08554   0.08517
  48.450    -0.00003   0.08558   0.08503
  48.500    -0.00003   0.08562   0.08490
  48.550    -0.00003   0.08566   0.08476
  48.600    -0.00003   0.08570   0.08462
  48.650    -0.00003   0.08575   0.08447
  48.700    -0.00003   0.08579   0.08433
  48.750    -0.00003   0.08584   0.08419
  48.800    -0.00002   0.08588   0.08404
  48.850    -0.00002   0.08593   0.08390
  48.900    -0.00002   0.08598   0.08375
  48.950    -0.00002   0.08602   0.08360
  49.000    -0.00002   0.08607   0.08345
  49.050    -0.00002   0.08612   0.08330
  49.100    -0.00001   0.08617   0.08315
  49.150    -0.00001   0.08622   0.08300
  49.200    -0.00001   0.08627   0.08284
  49.250    -0.00001   0.08632   0.08269
  49.300    -0.00001   0.08637   0.08253
  49.350    -0.00000   0.08642   0.08238
  49.400    -0.00000   0.08647   0.08222
  49.450    -0.00000   0.08652   0.08206
  49.500     0.00000   0.08658   0.08190
  49.550     0.00000   0.08663   0.08175
  49.600     0.00000   0.08668   0.08159
  49.650     0.00001   0.08673   0.08143
  49.700     0.00001   0.08679   0.08127
  49.750     0.00001   0.08684   0.08110
  49.800     0.00001   0.08689   0.08094
  49.850     0.00001   0.08695   0.08078
  49.900     0.00002   0.08700   0.08062
  49.950     0.00002   0.08705   0.08046
  50.000     0.00002   0.08711   0.08029
  50.050     0.00002   0.08716   0.08013
  50.100     0.00002   0.08721   0.07997
  50.150     0.00002   0.08727   0.07980
  50.200     0.00003   0.08732   0.07964
  50.250     0.00003   0.08737   0.07947
  50.300     0.00003   0.08743   0.07931
  50.350     0.00003   0.08748   0.07915
  50.400     0.00003   0.08753   0.07898
  50.450     0.00003   0.08758   0.07882
  50.500     0.00003   0.08763   0.07865
  50.550     0.00003   0.08769   0.07849
  50.600     0.00004   0.08774   0.07833
  50.650     0.00004   0.08779   0.07816
  50.700     0.00004   0.08784   0.07800
  50.750     0.00004   0.08789   0.07784
  50.800     0.00004   0.08794   0.07768
  50.850     0.00004   0.08799   0.07751
  50.900     0.00004   0.08804   0.07735
  50.950     0.00004   0.08808   0.07719
  51.000     0.00004   0.08813   0.07703
  51.050     0.00004   0.08818   0.07687
  51.100     0.00004   0.08822   0.07671
  51.150     0.00005   0.08827   0.07655
  51.200     0.00005   0.08832   0.07639
  51.250     0.00005   0.08836   0.07623
  51.300     0.00005   0.08840   0.07608
  51.350     0.00005   0.08845   0.07592
  51.400     0.00005   0.08849   0.07576
  51.450     0.00005   0.08853   0.07561
  51.500     0.00005   0.08857   0.07545
  51.550     0.00005   0.08861   0.07530
  51.600     0.00005   0.08865   0.07515
  51.650     0.00005   0.08869   0.07499
  51.700     0.00005   0.08873   0.07484
  51.750     0.00005   0.08877   0.07469
  51.800     0.00005   0.08880   0.07454
  51.850     0.00005   0.08884   0.07439
  51.900     0.00005   0.08887   0.07424
  51.950     0.00004   0.08891   0.07410
  52.000     0.00004   0.08894   0.07395
  52.050     0.00004   0.08897   0.07380
  52.100     0.00004   0.08900   0.07366
  52.150     0.00004   0.08904   0.07351
  52.200     0.00004   0.08907   0.07337
  52.250     0.00004   0.08909   0.07323
  52.300     0.00004   0.08912   0.07309
  52.350     0.00004   0.08915   0.07295
  52.400     0.00004   0.08918   0.07281
  52.450     0.00004   0.08920   0.07267
  52.500     0.00004   0.08923   0.07253
  52.550     0.00003   0.08926   0.07239
  52.600     0.00003   0.08928   0.07225
  52.650     0.00003   0.08930   0.07212
  52.700     0.00003   0.08933   0.07198
  52.750     0.00003   0.08935   0.07185
  52.800     0.00003   0.08937   0.07171
  52.850     0.00003   0.08939   0.07158
  52.900     0.00003   0.08941   0.07145
  52.950     0.00002   0.08943   0.07132
  53.000     0.00002   0.08945   0.07119
  53.050     0.00002   0.08946   0.07106
  53.100     0.00002   0.08948   0.07093
  53.150     0.00002   0.08950   0.07080
  53.200     0.00002   0.08952   0.07067
  53.250     0.00001   0.08953   0.07054
  53.300     0.00001   0.08955   0.07041
  53.350     0.00001   0.08956   0.07029
  53.400     0.00001   0.08958   0.07016
  53.450     0.00001   0.08959   0.07004
  53.500     0.00001   0.08960   0.06991
  53.550     0.00000   0.08962   0.06978
  53.600     0.00000   0.08963   0.06966
  53.650     0.00000   0.08964   0.06954
  53.700    -0.00000   0.08965   0.06941
  53.750    -0.00000   0.08966   0.06929
  53.800    -0.00000   0.08968   0.06916
  53.850    -0.00001   0.08969   0.06904
  53.900    -0.00001   0.08970   0.06892
  53.950    -0.00001   0.08971   0.06879
  54.000    -0.00001   0.08972   0.06867
  54.050    -0.00001   0.08973   0.06855
  54.100    -0.00001   0.08974   0.06842
  54.150    -0.00002   0.08975   0.06830
  54.200    -0.00002   0.08976   0.06818
  54.250    -0.00002   0.08977   0.06805
  54.300    -0.00002   0.08978   0.06793
  54.350    -0.00002   0.08979   0.06781
  54.400    -0.00002   0.08980   0.06768
  54.450    -0.00002   0.08981   0.06756
  54.500    -0.00003   0.08983   0.06743
  54.550    -0.00003   0.08984   0.06731
  54.600    -0.00003   0.08985   0.06718
  54.650    -0.00003   0.08986   0.06706
  54.700    -0.00003   0.08987   0.06693
  54.750    -0.00003   0.08988   0.06680
  54.800    -0.00003   0.08989   0.06668
  54.850    -0.00003   0.08991   0.06655
  54.900    -0.00004   0.08992   0.06642
  54.950    -0.00004   0.08993   0.06629
  55.000    -0.00004   0.08994   0.06616
  55.050    -0.00004   0.08996   0.06603
  55.100    -0.00004   0.08997   0.06590
  55.150    -0.00004   0.08999   0.06577
  55.200    -0.00004   0.09000   0.06564
  55.250    -0.00004   0.09002   0.06550
  55.300    -0.00004   0.09003   0.06537
  55.350    -0.00004   0.09005   0.06524
  55.400    -0.00004   0.09006   0.06510
  55.450    -0.00004   0.09008   0.06496
  55.500    -0.00004   0.09010   0.06483
  55.550    -0.00004   0.09012   0.06469
  55.600    -0.00004   0.09014   0.06455
  55.650    -0.00005   0.09016   0.06441
  55.700    -0.00005   0.09018   0.06427
  55.750    -0.00005   0.09020   0.06412
  55.800    -0.00005   0.09022   0.06398
  55.850    -0.00005   0.09024   0.06384
  55.900    -0.00005   0.09027   0.06369
  55.950    -0.00005   0.09029   0.06355
  56.000    -0.00005   0.09031   0.06340
  56.050    -0.00005   0.09034   0.06325
  56.100    -0.00005   0.09036   0.06310
  56.150    -0.00004   0.09039   0.06295
  56.200    -0.00004   0.09042   0.06280
  56.250    -0.00004   0.09044   0.06264
  56.300    -0.00004   0.09047   0.06249
  56.350    -0.00004   0.09050   0.06233
  56.400    -0.00004   0.09053   0.06218
  56.450    -0.00004   0.09056   0.06202
  56.500    -0.00004   0.09059   0.06186
  56.550    -0.00004   0.09062   0.06170
  56.600    -0.00004   0.09066   0.06154
  56.650    -0.00004   0.09069   0.06138
  56.700    -0.00004   0.09072   0.06121
  56.750    -0.00004   0.09076   0.06105
  56.800    -0.00004   0.09079   0.06088
  56.850    -0.00004   0.09083   0.06072
  56.900    -0.00003   0.09087   0.06055
  56.950    -0.00003   0.09090   0.06038
  57.000    -0.00003   0.09094   0.06021
  57.050    -0.00003   0.09098   0.06004
  57.100    -0.00003   0.09102   0.05987
  57.150    -0.00003   0.09106   0.05969
  57.200    -0.00003   0.09110   0.05952
  57.250    -0.00003   0.09114   0.05935
  57.300    -0.00003   0.09118   0.05917
  57.350    -0.00002   0.09122   0.05899
  57.400    -0.00002   0.09127   0.05881
  57.450    -0.00002   0.09131   0.05864
  57.500    -0.00002   0.09135   0.05846
  57.550    -0.00002   0.09140   0.05827
  57.600    -0.00002   0.09144   0.05809
  57.650    -0.00002   0.09149   0.05791
  57.700    -0.00001   0.09153   0.05773
  57.750    -0.00001   0.09158   0.05754
  57.800    -0.00001   0.09162   0.05736
  57.850    -0.00001   0.09167   0.05717
  57.900    -0.00001   0.09172   0.05699
  57.950    -0.00001   0.09177   0.05680
  58.000    -0.00001   0.09181   0.05661
  58.050    -0.00000   0.09186   0.05642
  58.100    -0.00000   0.09191   0.05624
  58.150    -0.00000   0.09196   0.05605
  58.200     0.00000   0.09201   0.05586
  58.250     0.00000   0.09205   0.05567
  58.300     0.00000   0.09210   0.05547
  58.350     0.00001   0.09215   0.05528
  58.400     0.00001   0.09220   0.05509
  58.450     0.00001   0.09225   0.05490
  58.500     0.00001   0.09230   0.05471
  58.550     0.00001   0.09235   0.05451
  58.600     0.00001   0.09240   0.05432
  58.650     0.00001   0.09245   0.05413
  58.700     0.00002   0.09250   0.05394
  58.750     0.00002   0.09255   0.05374
  58.800     0.00002   0.09260   0.05355
  58.850     0.00002   0.09264   0.05335
  58.900     0.00002   0.09269   0.05316
  58.950     0.00002   0.09274   0.05297
  59.000     0.00002   0.09279   0.05277
  59.050     0.00002   0.09284   0.05258
  59.100     0.00003   0.09289   0.05239
  59.150     0.00003   0.09294   0.05219
  59.200     0.00003   0.09298   0.05200
  59.250     0.00003   0.09303   0.05181
  59.300     0.00003   0.09308   0.05161
  59.350     0.00003   0.09312   0.05142
  59.400     0.00003   0.09317   0.05123
  59.450     0.00003   0.09322   0.05103
  59.500     0.00003   0.09326   0.05084
  59.550     0.00004   0.09331   0.05065
  59.600     0.00004   0.09335   0.05046
  59.650     0.00004   0.09340   0.05027
  59.700     0.00004   0.09344   0.05008
  59.750     0.00004   0.09348   0.04989
  59.800     0.00004   0.09353   0.04970
  59.850     0.00004   0.09357   0.04951
  59.900     0.00004   0.09361   0.04932
  59.950     0.00004   0.09365   0.04913
  60.000     0.00004   0.09369   0.04895
  60.050     0.00004   0.09373   0.04876
  60.100     0.00004   0.09377   0.04857
  60.150     0.00004   0.09381   0.04839
  60.200     0.00004   0.09385   0.04820
  60.250     0.00004   0.09389   0.04802
  60.300     0.00004   0.09392   0.04783
  60.350     0.00004   0.09396   0.04765
  60.400     0.00004   0.09399   0.04747
  60.450     0.00004   0.09403   0.04729
  60.500     0.00004   0.09406   0.04711
  60.550     0.00004   0.09410   0.04693
  60.600     0.00004   0.09413   0.04675
  60.650     0.00004   0.09416   0.04657
  60.700     0.00004   0.09419   0.04639
  60.750     0.00004   0.09422   0.04622
  60.800     0.00004   0.09425   0.04604
  60.850     0.00004   0.09428   0.04587
  60.900     0.00004   0.09431   0.04569
  60.950     0.00004   0.09434   0.04552
  61.000     0.00004   0.09437   0.04535
  61.050     0.00004   0.09439   0.04517
  61.100     0.00004   0.09442   0.04500
  61.150     0.00004   0.09444   0.04483
  61.200     0.00004   0.09447   0.04466
  61.250     0.00004   0.09449   0.04450
  61.300     0.00004   0.09451   0.04433
  61.350     0.00004   0.09453   0.04416
  61.400     0.00004   0.09455   0.04400
  61.450     0.00004   0.09457   0.04383
  61.500     0.00004   0.09459   0.04367
  61.550     0.00004   0.09461   0.04350
  61.600     0.00003   0.09463   0.04334
  61.650     0.00003   0.09465   0.04318
  61.700     0.00003   0.09467   0.04302
  61.750     0.00003   0.09468   0.04286
  61.800     0.00003   0.09470   0.04270
  61.850     0.00003   0.09471   0.04254
  61.900     0.00003   0.09473   0.04238
  61.950     0.00003   0.09474   0.04223
  62.000     0.00003   0.09475   0.04207
  62.050     0.00002   0.09477   0.04191
  62.100     0.00002   0.09478   0.04176
  62.150     0.00002   0.09479   0.04160
  62.200     0.00002   0.09480   0.04145
  62.250     0.00002   0.09481   0.04130
  62.300     0.00002   0.09482   0.04114
  62.350     0.00002   0.09483   0.04099
  62.400     0.00002   0.09484   0.04084
  62.450     0.00001   0.09485   0.04069
  62.500     0.00001   0.09485   0.04054
  62.550     0.00001   0.09486   0.04039
  62.600     0.00001   0.09487   0.04024
  62.650     0.00001   0.09488   0.04009
  62.700     0.00001   0.09488   0.03994
  62.750     0.00001   0.09489   0.03979
  62.800     0.00001   0.09489   0.03964
  62.850     0.00000   0.09490   0.03950
  62.900     0.00000   0.09491   0.03935
  62.950     0.00000   0.09491   0.03920
  63.000    -0.00000   0.09491   0.03905
  63.050    -0.00000   0.09492   0.03891
  63.100    -0.00000   0.09492   0.03876
  63.150    -0.00000   0.09493   0.03861
  63.200    -0.00001   0.09493   0.03847
  63.250    -0.00001   0.09494   0.03832
  63.300    -0.00001   0.09494   0.03817
  63.350    -0.00001   0.09494   0.03803
  63.400    -0.00001   0.09495   0.03788
  63.450    -0.00001   0.09495   0.03774
  63.500    -0.00001   0.09495   0.03759
  63.550    -0.00001   0.09496   0.03744
  63.600    -0.00002   0.09496   0.03730
  63.650    -0.00002   0.09496   0.03715
  63.700    -0.00002   0.09497   0.03700
  63.750    -0.00002   0.09497   0.03686
  63.800    -0.00002   0.09498   0.03671
  63.850    -0.00002   0.09498   0.03656
  63.900    -0.00002   0.09498   0.03642
  63.950    -0.00002   0.09499   0.03627
  64.000    -0.00003   0.09499   0.03612
  64.050    -0.00003   0.09500   0.03597
  64.100    -0.00003   0.09500   0.03582
  64.150    -0.00003   0.09501   0.03567
  64.200    -0.00003   0.09501   0.03552
  64.250    -0.00003   0.09502   0.03537
  64.300    -0.00003   0.09502   0.03522
  64.350    -0.00003   0.09503   0.03507
  64.400    -0.00003   0.09504   0.03492
  64.450    -0.00003   0.09505   0.03477
  64.500    -0.00004   0.09505   0.03461
  64.550    -0.00004   0.09506   0.03446
  64.600    -0.00004   0.09507   0.03430
  64.650    -0.00004   0.09508   0.03415
  64.700    -0.00004   0.09509   0.03399
  64.750    -0.00004   0.09510   0.03384
  64.800    -0.00004   0.09511   0.03368
  64.850    -0.00004   0.09512   0.03352
  64.900    -0.00004   0.09513   0.03336
  64.950    -0.00004   0.09514   0.03320
  65.000    -0.00004   0.09515   0.03304
  65.050    -0.00004   0.09517   0.03288
  65.100    -0.00004   0.09518   0.03272
  65.150    -0.00004   0.09519   0.03256
  65.200    -0.00004   0.09521   0.03240
  65.250    -0.00004   0.09522   0.03223
  65.300    -0.00004   0.09524   0.03207
  65.350    -0.00004   0.09526   0.03190
  65.400    -0.00004   0.09527   0.03173
  65.450    -0.00004   0.09529   0.03156
  65.500    -0.00004   0.09531   0.03139
  65.550    -0.00004   0.09533   0.03122
  65.600    -0.00004   0.09535   0.03105
  65.650    -0.00004   0.09537   0.03088
  65.700    -0.00004   0.09539   0.03071
  65.750    -0.00004   0.09541   0.03053
  65.800    -0.00004   0.09543   0.03036
  65.850    -0.00004   0.09545   0.03018
  65.900    -0.00004   0.09548   0.03001
  65.950    -0.00004   0.09550   0.02983
  66.000    -0.00004   0.09553   0.02965
  66.050    -0.00004   0.09555   0.02947
  66.100    -0.00004   0.09558   0.02929
  66.150    -0.00004   0.09560   0.02911
  66.200    -0.00004   0.09563   0.02893
  66.250    -0.00004   0.09566   0.02874
  66.300    -0.00004   0.09569   0.02856
  66.350    -0.00004   0.09572   0.02837
  66.400    -0.00004   0.09575   0.02818
  66.450    -0.00004   0.09578   0.02800
  66.500    -0.00004   0.09581   0.02781
  66.550    -0.00004   0.09584   0.02762
  66.600    -0.00003   0.09587   0.02743
  66.650    -0.00003   0.09591   0.02724
  66.700    -0.00003   0.09594   0.02704
  66.750    -0.00003   0.09597   0.02685
  66.800    -0.00003   0.09601   0.02666
  66.850    -0.00003   0.09604   0.02646
  66.900    -0.00003   0.09608   0.02627
  66.950    -0.00003   0.09611   0.02607
  67.000    -0.00003   0.09615   0.02587
  67.050    -0.00003   0.09619   0.02567
  67.100    -0.00003   0.09623   0.02547
  67.150    -0.00002   0.09626   0.02527
  67.200    -0.00002   0.09630   0.02507
  67.250    -0.00002   0.09634   0.02487
  67.300    -0.00002   0.09638   0.02467
  67.350    -0.00002   0.09642   0.02446
  67.400    -0.00002   0.09646   0.02426
  67.450    -0.00002   0.09650   0.02406
  67.500    -0.00002   0.09654   0.02385
  67.550    -0.00002   0.09659   0.02365
  67.600    -0.00001   0.09663   0.02344
  67.650    -0.00001   0.09667   0.02323
  67.700    -0.00001   0.09671   0.02302
  67.750    -0.00001   0.09676   0.02282
  67.800    -0.00001   0.09680   0.02261
  67.850    -0.00001   0.09684   0.02240
  67.900    -0.00001   0.09689   0.02219
  67.950    -0.00001   0.09693   0.02198
  68.000    -0.00000   0.09697   0.02177
  68.050    -0.00000   0.09702   0.02156
  68.100    -0.00000   0.09706   0.02135
  68.150    -0.00000   0.09711   0.02114
  68.200     0.00000   0.09715   0.02092
  68.250     0.00000   0.09720   0.02071
  68.300     0.00000   0.09724   0.02050
  68.350     0.00000   0.09728   0.02029
  68.400     0.00001   0.09733   0.02007
  68.450     0.00001   0.09737   0.01986
  68.500     0.00001   0.09742   0.01965
  68.550     0.00001   0.09746   0.01943
  68.600     0.00001   0.09751   0.01922
  68.650     0.00001   0.09755   0.01901
  68.700     0.00001   0.09760   0.01879
  68.750     0.00001   0.09764   0.01858
  68.800     0.00002   0.09769   0.01837
  68.850     0.00002   0.09773   0.01815
  68.900     0.00002   0.09778   0.01794
  68.950     0.00002   0.09782   0.01772
  69.000     0.00002   0.09786   0.01751
  69.050     0.00002   0.09791   0.01730
  69.100     0.00002   0.09795   0.01709
  69.150     0.00002   0.09799   0.01687
  69.200     0.00002   0.09804   0.01666
  69.250     0.00003   0.09808   0.01645
  69.300     0.00003   0.09812   0.01624
  69.350     0.00003   0.09816   0.01602
  69.400     0.00003   0.09820   0.01581
  69.450     0.00003   0.09825   0.01560
  69.500     0.00003   0.09829   0.01539
  69.550     0.00003   0.09833   0.01518
  69.600     0.00003   0.09837   0.01497
  69.650     0.00003   0.09841   0.01476
  69.700     0.00003   0.09845   0.01455
  69.750     0.00003   0.09848   0.01434
  69.800     0.00003   0.09852   0.01413
  69.850     0.00004   0.09856   0.01393
  69.900     0.00004   0.09860   0.01372
  69.950     0.00004   0.09863   0.01351
  70.000     0.00004   0.09867   0.01331
  70.050     0.00004   0.09871   0.01310
  70.100     0.00004   0.09874   0.01290
  70.150     0.00004   0.09878   0.01269
  70.200     0.00004   0.09881   0.01249
  70.250     0.00004   0.09884   0.01229
  70.300     0.00004   0.09888   0.01209
  70.350     0.00004   0.09891   0.01188
  70.400     0.00004   0.09894   0.01168
  70.450     0.00004   0.09897   0.01148
  70.500     0.00004   0.09900   0.01129
  70.550     0.00004   0.09903   0.01109
  70.600     0.00004   0.09906   0.01089
  70.650     0.00004   0.09909   0.01069
  70.700     0.00004   0.09912   0.01050
  70.750     0.00004   0.09914   0.01030
  70.800     0.00004   0.09917   0.01011
  70.850     0.00004   0.09919   0.00991
  70.900     0.00004   0.09922   0.00972
  70.950     0.00004   0.09924   0.00953
  71.000     0.00004   0.09927   0.00934
  71.050     0.00004   0.09929   0.00915
  71.100     0.00004   0.09931   0.00896
  71.150     0.00004   0.09933   0.00877
  71.200     0.00004   0.09935   0.00858
  71.250     0.00004   0.09937   0.00840
  71.300     0.00004   0.09939   0.00821
  71.350     0.00004   0.09941   0.00803
  71.400     0.00004   0.09943   0.00784
  71.450     0.00004   0.09945   0.00766
  71.500     0.00004   0.09946   0.00748
  71.550     0.00004   0.09948   0.00730
  71.600     0.00004   0.09950   0.00712
  71.650     0.00004   0.09951   0.00694
  71.700     0.00004   0.09952   0.00676
  71.750     0.00004   0.09954   0.00658
  71.800     0.00004   0.09955   0.00640
  71.850     0.00004   0.09956   0.00623
  71.900     0.00004   0.09957   0.00605
  71.950     0.00004   0.09958   0.00588
  72.000     0.00003   0.09959   0.00570
  72.050     0.00003   0.09960   0.00553
  72.100     0.00003   0.09961   0.00536
  72.150     0.00003   0.09962   0.00519
  72.200     0.00003   0.09963   0.00502
  72.250     0.00003   0.09963   0.00485
  72.300     0.00003   0.09964   0.00468
  72.350     0.00003   0.09965   0.00451
  72.400     0.00003   0.09965   0.00434
  72.450     0.00003   0.09965   0.00417
  72.500     0.00003   0.09966   0.00401
  72.550     0.00003   0.09966   0.00384
  72.600     0.00002   0.09967   0.00368
  72.650     0.00002   0.09967   0.00351
  72.700     0.00002   0.09967   0.00335
  72.750     0.00002   0.09967   0.00319
  72.800     0.00002   0.09967   0.00303
  72.850     0.00002   0.09967   0.00287
  72.900     0.00002   0.09967   0.00270
  72.950     0.00002   0.09967   0.00254
  73.000     0.00002   0.09967   0.00238
  73.050     0.00002   0.09967   0.00223
  73.100     0.00001   0.09967   0.00207
  73.150     0.00001   0.09967   0.00191
  73.200     0.00001   0.09967   0.00175
  73.250     0.00001   0.09966   0.00159
  73.300     0.00001   0.09966   0.00144
  73.350     0.00001   0.09966   0.00128
  73.400     0.00001   0.09965   0.00112
  73.450     0.00001   0.09965   0.00097
  73.500     0.00001   0.09965   0.00081
  73.550     0.00000   0.09964   0.00066
  73.600     0.00000   0.09964   0.00050
  73.650     0.00000   0.09963   0.00035
  73.700     0.00000   0.09963   0.00019
  73.750    -0.00000   0.09962   0.00004
  73.800    -0.00000   0.09962  -0.00011
  73.850    -0.00000   0.09961  -0.00027
  73.900    -0.00000   0.09961  -0.00042
  73.950    -0.00000   0.09960  -0.00057
  74.000    -0.00001   0.09960  -0.00073
  74.050    -0.00001   0.09959  -0.00088
  74.100    -0.00001   0.09959  -0.00103
  74.150    -0.00001   0.09958  -0.00119
  74.200    -0.00001   0.09958  -0.00134
  74.250    -0.00001   0.09957  -0.00149
  74.300    -0.00001   0.09957  -0.00165
  74.350    -0.00001   0.09956  -0.00180
  74.400    -0.00001   0.09955  -0.00195
  74.450    -0.00002   0.09955  -0.00211
  74.500    -0.00002   0.09954  -0.00226
  74.550    -0.00002   0.09954  -0.00241
  74.600    -0.00002   0.09954  -0.00257
  74.650    -0.00002   0.09953  -0.00272
  74.700    -0.00002   0.09953  -0.00287
  74.750    -0.00002   0.09952  -0.00303
  74.800    -0.00002   0.09952  -0.00318
  74.850    -0.00002   0.09951  -0.00334
  74.900    -0.00002   0.09951  -0.00349
  74.950    -0.00003   0.09951  -0.00365
  75.000    -0.00003   0.09951  -0.00380
  75.050    -0.00003   0.09950  -0.00396
  75.100    -0.00003   0.09950  -0.00412
  75.150    -0.00003   0.09950  -0.00428
  75.200    -0.00003   0.09950  -0.00443
  75.250    -0.00003   0.09950  -0.00459
  75.300    -0.00003   0.09949  -0.00475
  75.350    -0.00003   0.09949  -0.00491
  75.400    -0.00003   0.09949  -0.00507
  75.450    -0.00003   0.09949  -0.00523
  75.500    -0.00003   0.09950  -0.00539
  75.550    -0.00003   0.09950  -0.00555
  75.600    -0.00003   0.09950  -0.00571
  75.650    -0.00004   0.09950  -0.00587
  75.700    -0.00004   0.09950  -0.00604
  75.750    -0.00004   0.09951  -0.00620
  75.800    -0.00004   0.09951  -0.00636
  75.850    -0.00004   0.09951  -0.00653
  75.900    -0.00004   0.09952  -0.00670
  75.950    -0.00004   0.09952  -0.00686
  76.000    -0.00004   0.09953  -0.00703
  76.050    -0.00004   0.09954  -0.00720
  76.100    -0.00004   0.09954  -0.00736
  76.150    -0.00004   0.09955  -0.00753
  76.200    -0.00004   0.09956  -0.00770
  76.250    -0.00004   0.09957  -0.00787
  76.300    -0.00004   0.09957  -0.00805
  76.350    -0.00004   0.09958  -0.00822
  76.400    -0.00004   0.09959  -0.00839
  76.450    -0.00004   0.09961  -0.00856
  76.500    -0.00004   0.09962  -0.00874
  76.550    -0.00004   0.09963  -0.00891
  76.600    -0.00004   0.09964  -0.00909
  76.650    -0.00004   0.09965  -0.00927
  76.700    -0.00004   0.09967  -0.00945
  76.750    -0.00004   0.09968  -0.00962
  76.800    -0.00004   0.09970  -0.00980
  76.850    -0.00004   0.09971  -0.00998
  76.900    -0.00004   0.09973  -0.01017
  76.950    -0.00004   0.09975  -0.01035
  77.000    -0.00004   0.09976  -0.01053
  77.050    -0.00004   0.09978  -0.01071
  77.100    -0.00004   0.09980  -0.01090
  77.150    -0.00004   0.09982  -0.01108
  77.200    -0.00004   0.09984  -0.01127
  77.250    -0.00004   0.09986  -0.01146
  77.300    -0.00004   0.09988  -0.01165
  77.350    -0.00004   0.09990  -0.01184
  77.400    -0.00004   0.09993  -0.01203
  77.450    -0.00004   0.09995  -0.01222
  77.500    -0.00004   0.09997  -0.01241
  77.550    -0.00004   0.10000  -0.01260
  77.600    -0.00004   0.10002  -0.01279
  77.650    -0.00004   0.10005  -0.01299
  77.700    -0.00004   0.10007  -0.01318
  77.750    -0.00004   0.10010  -0.01338
  77.800    -0.00004   0.10013  -0.01357
  77.850    -0.00003   0.10015  -0.01377
  77.900    -0.00003   0.10018  -0.01397
  77.950    -0.00003   0.10021  -0.01417
  78.000    -0.00003   0.10024  -0.01436
  78.050    -0.00003   0.10027  -0.01456
  78.100    -0.00003   0.10030  -0.01477
  78.150    -0.00003   0.10033  -0.01497
  78.200    -0.00003   0.10036  -0.01517
  78.250    -0.00003   0.10040  -0.01537
  78.300    -0.00003   0.10043  -0.01558
  78.350    -0.00003   0.10046  -0.01578
  78.400    -0.00003   0.10049  -0.01598
  78.450    -0.00003   0.10053  -0.01619
  78.500    -0.00003   0.10056  -0.01640
  78.550    -0.00002   0.10060  -0.01660
  78.600    -0.00002   0.10063  -0.01681
  78.650    -0.00002   0.10067  -0.01702
  78.700    -0.00002   0.10070  -0.01723
  78.750    -0.00002   0.10074  -0.01744
  78.800    -0.00002   0.10077  -0.01765
  78.850    -0.00002   0.10081  -0.01786
  78.900    -0.00002   0.10085  -0.01807
  78.950    -0.00002   0.10089  -0.01828
  79.000    -0.00002   0.10092  -0.01849
  79.050    -0.00002   0.10096  -0.01870
  79.100    -0.00001   0.10100  -0.01891
  79.150    -0.00001   0.10104  -0.01913
  79.200    -0.00001   0.10108  -0.01934
  79.250    -0.00001   0.10112  -0.01955
  79.300    -0.00001   0.10115  -0.01977
  79.350    -0.00001   0.10119  -0.01998
  79.400    -0.00001   0.10123  -0.02019
  79.450    -0.00001   0.10127  -0.02041
  79.500    -0.00001   0.10131  -0.02062
  79.550    -0.00001   0.10135  -0.02084
  79.600    -0.00000   0.10139  -0.02105
  79.650    -0.00000   0.10143  -0.02127
  79.700    -0.00000   0.10147  -0.02148
  79.750    -0.00000   0.10151  -0.02170
  79.800    -0.00000   0.10155  -0.02192
  79.850     0.00000   0.10159  -0.02213
  79.900     0.00000   0.10163  -0.02235
  79.950     0.00000   0.10167  -0.02256
  80.000     0.00000   0.10171  -0.02278
  80.050     0.00001   0.10175  -0.02300
  80.100     0.00001   0.10180  -0.02321
  80.150     0.00001   0.10184  -0.02343
  80.200     0.00001   0.10188  -0.02365
  80.250     0.00001   0.10192  -0.02386
  80.300     0.00001   0.10196  -0.02408
  80.350     0.00001   0.10199  -0.02429
  80.400     0.00001   0.10203  -0.02451
  80.450     0.00001   0.10207  -0.02472
  80.500     0.00001   0.10211  -0.02494
  80.550     0.00001   0.10215  -0.02515
  80.600     0.00002   0.10219  -0.02537
  80.650     0.00002   0.10223  -0.02558
  80.700     0.00002   0.10227  -0.02580
  80.750     0.00002   0.10231  -0.02601
  80.800     0.00002   0.10234  -0.02623
  80.850     0.00002   0.10238  -0.02644
  80.900     0.00002   0.10242  -0.02665
  80.950     0.00002   0.10246  -0.02686
  81.000     0.00002   0.10249  -0.02708
  81.050     0.00002   0.10253  -0.02729
  81.100     0.00002   0.10256  -0.02750
  81.150     0.00003   0.10260  -0.02771
  81.200     0.00003   0.10263  -0.02792
  81.250     0.00003   0.10267  -0.02813
  81.300     0.00003   0.10270  -0.02834
  81.350     0.00003   0.10274  -0.02855
  81.400     0.00003   0.10277  -0.02876
  81.450     0.00003   0.10280  -0.02896
  81.500     0.00003   0.10284  -0.02917
  81.550     0.00003   0.10287  -0.02938
  81.600     0.00003   0.10290  -0.02958
  81.650     0.00003   0.10293  -0.02979
  81.700     0.00003   0.10296  -0.02999
  81.750     0.00003   0.10299  -0.03020
  81.800     0.00003   0.10302  -0.03040
  81.850     0.00003   0.10305  -0.03060
  81.900     0.00004   0.10308  -0.03080
  81.950     0.00004   0.10310  -0.03101
  82.000     0.00004   0.10313  -0.03121
  82.050     0.00004   0.10316  -0.03141
  82.100     0.00004   0.10318  -0.03160
  82.150     0.00004   0.10321  -0.03180
  82.200     0.00004   0.10323  -0.03200
  82.250     0.00004   0.10326  -0.03219
  82.300     0.00004   0.10328  -0.03239
  82.350     0.00004   0.10330  -0.03258
  82.400     0.00004   0.10333  -0.03278
  82.450     0.00004   0.10335  -0.03297
  82.500     0.00004   0.10337  -0.03316
  82.550     0.00004   0.10339  -0.03335
  82.600     0.00004   0.10341  -0.03354
  82.650     0.00004   0.10343  -0.03373
  82.700     0.00004   0.10345  -0.03392
  82.750     0.00004   0.10346  -0.03411
  82.800     0.00004   0.10348  -0.03430
  82.850     0.00004   0.10350  -0.03448
  82.900     0.00004   0.10351  -0.03467
  82.950     0.00004   0.10353  -0.03485
  83.000     0.00004   0.10354  -0.03503
  83.050     0.00004   0.10356  -0.03522
  83.100     0.00004   0.10357  -0.03540
  83.150     0.00004   0.10358  -0.03558
  83.200     0.00004   0.10359  -0.03576
  83.250     0.00004   0.10360  -0.03593
  83.300     0.00004   0.10361  -0.03611
  83.350     0.00004   0.10362  -0.03629
  83.400     0.00004   0.10363  -0.03646
  83.450     0.00004   0.10364  -0.03664
  83.500     0.00004   0.10365  -0.03681
  83.550     0.00004   0.10366  -0.03698
  83.600     0.00004   0.10366  -0.03715
  83.650     0.00004   0.10367  -0.03732
  83.700     0.00004   0.10367  -0.03749
  83.750     0.00004   0.10368  -0.03766
  83.800     0.00004   0.10368  -0.03783
  83.850     0.00004   0.10368  -0.03800
  83.900     0.00004   0.10368  -0.03816
  83.950     0.00004   0.10369  -0.03833
  84.000     0.00004   0.10369  -0.03849
  84.050     0.00004   0.10369  -0.03866
  84.100     0.00004   0.10369  -0.03882
  84.150     0.00004   0.10369  -0.03898
  84.200     0.00003   0.10368  -0.03914
  84.250     0.00003   0.10368  -0.03930
  84.300     0.00003   0.10368  -0.03946
  84.350     0.00003   0.10368  -0.03962
  84.400     0.00003   0.10367  -0.03977
  84.450     0.00003   0.10367  -0.03993
  84.500     0.00003   0.10366  -0.04008
  84.550     0.00003   0.10366  -0.04024
  84.600     0.00003   0.10365  -0.04039
  84.650     0.00003   0.10364  -0.04054
  84.700     0.00003   0.10364  -0.04070
  84.750     0.00003   0.10363  -0.04085
  84.800     0.00003   0.10362  -0.04100
  84.850     0.00003   0.10361  -0.04115
  84.900     0.00003   0.10360  -0.04130
  84.950     0.00003   0.10359  -0.04144
  85.000     0.00002   0.10358  -0.04159
  85.050     0.00002   0.10357  -0.04174
  85.100     0.00002   0.10356  -0.04188
  85.150     0.00002   0.10355  -0.04203
  85.200     0.00002   0.10354  -0.04217
  85.250     0.00002   0.10353  -0.04232
  85.300     0.00002   0.10351  -0.04246
  85.350     0.00002   0.10350  -0.04260
  85.400     0.00002   0.10349  -0.04275
  85.450     0.00002   0.10347  -0.04289
  85.500     0.00002   0.10346  -0.04303
  85.550     0.00002   0.10345  -0.04317
  85.600     0.00002   0.10343  -0.04331
  85.650     0.00001   0.10342  -0.04345
  85.700     0.00001   0.10340  -0.04359
  85.750     0.00001   0.10339  -0.04373
  85.800     0.00001   0.10337  -0.04387
  85.850     0.00001   0.10335  -0.04400
  85.900     0.00001   0.10334  -0.04414
  85.950     0.00001   0.10332  -0.04428
  86.000     0.00001   0.10330  -0.04441
  86.050     0.00001   0.10329  -0.04455
  86.100     0.00001   0.10327  -0.04468
  86.150     0.00001   0.10325  -0.04482
  86.200     0.00000   0.10324  -0.04495
  86.250     0.00000   0.10322  -0.04509
  86.300     0.00000   0.10320  -0.04522
  86.350     0.00000   0.10318  -0.04536
  86.400     0.00000   0.10317  -0.04549
  86.450    -0.00000   0.10315  -0.04563
  86.500    -0.00000   0.10313  -0.04576
  86.550    -0.00000   0.10311  -0.04589
  86.600    -0.00000   0.10310  -0.04603
  86.650    -0.00000   0.10308  -0.04616
  86.700    -0.00000   0.10306  -0.04629
  86.750    -0.00001   0.10304  -0.04642
  86.800    -0.00001   0.10303  -0.04656
  86.850    -0.00001   0.10301  -0.04669
  86.900    -0.00001   0.10299  -0.04682
  86.950    -0.00001   0.10297  -0.04696
  87.000    -0.00001   0.10296  -0.04709
  87.050    -0.00001   0.10294  -0.04722
  87.100    -0.00001   0.10292  -0.04735
  87.150    -0.00001   0.10290  -0.04749
  87.200    -0.00001   0.10289  -0.04762
  87.250    -0.00001   0.10287  -0.04775
  87.300    -0.00002   0.10285  -0.04788
  87.350    -0.00002   0.10284  -0.04802
  87.400    -0.00002   0.10282  -0.04815
  87.450    -0.00002   0.10281  -0.04828
  87.500    -0.00002   0.10279  -0.04842
  87.550    -0.00002   0.10278  -0.04855
  87.600    -0.00002   0.10276  -0.04869
  87.650    -0.00002   0.10275  -0.04882
  87.700    -0.00002   0.10273  -0.04895
  87.750    -0.00002   0.10272  -0.04909
  87.800    -0.00002   0.10270  -0.04922
  87.850    -0.00002   0.10269  -0.04936
  87.900    -0.00002   0.10268  -0.04950
  87.950    -0.00003   0.10267  -0.04963
  88.000    -0.00003   0.10265  -0.04977
  88.050    -0.00003   0.10264  -0.04990
  88.100    -0.00003   0.10263  -0.05004
  88.150    -0.00003   0.10262  -0.05018
  88.200    -0.00003   0.10261  -0.05032
  88.250    -0.00003   0.10260  -0.05046
  88.300    -0.00003   0.10259  -0.05059
  88.350    -0.00003   0.10258  -0.05073
  88.400    -0.00003   0.10257  -0.05087
  88.450    -0.00003   0.10256  -0.05101
  88.500    -0.00003   0.10255  -0.05116
  88.550    -0.00003   0.10255  -0.05130
  88.600    -0.00003   0.10254  -0.05144
  88.650    -0.00003   0.10253  -0.05158
  88.700    -0.00003   0.10253  -0.05172
  88.750    -0.00003   0.10252  -0.05187
  88.800    -0.00004   0.10252  -0.05201
  88.850    -0.00004   0.10251  -0.05216
  88.900    -0.00004   0.10251  -0.05230
  88.950    -0.00004   0.10251  -0.05245
  89.000    -0.00004   0.10250  -0.05259
  89.050    -0.00004   0.10250  -0.05274
  89.100    -0.00004   0.10250  -0.05289
  89.150    -0.00004   0.10250  -0.05304
  89.200    -0.00004   0.10250  -0.05319
  89.250    -0.00004   0.10250  -0.05334
  89.300    -0.00004   0.10250  -0.05349
  89.350    -0.00004   0.10250  -0.05364
  89.400    -0.00004   0.10250  -0.05379
  89.450    -0.00004   0.10250  -0.05394
  89.500    -0.00004   0.10251  -0.05409
  89.550    -0.00004   0.10251  -0.05425
  89.600    -0.00004   0.10252  -0.05440
  89.650    -0.00004   0.10252  -0.05456
  89.700    -0.00004   0.10253  -0.05471
  89.750    -0.00004   0.10253  -0.05487
  89.800    -0.00004   0.10254  -0.05503
  89.850    -0.00004   0.10255  -0.05519
  89.900    -0.00004   0.10256  -0.05534
  89.950    -0.00004   0.10256  -0.05550
  90.000    -0.00004   0.10257  -0.05566
  90.050    -0.00004   0.10258  -0.05582
  90.100    -0.00004   0.10259  -0.05599
  90.150    -0.00004   0.10261  -0.05615
  90.200    -0.00004   0.10262  -0.05631
  90.250    -0.00004   0.10263  -0.05648
  90.300    -0.00004   0.10264  -0.05664
  90.350    -0.00004   0.10266  -0.05681
  90.400    -0.00004   0.10267  -0.05697
  90.450    -0.00004   0.10269  -0.05714
  90.500    -0.00004   0.10270  -0.05731
  90.550    -0.00004   0.10272  -0.05747
  90.600    -0.00004   0.10273  -0.05764
  90.650    -0.00004   0.10275  -0.05781
  90.700    -0.00004   0.10277  -0.05798
  90.750    -0.00004   0.10279  -0.05815
  90.800    -0.00004   0.10281  -0.05833
  90.850    -0.00004   0.10283  -0.05850
  90.900    -0.00004   0.10285  -0.05867
  90.950    -0.00004   0.10287  -0.05884
  91.000    -0.00004   0.10289  -0.05902
  91.050    -0.00004   0.10291  -0.05919
  91.100    -0.00004   0.10293  -0.05937
  91.150    -0.00004   0.10296  -0.05955
  91.200    -0.00004   0.10298  -0.05972
  91.250    -0.00003   0.10300  -0.05990
  91.300    -0.00003   0.10303  -0.06008
  91.350    -0.00003   0.10305  -0.06026
  91.400    -0.00003   0.10308  -0.06044
  91.450    -0.00003   0.10311  -0.06062
  91.500    -0.00003   0.10313  -0.06080
  91.550    -0.00003   0.10316  -0.06098
  91.600    -0.00003   0.10319  -0.06116
  91.650    -0.00003   0.10321  -0.06134
  91.700    -0.00003   0.10324  -0.06153
  91.750    -0.00003   0.10327  -0.06171
  91.800    -0.00003   0.10330  -0.06190
  91.850    -0.00003   0.10333  -0.06208
  91.900    -0.00003   0.10336  -0.06226
  91.950    -0.00003   0.10339  -0.06245
  92.000    -0.00003   0.10342  -0.06264
  92.050    -0.00003   0.10345  -0.06282
  92.100    -0.00003   0.10349  -0.06301
  92.150    -0.00003   0.10352  -0.06320
  92.200    -0.00002   0.10355  -0.06338
  92.250    -0.00002   0.10358  -0.06357
  92.300    -0.00002   0.10362  -0.06376
  92.350    -0.00002   0.10365  -0.06395
  92.400    -0.00002   0.10368  -0.06414
  92.450    -0.00002   0.10372  -0.06433
  92.500    -0.00002   0.10375  -0.06452
  92.550    -0.00002   0.10379  -0.06471
  92.600    -0.00002   0.10382  -0.06490
  92.650    -0.00002   0.10386  -0.06509
  92.700    -0.00002   0.10389  -0.06528
  92.750    -0.00002   0.10393  -0.06547
  92.800    -0.00002   0.10396  -0.06566
  92.850    -0.00002   0.10400  -0.06586
  92.900    -0.00001   0.10404  -0.06605
  92.950    -0.00001   0.10407  -0.06624
  93.000    -0.00001   0.10411  -0.06643
  93.050    -0.00001   0.10415  -0.06662
  93.100    -0.00001   0.10418  -0.06682
  93.150    -0.00001   0.10422  -0.06701
  93.200    -0.00001   0.10426  -0.06720
  93.250    -0.00001   0.10429  -0.06739
  93.300    -0.00001   0.10433  -0.06759
  93.350    -0.00001   0.10437  -0.06778
  93.400    -0.00001   0.10440  -0.06797
  93.450    -0.00001   0.10444  -0.06817
  93.500    -0.00000   0.10448  -0.06836
  93.550    -0.00000   0.10452  -0.06855
  93.600    -0.00000   0.10455  -0.06874
  93.650    -0.00000   0.10459  -0.06894
  93.700    -0.00000   0.10463  -0.06913
  93.750    -0.00000   0.10466  -0.06932
  93.800     0.00000   0.10470  -0.06951
  93.850     0.00000   0.10474  -0.06971
  93.900     0.00000   0.10477  -0.06990
  93.950     0.00000   0.10481  -0.07009
  94.000     0.00000   0.10485  -0.07028
  94.050     0.00000   0.10488  -0.07047
  94.100     0.00000   0.10492  -0.07066
  94.150     0.00001   0.10496  -0.07085
  94.200     0.00001   0.10499  -0.07104
  94.250     0.00001   0.10503  -0.07123
  94.300     0.00001   0.10506  -0.07142
  94.350     0.00001   0.10510  -0.07161
  94.400     0.00001   0.10513  -0.07180
  94.450     0.00001   0.10517  -0.07199
  94.500     0.00001   0.10520  -0.07218
  94.550     0.00001   0.10524  -0.07237
  94.600     0.00001   0.10527  -0.07255
  94.650     0.00001   0.10531  -0.07274
  94.700     0.00001   0.10534  -0.07293
  94.750     0.00001   0.10537  -0.07311
  94.800     0.00002   0.10540  -0.07330
  94.850     0.00002   0.10544  -0.07349
  94.900     0.00002   0.10547  -0.07367
  94.950     0.00002   0.10550  -0.07385
  95.000     0.00002   0.10553  -0.07404
  95.050     0.00002   0.10556  -0.07422
  95.100     0.00002   0.10559  -0.07440
  95.150     0.00002   0.10562  -0.07458
  95.200     0.00002   0.10565  -0.07476
  95.250     0.00002   0.10568  -0.07495
  95.300     0.00002   0.10571  -0.07512
  95.350     0.00002   0.10574  -0.07530
  95.400     0.00002   0.10577  -0.07548
  95.450     0.00002   0.10579  -0.07566
  95.500     0.00003   0.10582  -0.07584
  95.550     0.00003   0.10585  -0.07601
  95.600     0.00003   0.10587  -0.07619
  95.650     0.00003   0.10590  -0.07636
  95.700     0.00003   0.10592  -0.07654
  95.750     0.00003   0.10595  -0.07671
  95.800     0.00003   0.10597  -0.07688
  95.850     0.00003   0.10599  -0.07705
  95.900     0.00003   0.10602  -0.07722
  95.950     0.00003   0.10604  -0.07739
  96.000     0.00003   0.10606  -0.07756
  96.050     0.00003   0.10608  -0.07773
  96.100     0.00003   0.10610  -0.07790
  96.150     0.00003   0.10612  -0.07806
  96.200     0.00003   0.10614  -0.07823
  96.250     0.00003   0.10616  -0.07839
  96.300     0.00003   0.10617  -0.07856
  96.350     0.00003   0.10619  -0.07872
  96.400     0.00003   0.10621  -0.07888
  96.450     0.00003   0.10622  -0.07904
  96.500     0.00004   0.10624  -0.07920
  96.550     0.00004   0.10625  -0.07936
  96.600     0.00004   0.10627  -0.07952
  96.650     0.00004   0.10628  -0.07967
  96.700     0.00004   0.10629  -0.07983
  96.750     0.00004   0.10630  -0.07998
  96.800     0.00004   0.10631  -0.08014
  96.850     0.00004   0.10632  -0.08029
  96.900     0.00004   0.10633  -0.08044
  96.950     0.00004   0.10634  -0.08059
  97.000     0.00004   0.10635  -0.08074
  97.050     0.00004   0.10636  -0.08089
  97.100     0.00004   0.10636  -0.08104
  97.150     0.00004   0.10637  -0.08118
  97.200     0.00004   0.10638  -0.08133
  97.250     0.00004   0.10638  -0.08147
  97.300     0.00004   0.10638  -0.08161
  97.350     0.00004   0.10639  -0.08176
  97.400     0.00004   0.10639  -0.08190
  97.450     0.00004   0.10639  -0.08204
  97.500     0.00004   0.10639  -0.08218
  97.550     0.00004   0.10639  -0.08231
  97.600     0.00004   0.10639  -0.08245
  97.650     0.00004   0.10639  -0.08259
  97.700     0.00004   0.10639  -0.08272
  97.750     0.00004   0.10639  -0.08285
  97.800     0.00004   0.10638  -0.08299
  97.850     0.00004   0.10638  -0.08312
  97.900     0.00004   0.10637  -0.08325
  97.950     0.00004   0.10637  -0.08337
  98.000     0.00004   0.10636  -0.08350
  98.050     0.00004   0.10636  -0.08363
  98.100     0.00004   0.10635  -0.08375
  98.150     0.00004   0.10634  -0.08388
  98.200     0.00004   0.10633  -0.08400
  98.250     0.00004   0.10632  -0.08412
  98.300     0.00004   0.10631  -0.08425
  98.350     0.00004   0.10630  -0.08437
  98.400     0.00004   0.10629  -0.08448
  98.450     0.00004   0.10628  -0.08460
  98.500     0.00004   0.10626  -0.08472
  98.550     0.00004   0.10625  -0.08484
  98.600     0.00004   0.10624  -0.08495
  98.650     0.00004   0.10622  -0.08506
  98.700     0.00004   0.10620  -0.08518
  98.750     0.00004   0.10619  -0.08529
  98.800     0.00004   0.10617  -0.08540
  98.850     0.00004   0.10615  -0.08551
  98.900     0.00004   0.10614  -0.08562
  98.950     0.00004   0.10612  -0.08572
  99.000     0.00004   0.10610  -0.08583
  99.050     0.00004   0.10608  -0.08594
  99.100     0.00004   0.10606  -0.08604
  99.150     0.00004   0.10603  -0.08614
  99.200     0.00003   0.10601  -0.08625
  99.250     0.00003   0.10599  -0.08635
  99.300     0.00003   0.10597  -0.08645
  99.350     0.00003   0.10594  -0.08655
  99.400     0.00003   0.10592  -0.08665
  99.450     0.00003   0.10589  -0.08674
  99.500     0.00003   0.10587  -0.08684
  99.550     0.00003   0.10584  -0.08694
  99.600     0.00003   0.10582  -0.08703
  99.650     0.00003   0.10579  -0.08712
  99.700     0.00003   0.10576  -0.08722
  99.750     0.00003   0.10573  -0.08731
  99.800     0.00003   0.10571  -0.08740
  99.850     0.00003   0.10568  -0.08749
  99.900     0.00003   0.10565  -0.08758
  99.950     0.00003   0.10562  -0.08767
 100.000     0.00003   0.10559  -0.08776
 100.050     0.00003   0.10556  -0.08785
 100.100     0.00003   0.10553  -0.08793
 100.150     0.00003   0.10549  -0.08802
 100.200     0.00003   0.10546  -0.08810
 100.250     0.00002   0.10543  -0.08819
 100.300     0.00002   0.10540  -0.08827
 100.350     0.00002   0.10537  -0.08835
 100.400     0.00002   0.10533  -0.08843
 100.450     0.00002   0.10530  -0.08852
 100.500     0.00002   0.10526  -0.08860
 100.550     0.00002   0.10523  -0.08868
 100.600     0.00002   0.10520  -0.08876
 100.650     0.00002   0.10516  -0.08883
 100.700     0.00002   0.10513  -0.08891
 100.750     0.00002   0.10509  -0.08899
 100.800     0.00002   0.10505  -0.08907
 100.850     0.00002   0.10502  -0.08914
 100.900     0.00002   0.10498  -0.08922
 100.950     0.00002   0.10495  -0.08929
 101.000     0.00002   0.10491  -0.08937
 101.050     0.00001   0.10487  -0.08944
 101.100     0.00001   0.10484  -0.08952
 101.150     0.00001   0.10480  -0.08959
 101.200     0.00001   0.10476  -0.08966
 101.250     0.00001   0.10472  -0.08973
 101.300     0.00001   0.10469  -0.08981
 101.350     0.00001   0.10465  -0.08988
 101.400     0.00001   0.10461  -0.08995
 101.450     0.00001   0.10457  -0.09002
 101.500     0.00001   0.10454  -0.09009
 101.550     0.00001   0.10450  -0.09016
 101.600     0.00001   0.10446  -0.09023
 101.650     0.00001   0.10442  -0.09030
 101.700     0.00001   0.10438  -0.09037
 101.750     0.00001   0.10435  -0.09044
 101.800     0.00000   0.10431  -0.09050
 101.850     0.00000   0.10427  -0.09057
 101.900     0.00000   0.10423  -0.09064
 101.950     0.00000   0.10419  -0.09071
 102.000     0.00000   0.10416  -0.09078
 102.050     0.00000   0.10412  -0.09084
 102.100     0.00000   0.10408  -0.09091
 102.150    -0.00000   0.10404  -0.09098
 102.200    -0.00000   0.10401  -0.09104
 102.250    -0.00000   0.10397  -0.09111
 102.300    -0.00000   0.10393  -0.09118
 102.350    -0.00000   0.10390  -0.09124
 102.400    -0.00000   0.10386  -0.09131
 102.450    -0.00000   0.10382  -0.09138
 102.500    -0.00001   0.10379  -0.09144
 102.550    -0.00001   0.10375  -0.09151
 102.600    -0.00001   0.10371  -0.09158
 102.650    -0.00001   0.10368  -0.09164
 102.700    -0.00001   0.10364  -0.09171
 102.750    -0.00001   0.10361  -0.09178
 102.800    -0.00001   0.10357  -0.09184
 102.850    -0.00001   0.10354  -0.09191
 102.900    -0.00001   0.10350  -0.09198
 102.950    -0.00001   0.10347  -0.09204
 103.000    -0.00001   0.10344  -0.09211
 103.050    -0.00001   0.10340  -0.09218
 103.100    -0.00001   0.10337  -0.09225
 103.150    -0.00001   0.10334  -0.09231
 103.200    -0.00001   0.10330  -0.09238
 103.250    -0.00002   0.10327  -0.09245
 103.300    -0.00002   0.10324  -0.09252
 103.350    -0.00002   0.10321  -0.09259
 103.400    -0.00002   0.10318  -0.09266
 103.450    -0.00002   0.10315  -0.09273
 103.500    -0.00002   0.10312  -0.09280
 103.550    -0.00002   0.10309  -0.09287
 103.600    -0.00002   0.10306  -0.09294
 103.650    -0.00002   0.10303  -0.09301
 103.700    -0.00002   0.10300  -0.09308
 103.750    -0.00002   0.10297  -0.09315
 103.800    -0.00002   0.10295  -0.09322
 103.850    -0.00002   0.10292  -0.09329
 103.900    -0.00002   0.10289  -0.09336
 103.950    -0.00002   0.10287  -0.09344
 104.000    -0.00002   0.10284  -0.09351
 104.050    -0.00002   0.10282  -0.09358
 104.100    -0.00003   0.10280  -0.09366
 104.150    -0.00003   0.10277  -0.09373
 104.200    -0.00003   0.10275  -0.09381
 104.250    -0.00003   0.10273  -0.09388
 104.300    -0.00003   0.10271  -0.09396
 104.350    -0.00003   0.10268  -0.09403
 104.400    -0.00003   0.10266  -0.09411
 104.450    -0.00003   0.10264  -0.09419
 104.500    -0.00003   0.10263  -0.09427
 104.550    -0.00003   0.10261  -0.09435
 104.600    -0.00003   0.10259  -0.09442
 104.650    -0.00003   0.10257  -0.09450
 104.700    -0.00003   0.10255  -0.09458
 104.750    -0.00003   0.10254  -0.09467
 104.800    -0.00003   0.10252  -0.09475
 104.850    -0.00003   0.10251  -0.09483
 104.900    -0.00003   0.10249  -0.09491
 104.950    -0.00003   0.10248  -0.09500
 105.000    -0.00003   0.10247  -0.09508
 105.050    -0.00003   0.10246  -0.09516
 105.100    -0.00003   0.10245  -0.09525
 105.150    -0.00003   0.10243  -0.09534
 105.200    -0.00004   0.10242  -0.09542
 105.250    -0.00004   0.10242  -0.09551
 105.300    -0.00004   0.10241  -0.09560
 105.350    -0.00004   0.10240  -0.09569
 105.400    -0.00004   0.10239  -0.09578
 105.450    -0.00004   0.10239  -0.09587
 105.500    -0.00004   0.10238  -0.09596
 105.550    -0.00004   0.10238  -0.09605
 105.600    -0.00004   0.10237  -0.09614
 105.650    -0.00004   0.10237  -0.09623
 105.700    -0.00004   0.10236  -0.09633
 105.750    -0.00004   0.10236  -0.09642
 105.800    -0.00004   0.10236  -0.09652
 105.850    -0.00004   0.10236  -0.09661
 105.900    -0.00004   0.10236  -0.09671
 105.950    -0.00004   0.10236  -0.09681
 106.000    -0.00004   0.10236  -0.09690
 106.050    -0.00004   0.10237  -0.09700
 106.100    -0.00004   0.10237  -0.09710
 106.150    -0.00004   0.10237  -0.09720
 106.200    -0.00004   0.10238  -0.09730
 106.250    -0.00004   0.10238  -0.09741
 106.300    -0.00004   0.10239  -0.09751
 106.350    -0.00004   0.10240  -0.09761
 106.400    -0.00004   0.10240  -0.09772
 106.450    -0.00004   0.10241  -0.09782
 106.500    -0.00004   0.10242  -0.09793
 106.550    -0.00004   0.10243  -0.09803
 106.600    -0.00004   0.10244  -0.09814
 106.650    -0.00004   0.10245  -0.09825
 106.700    -0.00004   0.10247  -0.09836
 106.750    -0.00004   0.10248  -0.09847
 106.800    -0.00004   0.10249  -0.09858
 106.850    -0.00004   0.10251  -0.09869
 106.900    -0.00004   0.10252  -0.09880
 106.950    -0.00004   0.10254  -0.09891
 107.000    -0.00004   0.10255  -0.09902
 107.050    -0.00004   0.10257  -0.09914
 107.100    -0.00004   0.10259  -0.09925
 107.150    -0.00004   0.10261  -0.09937
 107.200    -0.00004   0.10263  -0.09948
 107.250    -0.00004   0.10265  -0.09960
 107.300    -0.00004   0.10267  -0.09972
 107.350    -0.00004   0.10269  -0.09984
 107.400    -0.00004   0.10271  -0.09995
 107.450    -0.00004   0.10273  -0.10007
 107.500    -0.00004   0.10276  -0.10019
 107.550    -0.00004   0.10278  -0.10032
 107.600    -0.00004   0.10281  -0.10044
 107.650    -0.00004   0.10283  -0.10056
 107.700    -0.00004   0.10286  -0.10068
 107.750    -0.00004   0.10288  -0.10081
 107.800    -0.00004   0.10291  -0.10093
 107.850    -0.00004   0.10294  -0.10105
 107.900    -0.00004   0.10297  -0.10118
 107.950    -0.00004   0.10300  -0.10131
 108.000    -0.00004   0.10303  -0.10143
 108.050    -0.00004   0.10306  -0.10156
 108.100    -0.00004   0.10309  -0.10169
 108.150    -0.00004   0.10312  -0.10182
 108.200    -0.00004   0.10315  -0.10195
 108.250    -0.00004   0.10318  -0.10208
 108.300    -0.00004   0.10322  -0.10221
 108.350    -0.00004   0.10325  -0.10234
 108.400    -0.00004   0.10328  -0.10247
 108.450    -0.00003   0.10332  -0.10260
 108.500    -0.00003   0.10335  -0.10273
 108.550    -0.00003   0.10339  -0.10287
 108.600    -0.00003   0.10343  -0.10300
 108.650    -0.00003   0.10346  -0.10313
 108.700    -0.00003   0.10350  -0.10327
 108.750    -0.00003   0.10354  -0.10340
 108.800    -0.00003   0.10358  -0.10354
 108.850    -0.00003   0.10361  -0.10367
 108.900    -0.00003   0.10365  -0.10381
 108.950    -0.00003   0.10369  -0.10395
 109.000    -0.00003   0.10373  -0.10408
 109.050    -0.00003   0.10377  -0.10422
 109.100    -0.00003   0.10381  -0.10436
 109.150    -0.00003   0.10385  -0.10449
 109.200    -0.00003   0.10389  -0.10463
 109.250    -0.00003   0.10394  -0.10477
 109.300    -0.00003   0.10398  -0.10491
 109.350    -0.00003   0.10402  -0.10505
 109.400    -0.00003   0.10406  -0.10519
 109.450    -0.00003   0.10411  -0.10533
 109.500    -0.00003   0.10415  -0.10547
 109.550    -0.00003   0.10419  -0.10561
 109.600    -0.00003   0.10424  -0.10575
 109.650    -0.00003   0.10428  -0.10589
 109.700    -0.00002   0.10432  -0.10603
 109.750    -0.00002   0.10437  -0.10617
 109.800    -0.00002   0.10441  -0.10631
 109.850    -0.00002   0.10446  -0.10646
 109.900    -0.00002   0.10450  -0.10660
 109.950    -0.00002   0.10455  -0.10674
 110.000    -0.00002   0.10459  -0.10688
 110.050    -0.00002   0.10464  -0.10702
 110.100    -0.00002   0.10468  -0.10716
 110.150    -0.00002   0.10473  -0.10731
 110.200    -0.00002   0.10477  -0.10745
 110.250    -0.00002   0.10482  -0.10759
 110.300    -0.00002   0.10487  -0.10773
 110.350    -0.00002   0.10491  -0.10787
 110.400    -0.00002   0.10496  -0.10801
 110.450    -0.00002   0.10500  -0.10816
 110.500    -0.00002   0.10505  -0.10830
 110.550    -0.00002   0.10510  -0.10844
 110.600    -0.00002   0.10514  -0.10858
 110.650    -0.00001   0.10519  -0.10872
 110.700    -0.00001   0.10523  -0.10886
 110.750    -0.00001   0.10528  -0.10900
 110.800    -0.00001   0.10533  -0.10915
 110.850    -0.00001   0.10537  -0.10929
 110.900    -0.00001   0.10542  -0.10943
 110.950    -0.00001   0.10546  -0.10957
 111.000    -0.00001   0.10551  -0.10971
 111.050    -0.00001   0.10555  -0.10985
 111.100    -0.00001   0.10560  -0.10998
 111.150    -0.00001   0.10564  -0.11012
 111.200    -0.00001   0.10569  -0.11026
 111.250    -0.00001   0.10573  -0.11040
 111.300    -0.00001   0.10577  -0.11054
 111.350    -0.00001   0.10582  -0.11068
 111.400    -0.00001   0.10586  -0.11081
 111.450    -0.00001   0.10591  -0.11095
 111.500    -0.00000   0.10595  -0.11108
 111.550    -0.00000   0.10599  -0.11122
 111.600    -0.00000   0.10603  -0.11136
 111.650    -0.00000   0.10608  -0.11149
 111.700    -0.00000   0.10612  -0.11162
 111.750    -0.00000   0.10616  -0.11176
 111.800    -0.00000   0.10620  -0.11189
 111.850    -0.00000   0.10624  -0.11202
 111.900     0.00000   0.10628  -0.11215
 111.950     0.00000   0.10632  -0.11229
 112.000     0.00000   0.10636  -0.11242
 112.050     0.00000   0.10640  -0.11255
 112.100     0.00000   0.10644  -0.11267
 112.150     0.00000   0.10647  -0.11280
 112.200     0.00000   0.10651  -0.11293
 112.250     0.00000   0.10655  -0.11306
 112.300     0.00000   0.10658  -0.11318
 112.350     0.00001   0.10662  -0.11331
 112.400     0.00001   0.10665  -0.11343
 112.450     0.00001   0.10669  -0.11356
 112.500     0.00001   0.10672  -0.11368
 112.550     0.00001   0.10676  -0.11380
 112.600     0.00001   0.10679  -0.11392
 112.650     0.00001   0.10682  -0.11404
 112.700     0.00001   0.10685  -0.11416
 112.750     0.00001   0.10688  -0.11428
 112.800     0.00001   0.10691  -0.11440
 112.850     0.00001   0.10694  -0.11451
 112.900     0.00001   0.10697  -0.11463
 112.950     0.00001   0.10700  -0.11474
 113.000     0.00001   0.10702  -0.11486
 113.050     0.00001   0.10705  -0.11497
 113.100     0.00001   0.10708  -0.11508
 113.150     0.00001   0.10710  -0.11519
 113.200     0.00002   0.10713  -0.11530
 113.250     0.00002   0.10715  -0.11541
 113.300     0.00002   0.10717  -0.11551
 113.350     0.00002   0.10719  -0.11562
 113.400     0.00002   0.10721  -0.11572
 113.450     0.00002   0.10723  -0.11583
 113.500     0.00002   0.10725  -0.11593
 113.550     0.00002   0.10727  -0.11603
 113.600     0.00002   0.10729  -0.11613
 113.650     0.00002   0.10730  -0.11623
 113.700     0.00002   0.10732  -0.11633
 113.750     0.00002   0.10733  -0.11642
 113.800     0.00002   0.10735  -0.11652
 113.850     0.00002   0.10736  -0.11661
 113.900     0.00002   0.10737  -0.11670
 113.950     0.00002   0.10738  -0.11679
 114.000     0.00002   0.10739  -0.11688
 114.050     0.00002   0.10740  -0.11697
 114.100     0.00002   0.10740  -0.11705
 114.150     0.00002   0.10741  -0.11714
 114.200     0.00003   0.10742  -0.11722
 114.250     0.00003   0.10742  -0.11730
 114.300     0.00003   0.10742  -0.11738
 114.350     0.00003   0.10742  -0.11746
 114.400     0.00003   0.10743  -0.11754
 114.450     0.00003   0.10742  -0.11762
 114.500     0.00003   0.10742  -0.11769
 114.550     0.00003   0.10742  -0.11776
 114.600     0.00003   0.10742  -0.11783
 114.650     0.00003   0.10741  -0.11790
 114.700     0.00003   0.10741  -0.11797
 114.750     0.00003   0.10740  -0.11804
 114.800     0.00003   0.10739  -0.11810
 114.850     0.00003   0.10738  -0.11817
 114.900     0.00003   0.10737  -0.11823
 114.950     0.00003   0.10736  -0.11829
 115.000     0.00003   0.10734  -0.11835
 115.050     0.00003   0.10733  -0.11840
 115.100     0.00003   0.10731  -0.11846
 115.150     0.00003   0.10730  -0.11851
 115.200     0.00003   0.10728  -0.11856
 115.250     0.00003   0.10726  -0.11861
 115.300     0.00003   0.10724  -0.11866
 115.350     0.00003   0.10721  -0.11871
 115.400     0.00003   0.10719  -0.11875
 115.450     0.00004   0.10717  -0.11879
 115.500     0.00004   0.10714  -0.11883
 115.550     0.00004   0.10711  -0.11887
 115.600     0.00004   0.10708  -0.11891
 115.650     0.00004   0.10705  -0.11895
 115.700     0.00004   0.10702  -0.11898
 115.750     0.00004   0.10699  -0.11901
 115.800     0.00004   0.10695  -0.11904
 115.850     0.00004   0.10692  -0.11907
 115.900     0.00004   0.10688  -0.11910
 115.950     0.00004   0.10684  -0.11912
 116.000     0.00004   0.10680  -0.11914
 116.050     0.00004   0.10676  -0.11916
 116.100     0.00004   0.10672  -0.11918
 116.150     0.00004   0.10667  -0.11920
 116.200     0.00004   0.10663  -0.11921
 116.250     0.00004   0.10658  -0.11922
 116.300     0.00004   0.10653  -0.11924
 116.350     0.00004   0.10648  -0.11924
 116.400     0.00004   0.10643  -0.11925
 116.450     0.00004   0.10638  -0.11926
 116.500     0.00004   0.10632  -0.11926
 116.550     0.00004   0.10627  -0.11926
 116.600     0.00004   0.10621  -0.11926
 116.650     0.00004   0.10615  -0.11926
 116.700     0.00004   0.10609  -0.11925
 116.750     0.00004   0.10603  -0.11924
 116.800     0.00004   0.10597  -0.11923
 116.850     0.00004   0.10590  -0.11922
 116.900     0.00004   0.10584  -0.11921
 116.950     0.00004   0.10577  -0.11919
 117.000     0.00004   0.10570  -0.11918
 117.050     0.00004   0.10563  -0.11916
 117.100     0.00004   0.10556  -0.11914
 117.150     0.00004   0.10548  -0.11911
 117.200     0.00004   0.10541  -0.11909
 117.250     0.00004   0.10533  -0.11906
 117.300     0.00004   0.10525  -0.11903
 117.350     0.00004   0.10517  -0.11900
 117.400     0.00004   0.10509  -0.11897
 117.450     0.00004   0.10501  -0.11893
 117.500     0.00004   0.10492  -0.11889
 117.550     0.00004   0.10484  -0.11885
 117.600     0.00004   0.10475  -0.11881
 117.650     0.00004   0.10466  -0.11877
 117.700     0.00004   0.10457  -0.11872
 117.750     0.00004   0.10448  -0.11867
 117.800     0.00004   0.10439  -0.11862
 117.850     0.00004   0.10429  -0.11857
 117.900     0.00004   0.10419  -0.11851
 117.950     0.00004   0.10410  -0.11846
 118.000     0.00004   0.10400  -0.11840
 118.050     0.00004   0.10390  -0.11834
 118.100     0.00004   0.10379  -0.11827
 118.150     0.00004   0.10369  -0.11821
 118.200     0.00004   0.10358  -0.11814
 118.250     0.00004   0.10348  -0.11807
 118.300     0.00004   0.10337  -0.11800
 118.350     0.00004   0.10326  -0.11793
 118.400     0.00004   0.10314  -0.11785
 118.450     0.00004   0.10303  -0.11777
 118.500     0.00004   0.10292  -0.11769
 118.550     0.00004   0.10280  -0.11761
 118.600     0.00004   0.10268  -0.11753
 118.650     0.00004   0.10256  -0.11744
 118.700     0.00004   0.10244  -0.11735
 118.750     0.00004   0.10232  -0.11726
 118.800     0.00004   0.10219  -0.11717
 118.850     0.00004   0.10207  -0.11708
 118.900     0.00004   0.10194  -0.11698
 118.950     0.00004   0.10181  -0.11688
 119.000     0.00004   0.10168  -0.11678
 119.050     0.00004   0.10155  -0.11668
 119.100     0.00004   0.10142  -0.11657
 119.150     0.00004   0.10128  -0.11647
 119.200     0.00004   0.10114  -0.11636
 119.250     0.00004   0.10101  -0.11625
 119.300     0.00004   0.10087  -0.11613
 119.350     0.00004   0.10073  -0.11602
 119.400     0.00004   0.10058  -0.11590
 119.450     0.00004   0.10044  -0.11578
 119.500     0.00004   0.10030  -0.11566
 119.550     0.00004   0.10015  -0.11554
 119.600     0.00004   0.10000  -0.11541
 119.650     0.00004   0.09985  -0.11528
 119.700     0.00004   0.09970  -0.11515
 119.750     0.00004   0.09955  -0.11502
 119.800     0.00004   0.09939  -0.11489
 119.850     0.00004   0.09924  -0.11475
 119.900     0.00004   0.09908  -0.11462
 119.950     0.00004   0.09892  -0.11448
 120.000     0.00004   0.09876  -0.11433
