 #S.p. wfs for channel:           2
   0.000     0.00000   0.00000  -0.00000
   0.050     0.00000   0.00000  -0.00000
   0.100     0.00001   0.00001  -0.00002
   0.150     0.00002   0.00003  -0.00005
   0.200     0.00004   0.00006  -0.00012
   0.250     0.00006   0.00011  -0.00020
   0.300     0.00009   0.00016  -0.00030
   0.350     0.00012   0.00021  -0.00039
   0.400     0.00014   0.00025  -0.00046
   0.450     0.00015   0.00026  -0.00049
   0.500     0.00015   0.00025  -0.00046
   0.550     0.00012   0.00021  -0.00039
   0.600     0.00008   0.00015  -0.00026
   0.650     0.00003   0.00006  -0.00010
   0.700    -0.00002  -0.00003   0.00007
   0.750    -0.00007  -0.00012   0.00024
   0.800    -0.00011  -0.00019   0.00037
   0.850    -0.00014  -0.00023   0.00046
   0.900    -0.00015  -0.00024   0.00048
   0.950    -0.00013  -0.00022   0.00044
   1.000    -0.00010  -0.00016   0.00034
   1.050    -0.00005  -0.00008   0.00020
   1.100    -0.00000   0.00001   0.00003
   1.150     0.00005   0.00011  -0.00013
   1.200     0.00010   0.00019  -0.00028
   1.250     0.00013   0.00025  -0.00038
   1.300     0.00015   0.00027  -0.00043
   1.350     0.00014   0.00027  -0.00041
   1.400     0.00012   0.00023  -0.00034
   1.450     0.00008   0.00017  -0.00021
   1.500     0.00003   0.00009  -0.00006
   1.550    -0.00002   0.00000   0.00012
   1.600    -0.00007  -0.00008   0.00029
   1.650    -0.00012  -0.00015   0.00043
   1.700    -0.00015  -0.00021   0.00054
   1.750    -0.00016  -0.00023   0.00060
   1.800    -0.00016  -0.00023   0.00060
   1.850    -0.00014  -0.00019   0.00055
   1.900    -0.00011  -0.00014   0.00046
   1.950    -0.00007  -0.00006   0.00032
   2.000    -0.00002   0.00003   0.00017
   2.050     0.00003   0.00012   0.00002
   2.100     0.00008   0.00020  -0.00013
   2.150     0.00012   0.00027  -0.00025
   2.200     0.00014   0.00032  -0.00033
   2.250     0.00016   0.00034  -0.00037
   2.300     0.00015   0.00035  -0.00036
   2.350     0.00014   0.00032  -0.00031
   2.400     0.00011   0.00028  -0.00022
   2.450     0.00007   0.00022  -0.00009
   2.500     0.00003   0.00014   0.00006
   2.550    -0.00002   0.00006   0.00022
   2.600    -0.00007  -0.00001   0.00037
   2.650    -0.00011  -0.00009   0.00052
   2.700    -0.00015  -0.00015   0.00064
   2.750    -0.00017  -0.00019   0.00073
   2.800    -0.00019  -0.00021   0.00079
   2.850    -0.00019  -0.00022   0.00081
   2.900    -0.00018  -0.00020   0.00079
   2.950    -0.00016  -0.00016   0.00073
   3.000    -0.00013  -0.00011   0.00064
   3.050    -0.00009  -0.00004   0.00053
   3.100    -0.00005   0.00003   0.00040
   3.150    -0.00001   0.00011   0.00026
   3.200     0.00004   0.00019   0.00013
   3.250     0.00008   0.00027  -0.00000
   3.300     0.00011   0.00033  -0.00011
   3.350     0.00014   0.00039  -0.00020
   3.400     0.00016   0.00042  -0.00026
   3.450     0.00017   0.00044  -0.00029
   3.500     0.00017   0.00045  -0.00029
   3.550     0.00016   0.00044  -0.00026
   3.600     0.00014   0.00041  -0.00019
   3.650     0.00011   0.00036  -0.00010
   3.700     0.00008   0.00031   0.00001
   3.750     0.00004   0.00025   0.00014
   3.800    -0.00000   0.00018   0.00028
   3.850    -0.00005   0.00011   0.00042
   3.900    -0.00009   0.00004   0.00057
   3.950    -0.00013  -0.00002   0.00070
   4.000    -0.00016  -0.00008   0.00082
   4.050    -0.00019  -0.00012   0.00092
   4.100    -0.00021  -0.00016   0.00100
   4.150    -0.00023  -0.00018   0.00106
   4.200    -0.00023  -0.00019   0.00109
   4.250    -0.00023  -0.00018   0.00110
   4.300    -0.00022  -0.00016   0.00107
   4.350    -0.00020  -0.00012   0.00103
   4.400    -0.00017  -0.00008   0.00096
   4.450    -0.00014  -0.00002   0.00088
   4.500    -0.00011   0.00004   0.00078
   4.550    -0.00007   0.00011   0.00067
   4.600    -0.00003   0.00018   0.00055
   4.650     0.00001   0.00025   0.00043
   4.700     0.00004   0.00032   0.00032
   4.750     0.00008   0.00039   0.00021
   4.800     0.00011   0.00045   0.00012
   4.850     0.00014   0.00051   0.00004
   4.900     0.00016   0.00055  -0.00002
   4.950     0.00017   0.00058  -0.00007
   5.000     0.00018   0.00060  -0.00009
   5.050     0.00018   0.00062  -0.00009
   5.100     0.00018   0.00061  -0.00006
   5.150     0.00016   0.00060  -0.00002
   5.200     0.00014   0.00058   0.00005
   5.250     0.00012   0.00055   0.00013
   5.300     0.00009   0.00051   0.00023
   5.350     0.00006   0.00046   0.00035
   5.400     0.00002   0.00040   0.00047
   5.450    -0.00002   0.00035   0.00061
   5.500    -0.00005   0.00029   0.00074
   5.550    -0.00009   0.00023   0.00088
   5.600    -0.00013   0.00017   0.00102
   5.650    -0.00017   0.00012   0.00114
   5.700    -0.00020   0.00007   0.00127
   5.750    -0.00023   0.00003   0.00138
   5.800    -0.00025  -0.00000   0.00147
   5.850    -0.00027  -0.00003   0.00155
   5.900    -0.00028  -0.00005   0.00162
   5.950    -0.00029  -0.00005   0.00167
   6.000    -0.00029  -0.00005   0.00170
   6.050    -0.00029  -0.00004   0.00171
   6.100    -0.00028  -0.00001   0.00170
   6.150    -0.00027   0.00002   0.00168
   6.200    -0.00025   0.00006   0.00164
   6.250    -0.00023   0.00011   0.00159
   6.300    -0.00020   0.00016   0.00152
   6.350    -0.00017   0.00022   0.00145
   6.400    -0.00014   0.00029   0.00136
   6.450    -0.00010   0.00036   0.00127
   6.500    -0.00007   0.00043   0.00118
   6.550    -0.00003   0.00050   0.00109
   6.600     0.00000   0.00057   0.00100
   6.650     0.00003   0.00064   0.00092
   6.700     0.00006   0.00070   0.00084
   6.750     0.00009   0.00076   0.00077
   6.800     0.00011   0.00082   0.00071
   6.850     0.00013   0.00086   0.00066
   6.900     0.00015   0.00091   0.00063
   6.950     0.00016   0.00094   0.00061
   7.000     0.00016   0.00096   0.00060
   7.050     0.00016   0.00098   0.00062
   7.100     0.00016   0.00099   0.00065
   7.150     0.00015   0.00099   0.00069
   7.200     0.00014   0.00098   0.00075
   7.250     0.00012   0.00097   0.00083
   7.300     0.00010   0.00095   0.00092
   7.350     0.00007   0.00092   0.00102
   7.400     0.00004   0.00089   0.00113
   7.450     0.00001   0.00085   0.00125
   7.500    -0.00002   0.00081   0.00138
   7.550    -0.00006   0.00076   0.00152
   7.600    -0.00010   0.00072   0.00166
   7.650    -0.00013   0.00067   0.00180
   7.700    -0.00017   0.00063   0.00195
   7.750    -0.00020   0.00058   0.00209
   7.800    -0.00024   0.00054   0.00223
   7.850    -0.00027   0.00050   0.00236
   7.900    -0.00030   0.00047   0.00248
   7.950    -0.00033   0.00043   0.00260
   8.000    -0.00035   0.00041   0.00271
   8.050    -0.00037   0.00039   0.00281
   8.100    -0.00039   0.00038   0.00290
   8.150    -0.00040   0.00038   0.00297
   8.200    -0.00041   0.00038   0.00303
   8.250    -0.00041   0.00039   0.00308
   8.300    -0.00041   0.00041   0.00312
   8.350    -0.00040   0.00043   0.00314
   8.400    -0.00039   0.00046   0.00315
   8.450    -0.00038   0.00050   0.00315
   8.500    -0.00037   0.00055   0.00313
   8.550    -0.00035   0.00060   0.00311
   8.600    -0.00032   0.00065   0.00308
   8.650    -0.00030   0.00072   0.00303
   8.700    -0.00027   0.00078   0.00298
   8.750    -0.00025   0.00085   0.00293
   8.800    -0.00022   0.00092   0.00287
   8.850    -0.00019   0.00099   0.00281
   8.900    -0.00015   0.00107   0.00275
   8.950    -0.00012   0.00114   0.00269
   9.000    -0.00010   0.00122   0.00263
   9.050    -0.00007   0.00129   0.00257
   9.100    -0.00004   0.00136   0.00252
   9.150    -0.00002   0.00142   0.00247
   9.200     0.00001   0.00149   0.00243
   9.250     0.00003   0.00155   0.00240
   9.300     0.00004   0.00160   0.00238
   9.350     0.00006   0.00165   0.00237
   9.400     0.00007   0.00169   0.00237
   9.450     0.00007   0.00173   0.00238
   9.500     0.00007   0.00176   0.00240
   9.550     0.00007   0.00179   0.00244
   9.600     0.00007   0.00181   0.00249
   9.650     0.00006   0.00182   0.00255
   9.700     0.00005   0.00183   0.00262
   9.750     0.00003   0.00183   0.00270
   9.800     0.00001   0.00183   0.00280
   9.850    -0.00001   0.00182   0.00291
   9.900    -0.00003   0.00181   0.00302
   9.950    -0.00006   0.00179   0.00315
  10.000    -0.00009   0.00177   0.00328
  10.050    -0.00012   0.00174   0.00342
  10.100    -0.00016   0.00171   0.00357
  10.150    -0.00019   0.00168   0.00372
  10.200    -0.00023   0.00165   0.00388
  10.250    -0.00026   0.00162   0.00404
  10.300    -0.00030   0.00159   0.00420
  10.350    -0.00033   0.00156   0.00436
  10.400    -0.00037   0.00153   0.00452
  10.450    -0.00040   0.00150   0.00468
  10.500    -0.00043   0.00147   0.00483
  10.550    -0.00047   0.00145   0.00498
  10.600    -0.00049   0.00143   0.00513
  10.650    -0.00052   0.00141   0.00527
  10.700    -0.00054   0.00140   0.00540
  10.750    -0.00057   0.00139   0.00552
  10.800    -0.00058   0.00139   0.00564
  10.850    -0.00060   0.00139   0.00574
  10.900    -0.00061   0.00140   0.00584
  10.950    -0.00062   0.00142   0.00593
  11.000    -0.00063   0.00144   0.00601
  11.050    -0.00063   0.00147   0.00607
  11.100    -0.00063   0.00150   0.00613
  11.150    -0.00062   0.00154   0.00618
  11.200    -0.00062   0.00158   0.00622
  11.250    -0.00061   0.00163   0.00625
  11.300    -0.00060   0.00168   0.00627
  11.350    -0.00058   0.00174   0.00628
  11.400    -0.00056   0.00180   0.00628
  11.450    -0.00054   0.00187   0.00628
  11.500    -0.00052   0.00194   0.00627
  11.550    -0.00050   0.00202   0.00626
  11.600    -0.00047   0.00210   0.00624
  11.650    -0.00045   0.00217   0.00622
  11.700    -0.00042   0.00226   0.00620
  11.750    -0.00040   0.00234   0.00617
  11.800    -0.00037   0.00242   0.00614
  11.850    -0.00035   0.00250   0.00612
  11.900    -0.00032   0.00259   0.00610
  11.950    -0.00030   0.00267   0.00607
  12.000    -0.00027   0.00275   0.00606
  12.050    -0.00025   0.00283   0.00604
  12.100    -0.00023   0.00290   0.00603
  12.150    -0.00021   0.00298   0.00603
  12.200    -0.00020   0.00305   0.00604
  12.250    -0.00018   0.00311   0.00605
  12.300    -0.00017   0.00318   0.00607
  12.350    -0.00016   0.00324   0.00610
  12.400    -0.00016   0.00329   0.00613
  12.450    -0.00015   0.00334   0.00618
  12.500    -0.00015   0.00339   0.00624
  12.550    -0.00016   0.00343   0.00630
  12.600    -0.00016   0.00346   0.00638
  12.650    -0.00017   0.00349   0.00646
  12.700    -0.00018   0.00352   0.00656
  12.750    -0.00020   0.00354   0.00667
  12.800    -0.00022   0.00356   0.00678
  12.850    -0.00024   0.00357   0.00691
  12.900    -0.00026   0.00358   0.00704
  12.950    -0.00029   0.00359   0.00718
  13.000    -0.00031   0.00359   0.00733
  13.050    -0.00034   0.00359   0.00749
  13.100    -0.00037   0.00358   0.00765
  13.150    -0.00041   0.00357   0.00782
  13.200    -0.00044   0.00356   0.00800
  13.250    -0.00047   0.00355   0.00818
  13.300    -0.00051   0.00354   0.00836
  13.350    -0.00055   0.00353   0.00855
  13.400    -0.00058   0.00351   0.00874
  13.450    -0.00062   0.00350   0.00893
  13.500    -0.00066   0.00348   0.00912
  13.550    -0.00069   0.00347   0.00931
  13.600    -0.00073   0.00346   0.00950
  13.650    -0.00076   0.00345   0.00969
  13.700    -0.00080   0.00344   0.00987
  13.750    -0.00083   0.00344   0.01005
  13.800    -0.00086   0.00343   0.01023
  13.850    -0.00089   0.00343   0.01041
  13.900    -0.00091   0.00344   0.01057
  13.950    -0.00094   0.00345   0.01074
  14.000    -0.00096   0.00346   0.01089
  14.050    -0.00098   0.00348   0.01104
  14.100    -0.00100   0.00350   0.01118
  14.150    -0.00101   0.00352   0.01132
  14.200    -0.00102   0.00355   0.01145
  14.250    -0.00103   0.00359   0.01157
  14.300    -0.00104   0.00363   0.01168
  14.350    -0.00105   0.00367   0.01178
  14.400    -0.00105   0.00372   0.01188
  14.450    -0.00105   0.00377   0.01197
  14.500    -0.00104   0.00383   0.01205
  14.550    -0.00104   0.00389   0.01212
  14.600    -0.00103   0.00396   0.01219
  14.650    -0.00102   0.00403   0.01225
  14.700    -0.00101   0.00411   0.01230
  14.750    -0.00100   0.00419   0.01235
  14.800    -0.00098   0.00427   0.01239
  14.850    -0.00096   0.00436   0.01242
  14.900    -0.00095   0.00444   0.01246
  14.950    -0.00093   0.00454   0.01249
  15.000    -0.00091   0.00463   0.01251
  15.050    -0.00089   0.00472   0.01253
  15.100    -0.00087   0.00482   0.01256
  15.150    -0.00084   0.00492   0.01258
  15.200    -0.00082   0.00502   0.01260
  15.250    -0.00080   0.00511   0.01262
  15.300    -0.00078   0.00521   0.01264
  15.350    -0.00076   0.00531   0.01266
  15.400    -0.00074   0.00541   0.01268
  15.450    -0.00072   0.00550   0.01271
  15.500    -0.00071   0.00560   0.01274
  15.550    -0.00069   0.00569   0.01278
  15.600    -0.00067   0.00578   0.01282
  15.650    -0.00066   0.00587   0.01286
  15.700    -0.00065   0.00596   0.01291
  15.750    -0.00064   0.00604   0.01297
  15.800    -0.00064   0.00612   0.01304
  15.850    -0.00063   0.00620   0.01311
  15.900    -0.00063   0.00627   0.01319
  15.950    -0.00063   0.00634   0.01327
  16.000    -0.00063   0.00641   0.01337
  16.050    -0.00064   0.00647   0.01347
  16.100    -0.00064   0.00653   0.01358
  16.150    -0.00065   0.00659   0.01370
  16.200    -0.00067   0.00664   0.01383
  16.250    -0.00068   0.00669   0.01396
  16.300    -0.00070   0.00673   0.01411
  16.350    -0.00072   0.00677   0.01426
  16.400    -0.00074   0.00681   0.01442
  16.450    -0.00076   0.00684   0.01459
  16.500    -0.00079   0.00687   0.01476
  16.550    -0.00082   0.00690   0.01495
  16.600    -0.00085   0.00692   0.01514
  16.650    -0.00088   0.00694   0.01533
  16.700    -0.00091   0.00696   0.01553
  16.750    -0.00095   0.00698   0.01574
  16.800    -0.00098   0.00699   0.01595
  16.850    -0.00102   0.00701   0.01617
  16.900    -0.00106   0.00702   0.01639
  16.950    -0.00110   0.00703   0.01661
  17.000    -0.00113   0.00704   0.01684
  17.050    -0.00117   0.00705   0.01707
  17.100    -0.00121   0.00706   0.01730
  17.150    -0.00125   0.00706   0.01753
  17.200    -0.00129   0.00707   0.01776
  17.250    -0.00133   0.00708   0.01800
  17.300    -0.00137   0.00710   0.01823
  17.350    -0.00141   0.00711   0.01846
  17.400    -0.00144   0.00712   0.01869
  17.450    -0.00148   0.00714   0.01891
  17.500    -0.00151   0.00716   0.01914
  17.550    -0.00155   0.00718   0.01936
  17.600    -0.00158   0.00721   0.01957
  17.650    -0.00161   0.00723   0.01979
  17.700    -0.00164   0.00726   0.02000
  17.750    -0.00166   0.00730   0.02020
  17.800    -0.00169   0.00733   0.02040
  17.850    -0.00171   0.00737   0.02059
  17.900    -0.00173   0.00742   0.02077
  17.950    -0.00175   0.00747   0.02095
  18.000    -0.00176   0.00752   0.02113
  18.050    -0.00178   0.00758   0.02130
  18.100    -0.00179   0.00764   0.02146
  18.150    -0.00180   0.00770   0.02161
  18.200    -0.00181   0.00777   0.02176
  18.250    -0.00181   0.00784   0.02190
  18.300    -0.00182   0.00792   0.02204
  18.350    -0.00182   0.00800   0.02217
  18.400    -0.00182   0.00809   0.02229
  18.450    -0.00182   0.00817   0.02241
  18.500    -0.00181   0.00827   0.02252
  18.550    -0.00181   0.00836   0.02263
  18.600    -0.00180   0.00846   0.02273
  18.650    -0.00179   0.00856   0.02283
  18.700    -0.00178   0.00867   0.02292
  18.750    -0.00177   0.00877   0.02301
  18.800    -0.00176   0.00888   0.02309
  18.850    -0.00174   0.00900   0.02317
  18.900    -0.00173   0.00911   0.02325
  18.950    -0.00171   0.00923   0.02332
  19.000    -0.00170   0.00934   0.02340
  19.050    -0.00168   0.00946   0.02347
  19.100    -0.00167   0.00958   0.02354
  19.150    -0.00165   0.00970   0.02361
  19.200    -0.00164   0.00982   0.02369
  19.250    -0.00162   0.00994   0.02376
  19.300    -0.00161   0.01007   0.02383
  19.350    -0.00159   0.01019   0.02391
  19.400    -0.00158   0.01031   0.02398
  19.450    -0.00157   0.01043   0.02406
  19.500    -0.00155   0.01054   0.02415
  19.550    -0.00154   0.01066   0.02423
  19.600    -0.00153   0.01078   0.02432
  19.650    -0.00153   0.01089   0.02442
  19.700    -0.00152   0.01100   0.02452
  19.750    -0.00152   0.01111   0.02462
  19.800    -0.00151   0.01122   0.02473
  19.850    -0.00151   0.01132   0.02484
  19.900    -0.00151   0.01142   0.02497
  19.950    -0.00152   0.01152   0.02509
  20.000    -0.00152   0.01162   0.02523
  20.050    -0.00153   0.01171   0.02537
  20.100    -0.00154   0.01180   0.02551
  20.150    -0.00155   0.01189   0.02567
  20.200    -0.00156   0.01197   0.02583
  20.250    -0.00158   0.01205   0.02600
  20.300    -0.00159   0.01213   0.02617
  20.350    -0.00161   0.01221   0.02636
  20.400    -0.00164   0.01228   0.02655
  20.450    -0.00166   0.01234   0.02674
  20.500    -0.00168   0.01241   0.02695
  20.550    -0.00171   0.01247   0.02716
  20.600    -0.00174   0.01253   0.02737
  20.650    -0.00177   0.01259   0.02760
  20.700    -0.00180   0.01264   0.02782
  20.750    -0.00184   0.01269   0.02806
  20.800    -0.00187   0.01274   0.02830
  20.850    -0.00191   0.01279   0.02855
  20.900    -0.00195   0.01284   0.02880
  20.950    -0.00199   0.01288   0.02905
  21.000    -0.00203   0.01292   0.02931
  21.050    -0.00207   0.01296   0.02957
  21.100    -0.00211   0.01300   0.02984
  21.150    -0.00216   0.01304   0.03011
  21.200    -0.00220   0.01308   0.03038
  21.250    -0.00224   0.01312   0.03066
  21.300    -0.00229   0.01316   0.03093
  21.350    -0.00233   0.01319   0.03121
  21.400    -0.00238   0.01323   0.03149
  21.450    -0.00242   0.01327   0.03177
  21.500    -0.00246   0.01331   0.03205
  21.550    -0.00251   0.01335   0.03233
  21.600    -0.00255   0.01339   0.03261
  21.650    -0.00259   0.01343   0.03288
  21.700    -0.00263   0.01348   0.03316
  21.750    -0.00267   0.01352   0.03343
  21.800    -0.00271   0.01357   0.03370
  21.850    -0.00275   0.01362   0.03397
  21.900    -0.00279   0.01367   0.03424
  21.950    -0.00282   0.01373   0.03450
  22.000    -0.00286   0.01379   0.03475
  22.050    -0.00289   0.01385   0.03501
  22.100    -0.00292   0.01391   0.03526
  22.150    -0.00295   0.01398   0.03550
  22.200    -0.00298   0.01405   0.03574
  22.250    -0.00300   0.01412   0.03598
  22.300    -0.00303   0.01420   0.03621
  22.350    -0.00305   0.01428   0.03643
  22.400    -0.00307   0.01436   0.03665
  22.450    -0.00309   0.01445   0.03687
  22.500    -0.00311   0.01454   0.03707
  22.550    -0.00312   0.01463   0.03728
  22.600    -0.00313   0.01473   0.03748
  22.650    -0.00315   0.01483   0.03767
  22.700    -0.00316   0.01493   0.03785
  22.750    -0.00316   0.01504   0.03803
  22.800    -0.00317   0.01515   0.03821
  22.850    -0.00317   0.01527   0.03838
  22.900    -0.00318   0.01539   0.03855
  22.950    -0.00318   0.01551   0.03871
  23.000    -0.00318   0.01563   0.03886
  23.050    -0.00318   0.01576   0.03901
  23.100    -0.00318   0.01589   0.03916
  23.150    -0.00317   0.01602   0.03931
  23.200    -0.00317   0.01615   0.03945
  23.250    -0.00317   0.01629   0.03958
  23.300    -0.00316   0.01643   0.03972
  23.350    -0.00315   0.01657   0.03985
  23.400    -0.00315   0.01671   0.03997
  23.450    -0.00314   0.01686   0.04010
  23.500    -0.00313   0.01700   0.04022
  23.550    -0.00312   0.01715   0.04035
  23.600    -0.00311   0.01730   0.04047
  23.650    -0.00310   0.01745   0.04059
  23.700    -0.00309   0.01760   0.04071
  23.750    -0.00309   0.01775   0.04083
  23.800    -0.00308   0.01790   0.04096
  23.850    -0.00307   0.01805   0.04108
  23.900    -0.00306   0.01819   0.04120
  23.950    -0.00306   0.01834   0.04133
  24.000    -0.00305   0.01849   0.04146
  24.050    -0.00305   0.01864   0.04159
  24.100    -0.00304   0.01879   0.04172
  24.150    -0.00304   0.01893   0.04186
  24.200    -0.00304   0.01908   0.04200
  24.250    -0.00304   0.01922   0.04214
  24.300    -0.00304   0.01936   0.04229
  24.350    -0.00304   0.01950   0.04244
  24.400    -0.00305   0.01964   0.04259
  24.450    -0.00305   0.01977   0.04275
  24.500    -0.00306   0.01990   0.04292
  24.550    -0.00307   0.02003   0.04309
  24.600    -0.00308   0.02016   0.04326
  24.650    -0.00309   0.02029   0.04344
  24.700    -0.00311   0.02041   0.04363
  24.750    -0.00312   0.02053   0.04382
  24.800    -0.00314   0.02065   0.04402
  24.850    -0.00316   0.02077   0.04422
  24.900    -0.00318   0.02088   0.04443
  24.950    -0.00320   0.02099   0.04465
  25.000    -0.00323   0.02110   0.04487
  25.050    -0.00326   0.02120   0.04510
  25.100    -0.00328   0.02131   0.04533
  25.150    -0.00331   0.02141   0.04557
  25.200    -0.00335   0.02150   0.04582
  25.250    -0.00338   0.02160   0.04607
  25.300    -0.00342   0.02169   0.04633
  25.350    -0.00345   0.02178   0.04659
  25.400    -0.00349   0.02187   0.04686
  25.450    -0.00353   0.02195   0.04713
  25.500    -0.00357   0.02204   0.04741
  25.550    -0.00361   0.02212   0.04769
  25.600    -0.00366   0.02220   0.04797
  25.650    -0.00370   0.02228   0.04827
  25.700    -0.00375   0.02235   0.04856
  25.750    -0.00380   0.02243   0.04886
  25.800    -0.00384   0.02250   0.04916
  25.850    -0.00389   0.02258   0.04947
  25.900    -0.00394   0.02265   0.04977
  25.950    -0.00399   0.02272   0.05008
  26.000    -0.00404   0.02279   0.05040
  26.050    -0.00409   0.02286   0.05071
  26.100    -0.00414   0.02293   0.05103
  26.150    -0.00419   0.02300   0.05135
  26.200    -0.00425   0.02307   0.05166
  26.250    -0.00430   0.02314   0.05198
  26.300    -0.00435   0.02321   0.05230
  26.350    -0.00440   0.02329   0.05262
  26.400    -0.00445   0.02336   0.05294
  26.450    -0.00450   0.02343   0.05326
  26.500    -0.00455   0.02351   0.05357
  26.550    -0.00459   0.02358   0.05389
  26.600    -0.00464   0.02366   0.05420
  26.650    -0.00469   0.02374   0.05451
  26.700    -0.00473   0.02382   0.05482
  26.750    -0.00478   0.02390   0.05513
  26.800    -0.00482   0.02399   0.05543
  26.850    -0.00487   0.02408   0.05573
  26.900    -0.00491   0.02417   0.05603
  26.950    -0.00495   0.02426   0.05633
  27.000    -0.00499   0.02435   0.05662
  27.050    -0.00503   0.02445   0.05690
  27.100    -0.00506   0.02455   0.05718
  27.150    -0.00510   0.02465   0.05746
  27.200    -0.00513   0.02476   0.05774
  27.250    -0.00516   0.02487   0.05800
  27.300    -0.00519   0.02498   0.05827
  27.350    -0.00522   0.02509   0.05853
  27.400    -0.00525   0.02521   0.05878
  27.450    -0.00527   0.02533   0.05903
  27.500    -0.00530   0.02545   0.05927
  27.550    -0.00532   0.02558   0.05951
  27.600    -0.00534   0.02571   0.05975
  27.650    -0.00536   0.02584   0.05998
  27.700    -0.00538   0.02598   0.06020
  27.750    -0.00540   0.02612   0.06042
  27.800    -0.00541   0.02626   0.06064
  27.850    -0.00542   0.02641   0.06085
  27.900    -0.00544   0.02656   0.06105
  27.950    -0.00545   0.02671   0.06125
  28.000    -0.00546   0.02686   0.06145
  28.050    -0.00547   0.02702   0.06164
  28.100    -0.00547   0.02717   0.06183
  28.150    -0.00548   0.02734   0.06201
  28.200    -0.00549   0.02750   0.06219
  28.250    -0.00549   0.02766   0.06237
  28.300    -0.00549   0.02783   0.06254
  28.350    -0.00550   0.02800   0.06271
  28.400    -0.00550   0.02817   0.06288
  28.450    -0.00550   0.02835   0.06304
  28.500    -0.00550   0.02852   0.06321
  28.550    -0.00550   0.02870   0.06337
  28.600    -0.00551   0.02887   0.06353
  28.650    -0.00551   0.02905   0.06368
  28.700    -0.00551   0.02923   0.06384
  28.750    -0.00551   0.02941   0.06399
  28.800    -0.00551   0.02959   0.06415
  28.850    -0.00551   0.02977   0.06430
  28.900    -0.00551   0.02996   0.06445
  28.950    -0.00551   0.03014   0.06461
  29.000    -0.00551   0.03032   0.06476
  29.050    -0.00551   0.03050   0.06492
  29.100    -0.00551   0.03068   0.06507
  29.150    -0.00552   0.03086   0.06523
  29.200    -0.00552   0.03104   0.06539
  29.250    -0.00553   0.03122   0.06555
  29.300    -0.00553   0.03140   0.06571
  29.350    -0.00554   0.03158   0.06588
  29.400    -0.00555   0.03175   0.06605
  29.450    -0.00555   0.03193   0.06622
  29.500    -0.00556   0.03210   0.06639
  29.550    -0.00558   0.03228   0.06657
  29.600    -0.00559   0.03245   0.06675
  29.650    -0.00560   0.03262   0.06693
  29.700    -0.00562   0.03278   0.06712
  29.750    -0.00563   0.03295   0.06731
  29.800    -0.00565   0.03311   0.06751
  29.850    -0.00567   0.03327   0.06771
  29.900    -0.00569   0.03343   0.06791
  29.950    -0.00572   0.03359   0.06812
  30.000    -0.00574   0.03374   0.06834
  30.050    -0.00577   0.03390   0.06855
  30.100    -0.00579   0.03405   0.06878
  30.150    -0.00582   0.03419   0.06901
  30.200    -0.00585   0.03434   0.06924
  30.250    -0.00589   0.03448   0.06948
  30.300    -0.00592   0.03462   0.06972
  30.350    -0.00596   0.03476   0.06997
  30.400    -0.00599   0.03490   0.07022
  30.450    -0.00603   0.03503   0.07048
  30.500    -0.00607   0.03516   0.07074
  30.550    -0.00611   0.03529   0.07101
  30.600    -0.00616   0.03542   0.07128
  30.650    -0.00620   0.03555   0.07156
  30.700    -0.00625   0.03567   0.07184
  30.750    -0.00630   0.03579   0.07213
  30.800    -0.00635   0.03591   0.07242
  30.850    -0.00640   0.03603   0.07271
  30.900    -0.00645   0.03614   0.07301
  30.950    -0.00650   0.03626   0.07331
  31.000    -0.00655   0.03637   0.07362
  31.050    -0.00661   0.03648   0.07393
  31.100    -0.00666   0.03659   0.07424
  31.150    -0.00672   0.03670   0.07455
  31.200    -0.00678   0.03681   0.07487
  31.250    -0.00683   0.03691   0.07519
  31.300    -0.00689   0.03702   0.07551
  31.350    -0.00695   0.03712   0.07584
  31.400    -0.00701   0.03723   0.07616
  31.450    -0.00707   0.03733   0.07649
  31.500    -0.00713   0.03743   0.07682
  31.550    -0.00719   0.03754   0.07715
  31.600    -0.00725   0.03764   0.07748
  31.650    -0.00731   0.03774   0.07781
  31.700    -0.00737   0.03785   0.07815
  31.750    -0.00743   0.03795   0.07848
  31.800    -0.00749   0.03805   0.07881
  31.850    -0.00755   0.03816   0.07914
  31.900    -0.00761   0.03827   0.07947
  31.950    -0.00767   0.03837   0.07980
  32.000    -0.00773   0.03848   0.08013
  32.050    -0.00779   0.03859   0.08046
  32.100    -0.00784   0.03870   0.08078
  32.150    -0.00790   0.03881   0.08110
  32.200    -0.00796   0.03892   0.08142
  32.250    -0.00801   0.03903   0.08174
  32.300    -0.00806   0.03915   0.08206
  32.350    -0.00812   0.03927   0.08237
  32.400    -0.00817   0.03939   0.08268
  32.450    -0.00822   0.03951   0.08299
  32.500    -0.00827   0.03963   0.08329
  32.550    -0.00832   0.03976   0.08359
  32.600    -0.00837   0.03989   0.08388
  32.650    -0.00842   0.04002   0.08418
  32.700    -0.00846   0.04015   0.08446
  32.750    -0.00851   0.04029   0.08475
  32.800    -0.00855   0.04042   0.08503
  32.850    -0.00859   0.04056   0.08530
  32.900    -0.00863   0.04071   0.08557
  32.950    -0.00867   0.04085   0.08584
  33.000    -0.00871   0.04100   0.08610
  33.050    -0.00874   0.04115   0.08635
  33.100    -0.00878   0.04131   0.08660
  33.150    -0.00881   0.04146   0.08685
  33.200    -0.00884   0.04162   0.08709
  33.250    -0.00887   0.04178   0.08733
  33.300    -0.00890   0.04195   0.08756
  33.350    -0.00893   0.04212   0.08779
  33.400    -0.00896   0.04228   0.08801
  33.450    -0.00899   0.04246   0.08823
  33.500    -0.00901   0.04263   0.08844
  33.550    -0.00903   0.04281   0.08865
  33.600    -0.00906   0.04299   0.08886
  33.650    -0.00908   0.04317   0.08906
  33.700    -0.00910   0.04336   0.08925
  33.750    -0.00912   0.04354   0.08944
  33.800    -0.00913   0.04373   0.08963
  33.850    -0.00915   0.04392   0.08981
  33.900    -0.00917   0.04412   0.08999
  33.950    -0.00918   0.04431   0.09017
  34.000    -0.00920   0.04451   0.09034
  34.050    -0.00921   0.04471   0.09051
  34.100    -0.00923   0.04491   0.09068
  34.150    -0.00924   0.04511   0.09084
  34.200    -0.00925   0.04531   0.09100
  34.250    -0.00926   0.04552   0.09116
  34.300    -0.00928   0.04573   0.09131
  34.350    -0.00929   0.04593   0.09147
  34.400    -0.00930   0.04614   0.09162
  34.450    -0.00931   0.04635   0.09177
  34.500    -0.00932   0.04656   0.09192
  34.550    -0.00933   0.04677   0.09206
  34.600    -0.00934   0.04698   0.09221
  34.650    -0.00935   0.04719   0.09235
  34.700    -0.00937   0.04740   0.09250
  34.750    -0.00938   0.04761   0.09264
  34.800    -0.00939   0.04783   0.09279
  34.850    -0.00940   0.04804   0.09293
  34.900    -0.00942   0.04825   0.09308
  34.950    -0.00943   0.04846   0.09322
  35.000    -0.00944   0.04867   0.09337
  35.050    -0.00946   0.04888   0.09351
  35.100    -0.00948   0.04909   0.09366
  35.150    -0.00949   0.04930   0.09381
  35.200    -0.00951   0.04950   0.09396
  35.250    -0.00953   0.04971   0.09411
  35.300    -0.00955   0.04992   0.09427
  35.350    -0.00957   0.05012   0.09442
  35.400    -0.00959   0.05032   0.09458
  35.450    -0.00961   0.05052   0.09474
  35.500    -0.00964   0.05072   0.09490
  35.550    -0.00966   0.05092   0.09507
  35.600    -0.00969   0.05112   0.09524
  35.650    -0.00972   0.05131   0.09541
  35.700    -0.00975   0.05151   0.09559
  35.750    -0.00978   0.05170   0.09577
  35.800    -0.00981   0.05189   0.09595
  35.850    -0.00984   0.05208   0.09614
  35.900    -0.00988   0.05226   0.09632
  35.950    -0.00991   0.05244   0.09652
  36.000    -0.00995   0.05263   0.09671
  36.050    -0.00999   0.05281   0.09691
  36.100    -0.01003   0.05298   0.09712
  36.150    -0.01007   0.05316   0.09733
  36.200    -0.01012   0.05333   0.09754
  36.250    -0.01016   0.05350   0.09776
  36.300    -0.01021   0.05367   0.09798
  36.350    -0.01025   0.05384   0.09820
  36.400    -0.01030   0.05400   0.09843
  36.450    -0.01035   0.05416   0.09866
  36.500    -0.01041   0.05432   0.09889
  36.550    -0.01046   0.05448   0.09913
  36.600    -0.01051   0.05464   0.09938
  36.650    -0.01057   0.05479   0.09962
  36.700    -0.01063   0.05494   0.09987
  36.750    -0.01069   0.05509   0.10013
  36.800    -0.01074   0.05524   0.10038
  36.850    -0.01081   0.05539   0.10064
  36.900    -0.01087   0.05553   0.10091
  36.950    -0.01093   0.05568   0.10117
  37.000    -0.01099   0.05582   0.10144
  37.050    -0.01106   0.05596   0.10172
  37.100    -0.01113   0.05610   0.10199
  37.150    -0.01119   0.05624   0.10227
  37.200    -0.01126   0.05637   0.10255
  37.250    -0.01133   0.05651   0.10283
  37.300    -0.01140   0.05664   0.10311
  37.350    -0.01147   0.05677   0.10340
  37.400    -0.01154   0.05691   0.10369
  37.450    -0.01161   0.05704   0.10397
  37.500    -0.01168   0.05717   0.10426
  37.550    -0.01175   0.05730   0.10455
  37.600    -0.01182   0.05743   0.10485
  37.650    -0.01189   0.05756   0.10514
  37.700    -0.01197   0.05769   0.10543
  37.750    -0.01204   0.05782   0.10572
  37.800    -0.01211   0.05794   0.10602
  37.850    -0.01218   0.05807   0.10631
  37.900    -0.01225   0.05820   0.10660
  37.950    -0.01233   0.05833   0.10689
  38.000    -0.01240   0.05846   0.10719
  38.050    -0.01247   0.05859   0.10748
  38.100    -0.01254   0.05872   0.10776
  38.150    -0.01261   0.05885   0.10805
  38.200    -0.01268   0.05899   0.10834
  38.250    -0.01275   0.05912   0.10862
  38.300    -0.01282   0.05925   0.10890
  38.350    -0.01289   0.05939   0.10918
  38.400    -0.01296   0.05953   0.10946
  38.450    -0.01303   0.05966   0.10974
  38.500    -0.01310   0.05980   0.11001
  38.550    -0.01316   0.05994   0.11028
  38.600    -0.01323   0.06009   0.11054
  38.650    -0.01329   0.06023   0.11080
  38.700    -0.01336   0.06037   0.11106
  38.750    -0.01342   0.06052   0.11132
  38.800    -0.01348   0.06067   0.11157
  38.850    -0.01354   0.06082   0.11182
  38.900    -0.01360   0.06097   0.11207
  38.950    -0.01366   0.06113   0.11231
  39.000    -0.01372   0.06129   0.11254
  39.050    -0.01377   0.06144   0.11277
  39.100    -0.01383   0.06161   0.11300
  39.150    -0.01388   0.06177   0.11322
  39.200    -0.01393   0.06193   0.11344
  39.250    -0.01399   0.06210   0.11366
  39.300    -0.01404   0.06227   0.11387
  39.350    -0.01408   0.06244   0.11407
  39.400    -0.01413   0.06262   0.11427
  39.450    -0.01418   0.06280   0.11447
  39.500    -0.01423   0.06297   0.11466
  39.550    -0.01427   0.06316   0.11484
  39.600    -0.01431   0.06334   0.11502
  39.650    -0.01436   0.06353   0.11520
  39.700    -0.01440   0.06371   0.11537
  39.750    -0.01444   0.06390   0.11553
  39.800    -0.01448   0.06410   0.11570
  39.850    -0.01451   0.06429   0.11585
  39.900    -0.01455   0.06449   0.11600
  39.950    -0.01459   0.06469   0.11615
  40.000    -0.01462   0.06489   0.11629
  40.050    -0.01465   0.06509   0.11643
  40.100    -0.01469   0.06530   0.11657
  40.150    -0.01472   0.06551   0.11670
  40.200    -0.01475   0.06572   0.11682
  40.250    -0.01478   0.06593   0.11694
  40.300    -0.01481   0.06614   0.11706
  40.350    -0.01484   0.06635   0.11717
  40.400    -0.01487   0.06657   0.11728
  40.450    -0.01489   0.06679   0.11739
  40.500    -0.01492   0.06701   0.11749
  40.550    -0.01495   0.06723   0.11759
  40.600    -0.01497   0.06745   0.11768
  40.650    -0.01500   0.06767   0.11778
  40.700    -0.01502   0.06790   0.11787
  40.750    -0.01505   0.06812   0.11795
  40.800    -0.01507   0.06835   0.11804
  40.850    -0.01510   0.06857   0.11812
  40.900    -0.01512   0.06880   0.11820
  40.950    -0.01515   0.06903   0.11827
  41.000    -0.01517   0.06926   0.11835
  41.050    -0.01519   0.06949   0.11842
  41.100    -0.01522   0.06972   0.11849
  41.150    -0.01524   0.06995   0.11856
  41.200    -0.01527   0.07018   0.11863
  41.250    -0.01529   0.07041   0.11870
  41.300    -0.01532   0.07064   0.11877
  41.350    -0.01534   0.07087   0.11884
  41.400    -0.01537   0.07110   0.11890
  41.450    -0.01539   0.07133   0.11897
  41.500    -0.01542   0.07155   0.11903
  41.550    -0.01545   0.07178   0.11910
  41.600    -0.01548   0.07201   0.11916
  41.650    -0.01551   0.07224   0.11923
  41.700    -0.01554   0.07246   0.11929
  41.750    -0.01557   0.07269   0.11936
  41.800    -0.01560   0.07291   0.11943
  41.850    -0.01563   0.07314   0.11950
  41.900    -0.01566   0.07336   0.11957
  41.950    -0.01570   0.07358   0.11964
  42.000    -0.01573   0.07380   0.11971
  42.050    -0.01577   0.07402   0.11978
  42.100    -0.01580   0.07424   0.11986
  42.150    -0.01584   0.07445   0.11994
  42.200    -0.01588   0.07467   0.12002
  42.250    -0.01592   0.07488   0.12010
  42.300    -0.01596   0.07509   0.12018
  42.350    -0.01600   0.07530   0.12027
  42.400    -0.01605   0.07551   0.12036
  42.450    -0.01609   0.07571   0.12045
  42.500    -0.01614   0.07592   0.12054
  42.550    -0.01619   0.07612   0.12063
  42.600    -0.01624   0.07632   0.12073
  42.650    -0.01629   0.07652   0.12083
  42.700    -0.01634   0.07671   0.12094
  42.750    -0.01639   0.07691   0.12104
  42.800    -0.01645   0.07710   0.12115
  42.850    -0.01650   0.07729   0.12127
  42.900    -0.01656   0.07748   0.12138
  42.950    -0.01662   0.07766   0.12150
  43.000    -0.01668   0.07784   0.12162
  43.050    -0.01674   0.07803   0.12175
  43.100    -0.01680   0.07821   0.12187
  43.150    -0.01686   0.07838   0.12200
  43.200    -0.01693   0.07856   0.12214
  43.250    -0.01699   0.07873   0.12227
  43.300    -0.01706   0.07890   0.12241
  43.350    -0.01713   0.07907   0.12255
  43.400    -0.01720   0.07924   0.12270
  43.450    -0.01727   0.07940   0.12284
  43.500    -0.01734   0.07957   0.12299
  43.550    -0.01741   0.07973   0.12315
  43.600    -0.01749   0.07989   0.12330
  43.650    -0.01756   0.08005   0.12346
  43.700    -0.01764   0.08020   0.12362
  43.750    -0.01772   0.08036   0.12378
  43.800    -0.01779   0.08051   0.12394
  43.850    -0.01787   0.08066   0.12411
  43.900    -0.01795   0.08081   0.12428
  43.950    -0.01803   0.08096   0.12445
  44.000    -0.01811   0.08111   0.12462
  44.050    -0.01820   0.08126   0.12479
  44.100    -0.01828   0.08140   0.12496
  44.150    -0.01836   0.08154   0.12514
  44.200    -0.01845   0.08169   0.12532
  44.250    -0.01853   0.08183   0.12549
  44.300    -0.01862   0.08197   0.12567
  44.350    -0.01870   0.08211   0.12585
  44.400    -0.01879   0.08225   0.12603
  44.450    -0.01887   0.08239   0.12621
  44.500    -0.01896   0.08252   0.12639
  44.550    -0.01905   0.08266   0.12657
  44.600    -0.01913   0.08280   0.12675
  44.650    -0.01922   0.08293   0.12693
  44.700    -0.01931   0.08307   0.12711
  44.750    -0.01939   0.08321   0.12729
  44.800    -0.01948   0.08334   0.12747
  44.850    -0.01957   0.08348   0.12765
  44.900    -0.01966   0.08361   0.12783
  44.950    -0.01974   0.08375   0.12800
  45.000    -0.01983   0.08389   0.12817
  45.050    -0.01991   0.08402   0.12835
  45.100    -0.02000   0.08416   0.12852
  45.150    -0.02009   0.08430   0.12869
  45.200    -0.02017   0.08444   0.12885
  45.250    -0.02026   0.08458   0.12902
  45.300    -0.02034   0.08472   0.12918
  45.350    -0.02042   0.08486   0.12934
  45.400    -0.02051   0.08500   0.12950
  45.450    -0.02059   0.08514   0.12965
  45.500    -0.02067   0.08528   0.12980
  45.550    -0.02075   0.08543   0.12995
  45.600    -0.02083   0.08557   0.13009
  45.650    -0.02091   0.08572   0.13023
  45.700    -0.02099   0.08587   0.13037
  45.750    -0.02107   0.08602   0.13051
  45.800    -0.02114   0.08617   0.13064
  45.850    -0.02122   0.08632   0.13076
  45.900    -0.02130   0.08648   0.13089
  45.950    -0.02137   0.08663   0.13100
  46.000    -0.02144   0.08679   0.13112
  46.050    -0.02152   0.08695   0.13123
  46.100    -0.02159   0.08711   0.13134
  46.150    -0.02166   0.08727   0.13144
  46.200    -0.02173   0.08743   0.13153
  46.250    -0.02179   0.08760   0.13163
  46.300    -0.02186   0.08777   0.13171
  46.350    -0.02193   0.08793   0.13180
  46.400    -0.02199   0.08811   0.13188
  46.450    -0.02206   0.08828   0.13195
  46.500    -0.02212   0.08845   0.13202
  46.550    -0.02218   0.08863   0.13208
  46.600    -0.02224   0.08881   0.13214
  46.650    -0.02230   0.08899   0.13220
  46.700    -0.02236   0.08917   0.13225
  46.750    -0.02242   0.08936   0.13229
  46.800    -0.02248   0.08954   0.13233
  46.850    -0.02253   0.08973   0.13236
  46.900    -0.02259   0.08992   0.13239
  46.950    -0.02264   0.09011   0.13242
  47.000    -0.02269   0.09030   0.13244
  47.050    -0.02275   0.09050   0.13245
  47.100    -0.02280   0.09070   0.13247
  47.150    -0.02285   0.09090   0.13247
  47.200    -0.02290   0.09110   0.13247
  47.250    -0.02294   0.09130   0.13247
  47.300    -0.02299   0.09150   0.13246
  47.350    -0.02304   0.09171   0.13245
  47.400    -0.02308   0.09191   0.13243
  47.450    -0.02313   0.09212   0.13241
  47.500    -0.02317   0.09233   0.13239
  47.550    -0.02322   0.09254   0.13236
  47.600    -0.02326   0.09275   0.13232
  47.650    -0.02330   0.09297   0.13228
  47.700    -0.02334   0.09318   0.13224
  47.750    -0.02339   0.09340   0.13220
  47.800    -0.02343   0.09362   0.13215
  47.850    -0.02347   0.09383   0.13210
  47.900    -0.02351   0.09405   0.13204
  47.950    -0.02355   0.09427   0.13198
  48.000    -0.02359   0.09449   0.13192
  48.050    -0.02363   0.09471   0.13185
  48.100    -0.02367   0.09494   0.13179
  48.150    -0.02370   0.09516   0.13171
  48.200    -0.02374   0.09538   0.13164
  48.250    -0.02378   0.09561   0.13156
  48.300    -0.02382   0.09583   0.13149
  48.350    -0.02386   0.09605   0.13140
  48.400    -0.02390   0.09628   0.13132
  48.450    -0.02394   0.09650   0.13124
  48.500    -0.02398   0.09673   0.13115
  48.550    -0.02402   0.09695   0.13106
  48.600    -0.02406   0.09717   0.13097
  48.650    -0.02409   0.09740   0.13088
  48.700    -0.02414   0.09762   0.13079
  48.750    -0.02418   0.09785   0.13069
  48.800    -0.02422   0.09807   0.13060
  48.850    -0.02426   0.09829   0.13050
  48.900    -0.02430   0.09851   0.13041
  48.950    -0.02434   0.09873   0.13031
  49.000    -0.02439   0.09895   0.13021
  49.050    -0.02443   0.09917   0.13012
  49.100    -0.02447   0.09939   0.13002
  49.150    -0.02452   0.09961   0.12992
  49.200    -0.02456   0.09983   0.12982
  49.250    -0.02461   0.10004   0.12973
  49.300    -0.02466   0.10026   0.12963
  49.350    -0.02471   0.10047   0.12953
  49.400    -0.02476   0.10068   0.12944
  49.450    -0.02481   0.10089   0.12934
  49.500    -0.02486   0.10110   0.12925
  49.550    -0.02491   0.10131   0.12916
  49.600    -0.02496   0.10151   0.12906
  49.650    -0.02502   0.10172   0.12897
  49.700    -0.02507   0.10192   0.12889
  49.750    -0.02513   0.10212   0.12880
  49.800    -0.02518   0.10232   0.12871
  49.850    -0.02524   0.10252   0.12863
  49.900    -0.02530   0.10271   0.12854
  49.950    -0.02536   0.10291   0.12846
  50.000    -0.02542   0.10310   0.12838
  50.050    -0.02549   0.10329   0.12830
  50.100    -0.02555   0.10348   0.12823
  50.150    -0.02562   0.10366   0.12815
  50.200    -0.02568   0.10385   0.12808
  50.250    -0.02575   0.10403   0.12801
  50.300    -0.02582   0.10421   0.12795
  50.350    -0.02589   0.10439   0.12788
  50.400    -0.02596   0.10456   0.12782
  50.450    -0.02603   0.10474   0.12776
  50.500    -0.02611   0.10491   0.12770
  50.550    -0.02618   0.10508   0.12764
  50.600    -0.02626   0.10525   0.12759
  50.650    -0.02634   0.10541   0.12753
  50.700    -0.02641   0.10557   0.12748
  50.750    -0.02649   0.10574   0.12744
  50.800    -0.02658   0.10589   0.12739
  50.850    -0.02666   0.10605   0.12735
  50.900    -0.02674   0.10621   0.12731
  50.950    -0.02682   0.10636   0.12727
  51.000    -0.02691   0.10651   0.12723
  51.050    -0.02700   0.10666   0.12720
  51.100    -0.02708   0.10680   0.12717
  51.150    -0.02717   0.10695   0.12714
  51.200    -0.02726   0.10709   0.12711
  51.250    -0.02735   0.10723   0.12708
  51.300    -0.02744   0.10737   0.12706
  51.350    -0.02754   0.10751   0.12703
  51.400    -0.02763   0.10764   0.12701
  51.450    -0.02772   0.10778   0.12699
  51.500    -0.02782   0.10791   0.12697
  51.550    -0.02791   0.10804   0.12696
  51.600    -0.02801   0.10817   0.12694
  51.650    -0.02811   0.10830   0.12693
  51.700    -0.02821   0.10842   0.12692
  51.750    -0.02831   0.10855   0.12690
  51.800    -0.02840   0.10867   0.12689
  51.850    -0.02850   0.10879   0.12688
  51.900    -0.02860   0.10891   0.12688
  51.950    -0.02871   0.10903   0.12687
  52.000    -0.02881   0.10915   0.12686
  52.050    -0.02891   0.10927   0.12685
  52.100    -0.02901   0.10938   0.12684
  52.150    -0.02911   0.10950   0.12684
  52.200    -0.02922   0.10961   0.12683
  52.250    -0.02932   0.10973   0.12682
  52.300    -0.02942   0.10984   0.12682
  52.350    -0.02953   0.10995   0.12681
  52.400    -0.02963   0.11006   0.12680
  52.450    -0.02973   0.11017   0.12679
  52.500    -0.02984   0.11028   0.12678
  52.550    -0.02994   0.11039   0.12677
  52.600    -0.03004   0.11050   0.12676
  52.650    -0.03015   0.11061   0.12675
  52.700    -0.03025   0.11072   0.12674
  52.750    -0.03036   0.11083   0.12672
  52.800    -0.03046   0.11094   0.12671
  52.850    -0.03056   0.11105   0.12669
  52.900    -0.03066   0.11116   0.12667
  52.950    -0.03077   0.11126   0.12665
  53.000    -0.03087   0.11137   0.12663
  53.050    -0.03097   0.11148   0.12660
  53.100    -0.03107   0.11159   0.12657
  53.150    -0.03117   0.11170   0.12654
  53.200    -0.03127   0.11181   0.12651
  53.250    -0.03137   0.11192   0.12648
  53.300    -0.03147   0.11204   0.12644
  53.350    -0.03157   0.11215   0.12640
  53.400    -0.03167   0.11226   0.12635
  53.450    -0.03177   0.11237   0.12631
  53.500    -0.03186   0.11249   0.12626
  53.550    -0.03196   0.11260   0.12620
  53.600    -0.03206   0.11272   0.12615
  53.650    -0.03215   0.11284   0.12609
  53.700    -0.03224   0.11296   0.12602
  53.750    -0.03234   0.11308   0.12596
  53.800    -0.03243   0.11320   0.12588
  53.850    -0.03252   0.11332   0.12581
  53.900    -0.03261   0.11344   0.12573
  53.950    -0.03270   0.11356   0.12565
  54.000    -0.03279   0.11369   0.12556
  54.050    -0.03288   0.11381   0.12547
  54.100    -0.03296   0.11394   0.12537
  54.150    -0.03305   0.11407   0.12527
  54.200    -0.03314   0.11420   0.12517
  54.250    -0.03322   0.11433   0.12506
  54.300    -0.03330   0.11446   0.12495
  54.350    -0.03339   0.11460   0.12483
  54.400    -0.03347   0.11473   0.12471
  54.450    -0.03355   0.11487   0.12458
  54.500    -0.03363   0.11501   0.12445
  54.550    -0.03371   0.11515   0.12431
  54.600    -0.03378   0.11529   0.12417
  54.650    -0.03386   0.11544   0.12402
  54.700    -0.03393   0.11558   0.12387
  54.750    -0.03401   0.11573   0.12372
  54.800    -0.03408   0.11587   0.12356
  54.850    -0.03416   0.11602   0.12340
  54.900    -0.03423   0.11617   0.12323
  54.950    -0.03430   0.11632   0.12305
  55.000    -0.03437   0.11648   0.12287
  55.050    -0.03444   0.11663   0.12269
  55.100    -0.03451   0.11679   0.12250
  55.150    -0.03457   0.11694   0.12231
  55.200    -0.03464   0.11710   0.12211
  55.250    -0.03470   0.11726   0.12191
  55.300    -0.03477   0.11742   0.12170
  55.350    -0.03483   0.11759   0.12149
  55.400    -0.03490   0.11775   0.12128
  55.450    -0.03496   0.11792   0.12106
  55.500    -0.03502   0.11808   0.12083
  55.550    -0.03508   0.11825   0.12061
  55.600    -0.03514   0.11842   0.12037
  55.650    -0.03520   0.11859   0.12014
  55.700    -0.03526   0.11876   0.11990
  55.750    -0.03532   0.11893   0.11965
  55.800    -0.03538   0.11910   0.11940
  55.850    -0.03544   0.11928   0.11915
  55.900    -0.03549   0.11945   0.11890
  55.950    -0.03555   0.11962   0.11864
  56.000    -0.03561   0.11980   0.11837
  56.050    -0.03566   0.11998   0.11811
  56.100    -0.03572   0.12015   0.11784
  56.150    -0.03577   0.12033   0.11756
  56.200    -0.03583   0.12051   0.11729
  56.250    -0.03588   0.12069   0.11701
  56.300    -0.03594   0.12086   0.11672
  56.350    -0.03599   0.12104   0.11644
  56.400    -0.03605   0.12122   0.11615
  56.450    -0.03610   0.12140   0.11586
  56.500    -0.03615   0.12158   0.11556
  56.550    -0.03621   0.12176   0.11527
  56.600    -0.03626   0.12194   0.11497
  56.650    -0.03632   0.12212   0.11467
  56.700    -0.03637   0.12230   0.11437
  56.750    -0.03643   0.12248   0.11406
  56.800    -0.03648   0.12266   0.11376
  56.850    -0.03653   0.12284   0.11345
  56.900    -0.03659   0.12302   0.11314
  56.950    -0.03664   0.12320   0.11283
  57.000    -0.03670   0.12337   0.11252
  57.050    -0.03676   0.12355   0.11220
  57.100    -0.03681   0.12373   0.11189
  57.150    -0.03687   0.12390   0.11157
  57.200    -0.03693   0.12408   0.11126
  57.250    -0.03698   0.12425   0.11094
  57.300    -0.03704   0.12442   0.11062
  57.350    -0.03710   0.12460   0.11030
  57.400    -0.03716   0.12477   0.10998
  57.450    -0.03722   0.12494   0.10966
  57.500    -0.03728   0.12511   0.10934
  57.550    -0.03734   0.12527   0.10902
  57.600    -0.03740   0.12544   0.10871
  57.650    -0.03747   0.12561   0.10839
  57.700    -0.03753   0.12577   0.10807
  57.750    -0.03759   0.12593   0.10775
  57.800    -0.03766   0.12609   0.10743
  57.850    -0.03772   0.12625   0.10711
  57.900    -0.03779   0.12641   0.10680
  57.950    -0.03786   0.12657   0.10648
  58.000    -0.03793   0.12672   0.10616
  58.050    -0.03800   0.12688   0.10585
  58.100    -0.03807   0.12703   0.10554
  58.150    -0.03814   0.12718   0.10522
  58.200    -0.03821   0.12733   0.10491
  58.250    -0.03828   0.12747   0.10460
  58.300    -0.03836   0.12762   0.10429
  58.350    -0.03843   0.12776   0.10399
  58.400    -0.03851   0.12790   0.10368
  58.450    -0.03859   0.12804   0.10338
  58.500    -0.03867   0.12817   0.10308
  58.550    -0.03875   0.12831   0.10277
  58.600    -0.03883   0.12844   0.10248
  58.650    -0.03891   0.12857   0.10218
  58.700    -0.03899   0.12870   0.10188
  58.750    -0.03908   0.12882   0.10159
  58.800    -0.03916   0.12895   0.10130
  58.850    -0.03925   0.12907   0.10101
  58.900    -0.03934   0.12919   0.10072
  58.950    -0.03942   0.12931   0.10043
  59.000    -0.03951   0.12942   0.10015
  59.050    -0.03960   0.12953   0.09987
  59.100    -0.03970   0.12964   0.09959
  59.150    -0.03979   0.12975   0.09931
  59.200    -0.03988   0.12986   0.09904
  59.250    -0.03998   0.12996   0.09876
  59.300    -0.04007   0.13006   0.09849
  59.350    -0.04017   0.13016   0.09822
  59.400    -0.04027   0.13026   0.09796
  59.450    -0.04037   0.13036   0.09769
  59.500    -0.04047   0.13045   0.09743
  59.550    -0.04057   0.13054   0.09717
  59.600    -0.04067   0.13063   0.09691
  59.650    -0.04078   0.13071   0.09665
  59.700    -0.04088   0.13080   0.09640
  59.750    -0.04099   0.13088   0.09615
  59.800    -0.04109   0.13096   0.09589
  59.850    -0.04120   0.13104   0.09565
  59.900    -0.04131   0.13111   0.09540
  59.950    -0.04142   0.13119   0.09515
  60.000    -0.04153   0.13126   0.09491
  60.050    -0.04164   0.13133   0.09467
  60.100    -0.04175   0.13140   0.09443
  60.150    -0.04186   0.13147   0.09419
  60.200    -0.04197   0.13153   0.09395
  60.250    -0.04209   0.13159   0.09372
  60.300    -0.04220   0.13165   0.09348
  60.350    -0.04232   0.13171   0.09325
  60.400    -0.04243   0.13177   0.09302
  60.450    -0.04255   0.13183   0.09279
  60.500    -0.04267   0.13188   0.09256
  60.550    -0.04278   0.13194   0.09233
  60.600    -0.04290   0.13199   0.09210
  60.650    -0.04302   0.13204   0.09187
  60.700    -0.04314   0.13209   0.09165
  60.750    -0.04326   0.13213   0.09142
  60.800    -0.04338   0.13218   0.09120
  60.850    -0.04350   0.13222   0.09098
  60.900    -0.04362   0.13227   0.09075
  60.950    -0.04374   0.13231   0.09053
  61.000    -0.04386   0.13235   0.09031
  61.050    -0.04398   0.13239   0.09008
  61.100    -0.04410   0.13243   0.08986
  61.150    -0.04422   0.13247   0.08964
  61.200    -0.04434   0.13251   0.08941
  61.250    -0.04446   0.13255   0.08919
  61.300    -0.04458   0.13258   0.08897
  61.350    -0.04471   0.13262   0.08874
  61.400    -0.04483   0.13265   0.08852
  61.450    -0.04495   0.13269   0.08829
  61.500    -0.04507   0.13272   0.08806
  61.550    -0.04519   0.13275   0.08784
  61.600    -0.04531   0.13279   0.08761
  61.650    -0.04543   0.13282   0.08738
  61.700    -0.04555   0.13285   0.08715
  61.750    -0.04567   0.13288   0.08692
  61.800    -0.04579   0.13291   0.08668
  61.850    -0.04591   0.13294   0.08645
  61.900    -0.04603   0.13298   0.08621
  61.950    -0.04615   0.13301   0.08597
  62.000    -0.04627   0.13304   0.08573
  62.050    -0.04639   0.13307   0.08549
  62.100    -0.04651   0.13310   0.08525
  62.150    -0.04662   0.13313   0.08500
  62.200    -0.04674   0.13317   0.08475
  62.250    -0.04686   0.13320   0.08450
  62.300    -0.04697   0.13323   0.08425
  62.350    -0.04709   0.13326   0.08399
  62.400    -0.04720   0.13330   0.08374
  62.450    -0.04732   0.13333   0.08348
  62.500    -0.04743   0.13336   0.08321
  62.550    -0.04754   0.13340   0.08295
  62.600    -0.04765   0.13343   0.08268
  62.650    -0.04776   0.13347   0.08240
  62.700    -0.04788   0.13351   0.08213
  62.750    -0.04798   0.13354   0.08185
  62.800    -0.04809   0.13358   0.08157
  62.850    -0.04820   0.13362   0.08128
  62.900    -0.04831   0.13366   0.08100
  62.950    -0.04841   0.13370   0.08071
  63.000    -0.04852   0.13374   0.08041
  63.050    -0.04863   0.13378   0.08011
  63.100    -0.04873   0.13383   0.07981
  63.150    -0.04883   0.13387   0.07950
  63.200    -0.04893   0.13391   0.07919
  63.250    -0.04904   0.13396   0.07888
  63.300    -0.04914   0.13401   0.07857
  63.350    -0.04924   0.13405   0.07824
  63.400    -0.04933   0.13410   0.07792
  63.450    -0.04943   0.13415   0.07759
  63.500    -0.04953   0.13420   0.07726
  63.550    -0.04962   0.13426   0.07692
  63.600    -0.04972   0.13431   0.07658
  63.650    -0.04981   0.13436   0.07624
  63.700    -0.04991   0.13442   0.07589
  63.750    -0.05000   0.13447   0.07554
  63.800    -0.05009   0.13453   0.07518
  63.850    -0.05018   0.13459   0.07482
  63.900    -0.05027   0.13465   0.07446
  63.950    -0.05036   0.13471   0.07409
  64.000    -0.05045   0.13477   0.07372
  64.050    -0.05053   0.13483   0.07334
  64.100    -0.05062   0.13490   0.07296
  64.150    -0.05070   0.13496   0.07258
  64.200    -0.05079   0.13503   0.07219
  64.250    -0.05087   0.13510   0.07180
  64.300    -0.05095   0.13516   0.07140
  64.350    -0.05104   0.13523   0.07100
  64.400    -0.05112   0.13530   0.07060
  64.450    -0.05120   0.13537   0.07019
  64.500    -0.05128   0.13545   0.06978
  64.550    -0.05136   0.13552   0.06936
  64.600    -0.05143   0.13559   0.06894
  64.650    -0.05151   0.13567   0.06852
  64.700    -0.05159   0.13574   0.06809
  64.750    -0.05166   0.13582   0.06766
  64.800    -0.05174   0.13590   0.06723
  64.850    -0.05181   0.13597   0.06679
  64.900    -0.05189   0.13605   0.06635
  64.950    -0.05196   0.13613   0.06591
  65.000    -0.05204   0.13621   0.06546
  65.050    -0.05211   0.13629   0.06501
  65.100    -0.05218   0.13637   0.06455
  65.150    -0.05225   0.13645   0.06410
  65.200    -0.05232   0.13654   0.06364
  65.250    -0.05239   0.13662   0.06317
  65.300    -0.05246   0.13670   0.06271
  65.350    -0.05253   0.13679   0.06224
  65.400    -0.05260   0.13687   0.06176
  65.450    -0.05267   0.13695   0.06129
  65.500    -0.05274   0.13704   0.06081
  65.550    -0.05281   0.13712   0.06033
  65.600    -0.05288   0.13721   0.05985
  65.650    -0.05295   0.13729   0.05937
  65.700    -0.05302   0.13738   0.05888
  65.750    -0.05309   0.13746   0.05839
  65.800    -0.05315   0.13755   0.05790
  65.850    -0.05322   0.13763   0.05741
  65.900    -0.05329   0.13772   0.05691
  65.950    -0.05336   0.13780   0.05642
  66.000    -0.05343   0.13788   0.05592
  66.050    -0.05349   0.13797   0.05542
  66.100    -0.05356   0.13805   0.05492
  66.150    -0.05363   0.13814   0.05441
  66.200    -0.05370   0.13822   0.05391
  66.250    -0.05377   0.13830   0.05341
  66.300    -0.05384   0.13838   0.05290
  66.350    -0.05391   0.13846   0.05239
  66.400    -0.05398   0.13854   0.05188
  66.450    -0.05405   0.13862   0.05138
  66.500    -0.05412   0.13870   0.05087
  66.550    -0.05419   0.13878   0.05036
  66.600    -0.05426   0.13886   0.04985
  66.650    -0.05433   0.13893   0.04933
  66.700    -0.05440   0.13901   0.04882
  66.750    -0.05447   0.13908   0.04831
  66.800    -0.05454   0.13916   0.04780
  66.850    -0.05462   0.13923   0.04729
  66.900    -0.05469   0.13930   0.04678
  66.950    -0.05476   0.13937   0.04627
  67.000    -0.05484   0.13944   0.04576
  67.050    -0.05491   0.13951   0.04525
  67.100    -0.05499   0.13957   0.04474
  67.150    -0.05507   0.13964   0.04423
  67.200    -0.05514   0.13970   0.04372
  67.250    -0.05522   0.13976   0.04321
  67.300    -0.05530   0.13982   0.04270
  67.350    -0.05538   0.13988   0.04220
  67.400    -0.05546   0.13994   0.04169
  67.450    -0.05554   0.13999   0.04119
  67.500    -0.05562   0.14005   0.04069
  67.550    -0.05571   0.14010   0.04018
  67.600    -0.05579   0.14015   0.03968
  67.650    -0.05587   0.14020   0.03919
  67.700    -0.05596   0.14024   0.03869
  67.750    -0.05605   0.14029   0.03819
  67.800    -0.05613   0.14033   0.03770
  67.850    -0.05622   0.14037   0.03721
  67.900    -0.05631   0.14041   0.03672
  67.950    -0.05640   0.14045   0.03623
  68.000    -0.05649   0.14048   0.03574
  68.050    -0.05658   0.14051   0.03526
  68.100    -0.05668   0.14054   0.03478
  68.150    -0.05677   0.14057   0.03430
  68.200    -0.05686   0.14060   0.03382
  68.250    -0.05696   0.14062   0.03334
  68.300    -0.05706   0.14064   0.03287
  68.350    -0.05715   0.14066   0.03240
  68.400    -0.05725   0.14068   0.03193
  68.450    -0.05735   0.14070   0.03146
  68.500    -0.05745   0.14071   0.03100
  68.550    -0.05756   0.14072   0.03054
  68.600    -0.05766   0.14073   0.03008
  68.650    -0.05776   0.14074   0.02962
  68.700    -0.05787   0.14074   0.02917
  68.750    -0.05797   0.14074   0.02872
  68.800    -0.05808   0.14074   0.02827
  68.850    -0.05819   0.14074   0.02782
  68.900    -0.05830   0.14073   0.02738
  68.950    -0.05841   0.14073   0.02694
  69.000    -0.05852   0.14072   0.02650
  69.050    -0.05863   0.14070   0.02607
  69.100    -0.05874   0.14069   0.02564
  69.150    -0.05886   0.14067   0.02521
  69.200    -0.05897   0.14065   0.02478
  69.250    -0.05909   0.14063   0.02435
  69.300    -0.05920   0.14061   0.02393
  69.350    -0.05932   0.14058   0.02351
  69.400    -0.05944   0.14056   0.02310
  69.450    -0.05956   0.14053   0.02268
  69.500    -0.05968   0.14049   0.02227
  69.550    -0.05980   0.14046   0.02186
  69.600    -0.05992   0.14042   0.02146
  69.650    -0.06005   0.14038   0.02105
  69.700    -0.06017   0.14034   0.02065
  69.750    -0.06030   0.14030   0.02026
  69.800    -0.06042   0.14026   0.01986
  69.850    -0.06055   0.14021   0.01947
  69.900    -0.06067   0.14016   0.01908
  69.950    -0.06080   0.14011   0.01869
  70.000    -0.06093   0.14006   0.01830
  70.050    -0.06106   0.14000   0.01792
  70.100    -0.06119   0.13994   0.01754
  70.150    -0.06132   0.13988   0.01716
  70.200    -0.06145   0.13982   0.01678
  70.250    -0.06158   0.13976   0.01641
  70.300    -0.06171   0.13970   0.01603
  70.350    -0.06184   0.13963   0.01566
  70.400    -0.06198   0.13956   0.01529
  70.450    -0.06211   0.13949   0.01493
  70.500    -0.06225   0.13942   0.01456
  70.550    -0.06238   0.13935   0.01420
  70.600    -0.06251   0.13927   0.01384
  70.650    -0.06265   0.13920   0.01348
  70.700    -0.06279   0.13912   0.01312
  70.750    -0.06292   0.13904   0.01276
  70.800    -0.06306   0.13896   0.01241
  70.850    -0.06319   0.13888   0.01205
  70.900    -0.06333   0.13879   0.01170
  70.950    -0.06347   0.13871   0.01135
  71.000    -0.06361   0.13862   0.01100
  71.050    -0.06374   0.13854   0.01065
  71.100    -0.06388   0.13845   0.01030
  71.150    -0.06402   0.13836   0.00995
  71.200    -0.06416   0.13827   0.00961
  71.250    -0.06429   0.13818   0.00926
  71.300    -0.06443   0.13809   0.00892
  71.350    -0.06457   0.13799   0.00857
  71.400    -0.06471   0.13790   0.00823
  71.450    -0.06485   0.13780   0.00788
  71.500    -0.06498   0.13771   0.00754
  71.550    -0.06512   0.13761   0.00720
  71.600    -0.06526   0.13751   0.00686
  71.650    -0.06540   0.13742   0.00651
  71.700    -0.06553   0.13732   0.00617
  71.750    -0.06567   0.13722   0.00583
  71.800    -0.06581   0.13712   0.00549
  71.850    -0.06594   0.13702   0.00514
  71.900    -0.06608   0.13692   0.00480
  71.950    -0.06622   0.13682   0.00446
  72.000    -0.06635   0.13671   0.00411
  72.050    -0.06649   0.13661   0.00377
  72.100    -0.06662   0.13651   0.00342
  72.150    -0.06675   0.13641   0.00308
  72.200    -0.06689   0.13631   0.00273
  72.250    -0.06702   0.13620   0.00238
  72.300    -0.06716   0.13610   0.00204
  72.350    -0.06729   0.13600   0.00169
  72.400    -0.06742   0.13590   0.00134
  72.450    -0.06755   0.13579   0.00099
  72.500    -0.06768   0.13569   0.00063
  72.550    -0.06781   0.13559   0.00028
  72.600    -0.06794   0.13549  -0.00007
  72.650    -0.06807   0.13539  -0.00043
  72.700    -0.06820   0.13528  -0.00079
  72.750    -0.06833   0.13518  -0.00115
  72.800    -0.06845   0.13508  -0.00151
  72.850    -0.06858   0.13498  -0.00187
  72.900    -0.06871   0.13488  -0.00224
  72.950    -0.06883   0.13478  -0.00260
  73.000    -0.06895   0.13468  -0.00297
  73.050    -0.06908   0.13458  -0.00334
  73.100    -0.06920   0.13448  -0.00371
  73.150    -0.06932   0.13439  -0.00409
  73.200    -0.06944   0.13429  -0.00446
  73.250    -0.06956   0.13419  -0.00484
  73.300    -0.06968   0.13409  -0.00522
  73.350    -0.06980   0.13400  -0.00561
  73.400    -0.06992   0.13390  -0.00599
  73.450    -0.07004   0.13381  -0.00638
  73.500    -0.07015   0.13372  -0.00677
  73.550    -0.07027   0.13362  -0.00716
  73.600    -0.07038   0.13353  -0.00756
  73.650    -0.07050   0.13344  -0.00795
  73.700    -0.07061   0.13335  -0.00835
  73.750    -0.07072   0.13326  -0.00876
  73.800    -0.07083   0.13317  -0.00916
  73.850    -0.07094   0.13308  -0.00957
  73.900    -0.07105   0.13299  -0.00998
  73.950    -0.07116   0.13291  -0.01039
  74.000    -0.07127   0.13282  -0.01081
  74.050    -0.07137   0.13273  -0.01123
  74.100    -0.07148   0.13265  -0.01165
  74.150    -0.07158   0.13257  -0.01207
  74.200    -0.07169   0.13248  -0.01250
  74.250    -0.07179   0.13240  -0.01292
  74.300    -0.07189   0.13232  -0.01336
  74.350    -0.07199   0.13224  -0.01379
  74.400    -0.07209   0.13216  -0.01423
  74.450    -0.07219   0.13209  -0.01467
  74.500    -0.07229   0.13201  -0.01511
  74.550    -0.07239   0.13193  -0.01556
  74.600    -0.07249   0.13186  -0.01601
  74.650    -0.07258   0.13178  -0.01646
  74.700    -0.07268   0.13171  -0.01691
  74.750    -0.07277   0.13163  -0.01737
  74.800    -0.07287   0.13156  -0.01783
  74.850    -0.07296   0.13149  -0.01829
  74.900    -0.07305   0.13142  -0.01875
  74.950    -0.07314   0.13135  -0.01922
  75.000    -0.07323   0.13128  -0.01969
  75.050    -0.07332   0.13121  -0.02016
  75.100    -0.07341   0.13115  -0.02064
  75.150    -0.07350   0.13108  -0.02111
  75.200    -0.07359   0.13101  -0.02159
  75.250    -0.07368   0.13095  -0.02207
  75.300    -0.07376   0.13088  -0.02256
  75.350    -0.07385   0.13082  -0.02305
  75.400    -0.07393   0.13076  -0.02353
  75.450    -0.07402   0.13069  -0.02403
  75.500    -0.07410   0.13063  -0.02452
  75.550    -0.07419   0.13057  -0.02502
  75.600    -0.07427   0.13051  -0.02551
  75.650    -0.07435   0.13045  -0.02601
  75.700    -0.07443   0.13039  -0.02652
  75.750    -0.07451   0.13033  -0.02702
  75.800    -0.07460   0.13027  -0.02753
  75.850    -0.07468   0.13021  -0.02803
  75.900    -0.07476   0.13015  -0.02854
  75.950    -0.07484   0.13009  -0.02906
  76.000    -0.07492   0.13003  -0.02957
  76.050    -0.07499   0.12997  -0.03008
  76.100    -0.07507   0.12992  -0.03060
  76.150    -0.07515   0.12986  -0.03112
  76.200    -0.07523   0.12980  -0.03164
  76.250    -0.07531   0.12974  -0.03216
  76.300    -0.07539   0.12969  -0.03268
  76.350    -0.07546   0.12963  -0.03320
  76.400    -0.07554   0.12957  -0.03372
  76.450    -0.07562   0.12951  -0.03425
  76.500    -0.07569   0.12946  -0.03478
  76.550    -0.07577   0.12940  -0.03530
  76.600    -0.07585   0.12934  -0.03583
  76.650    -0.07593   0.12928  -0.03636
  76.700    -0.07600   0.12923  -0.03689
  76.750    -0.07608   0.12917  -0.03742
  76.800    -0.07616   0.12911  -0.03795
  76.850    -0.07623   0.12905  -0.03848
  76.900    -0.07631   0.12899  -0.03901
  76.950    -0.07639   0.12893  -0.03954
  77.000    -0.07646   0.12887  -0.04007
  77.050    -0.07654   0.12881  -0.04060
  77.100    -0.07662   0.12875  -0.04113
  77.150    -0.07670   0.12868  -0.04166
  77.200    -0.07677   0.12862  -0.04220
  77.250    -0.07685   0.12856  -0.04273
  77.300    -0.07693   0.12849  -0.04326
  77.350    -0.07701   0.12843  -0.04379
  77.400    -0.07709   0.12836  -0.04432
  77.450    -0.07717   0.12830  -0.04484
  77.500    -0.07725   0.12823  -0.04537
  77.550    -0.07733   0.12816  -0.04590
  77.600    -0.07741   0.12809  -0.04643
  77.650    -0.07749   0.12802  -0.04695
  77.700    -0.07757   0.12795  -0.04748
  77.750    -0.07765   0.12787  -0.04800
  77.800    -0.07773   0.12780  -0.04852
  77.850    -0.07782   0.12772  -0.04904
  77.900    -0.07790   0.12765  -0.04956
  77.950    -0.07798   0.12757  -0.05008
  78.000    -0.07807   0.12749  -0.05060
  78.050    -0.07815   0.12741  -0.05111
  78.100    -0.07824   0.12733  -0.05163
  78.150    -0.07832   0.12725  -0.05214
  78.200    -0.07841   0.12716  -0.05265
  78.250    -0.07850   0.12707  -0.05316
  78.300    -0.07859   0.12699  -0.05366
  78.350    -0.07867   0.12690  -0.05417
  78.400    -0.07876   0.12681  -0.05467
  78.450    -0.07885   0.12671  -0.05517
  78.500    -0.07895   0.12662  -0.05567
  78.550    -0.07904   0.12652  -0.05616
  78.600    -0.07913   0.12643  -0.05665
  78.650    -0.07922   0.12633  -0.05714
  78.700    -0.07932   0.12623  -0.05763
  78.750    -0.07941   0.12612  -0.05812
  78.800    -0.07951   0.12602  -0.05860
  78.850    -0.07961   0.12591  -0.05908
  78.900    -0.07970   0.12580  -0.05955
  78.950    -0.07980   0.12569  -0.06003
  79.000    -0.07990   0.12558  -0.06050
  79.050    -0.08000   0.12547  -0.06097
  79.100    -0.08010   0.12535  -0.06143
  79.150    -0.08020   0.12523  -0.06189
  79.200    -0.08031   0.12511  -0.06235
  79.250    -0.08041   0.12499  -0.06281
  79.300    -0.08051   0.12487  -0.06326
  79.350    -0.08062   0.12474  -0.06371
  79.400    -0.08073   0.12461  -0.06415
  79.450    -0.08083   0.12448  -0.06460
  79.500    -0.08094   0.12435  -0.06504
  79.550    -0.08105   0.12421  -0.06547
  79.600    -0.08116   0.12408  -0.06590
  79.650    -0.08127   0.12394  -0.06633
  79.700    -0.08138   0.12380  -0.06676
  79.750    -0.08150   0.12365  -0.06718
  79.800    -0.08161   0.12351  -0.06759
  79.850    -0.08173   0.12336  -0.06801
  79.900    -0.08184   0.12321  -0.06842
  79.950    -0.08196   0.12306  -0.06883
  80.000    -0.08208   0.12290  -0.06923
  80.050    -0.08219   0.12275  -0.06963
  80.100    -0.08231   0.12259  -0.07002
  80.150    -0.08243   0.12243  -0.07041
  80.200    -0.08255   0.12226  -0.07080
  80.250    -0.08268   0.12210  -0.07118
  80.300    -0.08280   0.12193  -0.07156
  80.350    -0.08292   0.12176  -0.07194
  80.400    -0.08305   0.12159  -0.07231
  80.450    -0.08317   0.12141  -0.07268
  80.500    -0.08330   0.12123  -0.07305
  80.550    -0.08343   0.12106  -0.07341
  80.600    -0.08356   0.12087  -0.07376
  80.650    -0.08369   0.12069  -0.07412
  80.700    -0.08382   0.12051  -0.07447
  80.750    -0.08395   0.12032  -0.07481
  80.800    -0.08408   0.12013  -0.07515
  80.850    -0.08421   0.11994  -0.07549
  80.900    -0.08434   0.11974  -0.07582
  80.950    -0.08448   0.11955  -0.07615
  81.000    -0.08461   0.11935  -0.07648
  81.050    -0.08475   0.11915  -0.07680
  81.100    -0.08488   0.11895  -0.07712
  81.150    -0.08502   0.11874  -0.07744
  81.200    -0.08516   0.11853  -0.07775
  81.250    -0.08530   0.11833  -0.07805
  81.300    -0.08544   0.11812  -0.07836
  81.350    -0.08557   0.11790  -0.07866
  81.400    -0.08571   0.11769  -0.07895
  81.450    -0.08586   0.11747  -0.07925
  81.500    -0.08600   0.11725  -0.07954
  81.550    -0.08614   0.11703  -0.07982
  81.600    -0.08628   0.11681  -0.08010
  81.650    -0.08642   0.11659  -0.08038
  81.700    -0.08657   0.11636  -0.08066
  81.750    -0.08671   0.11614  -0.08093
  81.800    -0.08686   0.11591  -0.08120
  81.850    -0.08700   0.11568  -0.08147
  81.900    -0.08715   0.11544  -0.08173
  81.950    -0.08729   0.11521  -0.08199
  82.000    -0.08744   0.11497  -0.08224
  82.050    -0.08758   0.11474  -0.08250
  82.100    -0.08773   0.11450  -0.08275
  82.150    -0.08788   0.11426  -0.08299
  82.200    -0.08803   0.11402  -0.08324
  82.250    -0.08817   0.11377  -0.08348
  82.300    -0.08832   0.11353  -0.08372
  82.350    -0.08847   0.11328  -0.08395
  82.400    -0.08862   0.11304  -0.08418
  82.450    -0.08877   0.11279  -0.08441
  82.500    -0.08892   0.11254  -0.08464
  82.550    -0.08906   0.11229  -0.08486
  82.600    -0.08921   0.11203  -0.08509
  82.650    -0.08936   0.11178  -0.08531
  82.700    -0.08951   0.11152  -0.08552
  82.750    -0.08966   0.11127  -0.08574
  82.800    -0.08981   0.11101  -0.08595
  82.850    -0.08996   0.11075  -0.08616
  82.900    -0.09011   0.11050  -0.08637
  82.950    -0.09026   0.11024  -0.08658
  83.000    -0.09041   0.10997  -0.08678
  83.050    -0.09056   0.10971  -0.08698
  83.100    -0.09071   0.10945  -0.08718
  83.150    -0.09086   0.10919  -0.08738
  83.200    -0.09100   0.10892  -0.08758
  83.250    -0.09115   0.10866  -0.08778
  83.300    -0.09130   0.10839  -0.08797
  83.350    -0.09145   0.10813  -0.08816
  83.400    -0.09160   0.10786  -0.08835
  83.450    -0.09174   0.10759  -0.08854
  83.500    -0.09189   0.10733  -0.08873
  83.550    -0.09204   0.10706  -0.08892
  83.600    -0.09219   0.10679  -0.08910
  83.650    -0.09233   0.10652  -0.08929
  83.700    -0.09248   0.10625  -0.08947
  83.750    -0.09262   0.10598  -0.08965
  83.800    -0.09277   0.10571  -0.08983
  83.850    -0.09291   0.10544  -0.09001
  83.900    -0.09306   0.10517  -0.09019
  83.950    -0.09320   0.10490  -0.09037
  84.000    -0.09335   0.10463  -0.09055
  84.050    -0.09349   0.10436  -0.09073
  84.100    -0.09363   0.10409  -0.09090
  84.150    -0.09377   0.10382  -0.09108
  84.200    -0.09391   0.10355  -0.09126
  84.250    -0.09405   0.10328  -0.09143
  84.300    -0.09419   0.10300  -0.09161
  84.350    -0.09433   0.10273  -0.09178
  84.400    -0.09447   0.10246  -0.09196
  84.450    -0.09461   0.10219  -0.09213
  84.500    -0.09475   0.10192  -0.09231
  84.550    -0.09489   0.10165  -0.09248
  84.600    -0.09502   0.10138  -0.09266
  84.650    -0.09516   0.10111  -0.09283
  84.700    -0.09529   0.10084  -0.09301
  84.750    -0.09543   0.10058  -0.09318
  84.800    -0.09556   0.10031  -0.09336
  84.850    -0.09569   0.10004  -0.09353
  84.900    -0.09582   0.09977  -0.09371
  84.950    -0.09596   0.09950  -0.09389
  85.000    -0.09609   0.09924  -0.09407
  85.050    -0.09621   0.09897  -0.09424
  85.100    -0.09634   0.09871  -0.09442
  85.150    -0.09647   0.09844  -0.09460
  85.200    -0.09660   0.09818  -0.09478
  85.250    -0.09672   0.09791  -0.09496
  85.300    -0.09685   0.09765  -0.09514
  85.350    -0.09697   0.09739  -0.09533
  85.400    -0.09710   0.09713  -0.09551
  85.450    -0.09722   0.09687  -0.09569
  85.500    -0.09734   0.09661  -0.09588
  85.550    -0.09746   0.09635  -0.09606
  85.600    -0.09758   0.09609  -0.09625
  85.650    -0.09770   0.09583  -0.09644
  85.700    -0.09782   0.09557  -0.09663
  85.750    -0.09794   0.09532  -0.09682
  85.800    -0.09805   0.09506  -0.09701
  85.850    -0.09817   0.09481  -0.09720
  85.900    -0.09828   0.09455  -0.09740
  85.950    -0.09840   0.09430  -0.09759
  86.000    -0.09851   0.09405  -0.09779
  86.050    -0.09862   0.09380  -0.09799
  86.100    -0.09873   0.09355  -0.09819
  86.150    -0.09884   0.09330  -0.09839
  86.200    -0.09895   0.09305  -0.09859
  86.250    -0.09906   0.09280  -0.09879
  86.300    -0.09917   0.09256  -0.09899
  86.350    -0.09927   0.09231  -0.09920
  86.400    -0.09938   0.09207  -0.09941
  86.450    -0.09948   0.09182  -0.09962
  86.500    -0.09959   0.09158  -0.09983
  86.550    -0.09969   0.09134  -0.10004
  86.600    -0.09979   0.09110  -0.10025
  86.650    -0.09989   0.09086  -0.10046
  86.700    -0.09999   0.09062  -0.10068
  86.750    -0.10009   0.09038  -0.10090
  86.800    -0.10019   0.09015  -0.10112
  86.850    -0.10029   0.08991  -0.10134
  86.900    -0.10039   0.08968  -0.10156
  86.950    -0.10048   0.08944  -0.10178
  87.000    -0.10058   0.08921  -0.10201
  87.050    -0.10067   0.08898  -0.10223
  87.100    -0.10076   0.08875  -0.10246
  87.150    -0.10086   0.08852  -0.10269
  87.200    -0.10095   0.08829  -0.10292
  87.250    -0.10104   0.08806  -0.10315
  87.300    -0.10113   0.08783  -0.10338
  87.350    -0.10122   0.08760  -0.10361
  87.400    -0.10131   0.08738  -0.10385
  87.450    -0.10140   0.08715  -0.10409
  87.500    -0.10148   0.08693  -0.10432
  87.550    -0.10157   0.08671  -0.10456
  87.600    -0.10166   0.08648  -0.10480
  87.650    -0.10174   0.08626  -0.10505
  87.700    -0.10183   0.08604  -0.10529
  87.750    -0.10191   0.08582  -0.10553
  87.800    -0.10199   0.08560  -0.10578
  87.850    -0.10208   0.08539  -0.10602
  87.900    -0.10216   0.08517  -0.10627
  87.950    -0.10224   0.08495  -0.10652
  88.000    -0.10232   0.08473  -0.10677
  88.050    -0.10240   0.08452  -0.10702
  88.100    -0.10248   0.08430  -0.10727
  88.150    -0.10256   0.08409  -0.10752
  88.200    -0.10264   0.08388  -0.10778
  88.250    -0.10272   0.08366  -0.10803
  88.300    -0.10280   0.08345  -0.10828
  88.350    -0.10288   0.08324  -0.10854
  88.400    -0.10295   0.08303  -0.10879
  88.450    -0.10303   0.08282  -0.10905
  88.500    -0.10311   0.08261  -0.10931
  88.550    -0.10318   0.08240  -0.10956
  88.600    -0.10326   0.08219  -0.10982
  88.650    -0.10333   0.08198  -0.11008
  88.700    -0.10341   0.08177  -0.11034
  88.750    -0.10348   0.08156  -0.11060
  88.800    -0.10356   0.08135  -0.11086
  88.850    -0.10363   0.08114  -0.11112
  88.900    -0.10371   0.08094  -0.11138
  88.950    -0.10378   0.08073  -0.11164
  89.000    -0.10386   0.08052  -0.11190
  89.050    -0.10393   0.08031  -0.11216
  89.100    -0.10400   0.08011  -0.11242
  89.150    -0.10408   0.07990  -0.11267
  89.200    -0.10415   0.07969  -0.11293
  89.250    -0.10422   0.07949  -0.11319
  89.300    -0.10429   0.07928  -0.11345
  89.350    -0.10437   0.07907  -0.11371
  89.400    -0.10444   0.07886  -0.11397
  89.450    -0.10451   0.07866  -0.11423
  89.500    -0.10459   0.07845  -0.11448
  89.550    -0.10466   0.07824  -0.11474
  89.600    -0.10473   0.07804  -0.11499
  89.650    -0.10481   0.07783  -0.11525
  89.700    -0.10488   0.07762  -0.11550
  89.750    -0.10495   0.07741  -0.11575
  89.800    -0.10503   0.07720  -0.11601
  89.850    -0.10510   0.07699  -0.11626
  89.900    -0.10517   0.07678  -0.11651
  89.950    -0.10525   0.07657  -0.11676
  90.000    -0.10532   0.07636  -0.11700
  90.050    -0.10540   0.07615  -0.11725
  90.100    -0.10547   0.07594  -0.11749
  90.150    -0.10555   0.07573  -0.11774
  90.200    -0.10562   0.07552  -0.11798
  90.250    -0.10570   0.07531  -0.11822
  90.300    -0.10577   0.07509  -0.11846
  90.350    -0.10585   0.07488  -0.11870
  90.400    -0.10593   0.07466  -0.11893
  90.450    -0.10600   0.07445  -0.11916
  90.500    -0.10608   0.07423  -0.11940
  90.550    -0.10616   0.07401  -0.11963
  90.600    -0.10624   0.07379  -0.11985
  90.650    -0.10632   0.07358  -0.12008
  90.700    -0.10640   0.07336  -0.12030
  90.750    -0.10648   0.07313  -0.12052
  90.800    -0.10656   0.07291  -0.12074
  90.850    -0.10664   0.07269  -0.12096
  90.900    -0.10672   0.07247  -0.12117
  90.950    -0.10680   0.07224  -0.12138
  91.000    -0.10688   0.07202  -0.12159
  91.050    -0.10697   0.07179  -0.12180
  91.100    -0.10705   0.07156  -0.12200
  91.150    -0.10714   0.07133  -0.12220
  91.200    -0.10722   0.07110  -0.12240
  91.250    -0.10731   0.07087  -0.12260
  91.300    -0.10739   0.07063  -0.12279
  91.350    -0.10748   0.07040  -0.12298
  91.400    -0.10757   0.07016  -0.12317
  91.450    -0.10766   0.06993  -0.12335
  91.500    -0.10774   0.06969  -0.12353
  91.550    -0.10783   0.06945  -0.12371
  91.600    -0.10793   0.06921  -0.12388
  91.650    -0.10802   0.06897  -0.12405
  91.700    -0.10811   0.06872  -0.12422
  91.750    -0.10820   0.06848  -0.12438
  91.800    -0.10829   0.06823  -0.12454
  91.850    -0.10839   0.06798  -0.12470
  91.900    -0.10848   0.06773  -0.12485
  91.950    -0.10858   0.06748  -0.12500
  92.000    -0.10868   0.06723  -0.12515
  92.050    -0.10877   0.06697  -0.12529
  92.100    -0.10887   0.06672  -0.12543
  92.150    -0.10897   0.06646  -0.12556
  92.200    -0.10907   0.06620  -0.12569
  92.250    -0.10917   0.06594  -0.12582
  92.300    -0.10927   0.06567  -0.12594
  92.350    -0.10938   0.06541  -0.12606
  92.400    -0.10948   0.06514  -0.12618
  92.450    -0.10958   0.06487  -0.12629
  92.500    -0.10969   0.06460  -0.12640
  92.550    -0.10980   0.06433  -0.12650
  92.600    -0.10990   0.06406  -0.12660
  92.650    -0.11001   0.06378  -0.12669
  92.700    -0.11012   0.06351  -0.12678
  92.750    -0.11023   0.06323  -0.12687
  92.800    -0.11034   0.06295  -0.12695
  92.850    -0.11045   0.06267  -0.12702
  92.900    -0.11056   0.06238  -0.12710
  92.950    -0.11067   0.06210  -0.12717
  93.000    -0.11079   0.06181  -0.12723
  93.050    -0.11090   0.06152  -0.12729
  93.100    -0.11102   0.06123  -0.12734
  93.150    -0.11114   0.06093  -0.12739
  93.200    -0.11125   0.06064  -0.12744
  93.250    -0.11137   0.06034  -0.12748
  93.300    -0.11149   0.06004  -0.12752
  93.350    -0.11161   0.05974  -0.12755
  93.400    -0.11173   0.05944  -0.12758
  93.450    -0.11185   0.05913  -0.12760
  93.500    -0.11197   0.05883  -0.12762
  93.550    -0.11210   0.05852  -0.12763
  93.600    -0.11222   0.05821  -0.12764
  93.650    -0.11235   0.05789  -0.12765
  93.700    -0.11247   0.05758  -0.12765
  93.750    -0.11260   0.05726  -0.12764
  93.800    -0.11273   0.05695  -0.12763
  93.850    -0.11285   0.05663  -0.12762
  93.900    -0.11298   0.05631  -0.12760
  93.950    -0.11311   0.05598  -0.12758
  94.000    -0.11324   0.05566  -0.12755
  94.050    -0.11337   0.05533  -0.12752
  94.100    -0.11350   0.05500  -0.12748
  94.150    -0.11364   0.05467  -0.12744
  94.200    -0.11377   0.05434  -0.12739
  94.250    -0.11390   0.05400  -0.12734
  94.300    -0.11404   0.05367  -0.12728
  94.350    -0.11418   0.05333  -0.12722
  94.400    -0.11431   0.05299  -0.12716
  94.450    -0.11445   0.05265  -0.12709
  94.500    -0.11459   0.05230  -0.12702
  94.550    -0.11472   0.05196  -0.12694
  94.600    -0.11486   0.05161  -0.12685
  94.650    -0.11500   0.05126  -0.12676
  94.700    -0.11514   0.05091  -0.12667
  94.750    -0.11528   0.05056  -0.12658
  94.800    -0.11542   0.05021  -0.12647
  94.850    -0.11557   0.04985  -0.12637
  94.900    -0.11571   0.04950  -0.12626
  94.950    -0.11585   0.04914  -0.12614
  95.000    -0.11599   0.04878  -0.12602
  95.050    -0.11614   0.04842  -0.12590
  95.100    -0.11628   0.04806  -0.12577
  95.150    -0.11643   0.04769  -0.12564
  95.200    -0.11657   0.04733  -0.12550
  95.250    -0.11672   0.04696  -0.12536
  95.300    -0.11686   0.04659  -0.12522
  95.350    -0.11701   0.04622  -0.12507
  95.400    -0.11716   0.04585  -0.12492
  95.450    -0.11730   0.04547  -0.12476
  95.500    -0.11745   0.04510  -0.12460
  95.550    -0.11760   0.04472  -0.12443
  95.600    -0.11775   0.04435  -0.12426
  95.650    -0.11790   0.04397  -0.12409
  95.700    -0.11804   0.04359  -0.12391
  95.750    -0.11819   0.04321  -0.12373
  95.800    -0.11834   0.04283  -0.12355
  95.850    -0.11849   0.04244  -0.12336
  95.900    -0.11864   0.04206  -0.12317
  95.950    -0.11879   0.04167  -0.12297
  96.000    -0.11894   0.04129  -0.12277
  96.050    -0.11909   0.04090  -0.12257
  96.100    -0.11924   0.04051  -0.12236
  96.150    -0.11939   0.04012  -0.12215
  96.200    -0.11954   0.03973  -0.12193
  96.250    -0.11969   0.03934  -0.12172
  96.300    -0.11984   0.03895  -0.12150
  96.350    -0.11999   0.03855  -0.12127
  96.400    -0.12014   0.03816  -0.12105
  96.450    -0.12030   0.03777  -0.12081
  96.500    -0.12045   0.03737  -0.12058
  96.550    -0.12060   0.03697  -0.12034
  96.600    -0.12075   0.03658  -0.12010
  96.650    -0.12090   0.03618  -0.11986
  96.700    -0.12105   0.03578  -0.11962
  96.750    -0.12120   0.03538  -0.11937
  96.800    -0.12135   0.03498  -0.11912
  96.850    -0.12150   0.03458  -0.11886
  96.900    -0.12165   0.03418  -0.11861
  96.950    -0.12180   0.03378  -0.11835
  97.000    -0.12195   0.03338  -0.11808
  97.050    -0.12209   0.03298  -0.11782
  97.100    -0.12224   0.03257  -0.11755
  97.150    -0.12239   0.03217  -0.11728
  97.200    -0.12254   0.03177  -0.11701
  97.250    -0.12269   0.03136  -0.11674
  97.300    -0.12284   0.03096  -0.11646
  97.350    -0.12298   0.03055  -0.11618
  97.400    -0.12313   0.03015  -0.11590
  97.450    -0.12328   0.02975  -0.11562
  97.500    -0.12342   0.02934  -0.11533
  97.550    -0.12357   0.02894  -0.11505
  97.600    -0.12371   0.02853  -0.11476
  97.650    -0.12386   0.02813  -0.11447
  97.700    -0.12400   0.02772  -0.11418
  97.750    -0.12414   0.02732  -0.11388
  97.800    -0.12429   0.02691  -0.11359
  97.850    -0.12443   0.02651  -0.11329
  97.900    -0.12457   0.02610  -0.11299
  97.950    -0.12471   0.02570  -0.11269
  98.000    -0.12486   0.02530  -0.11239
  98.050    -0.12500   0.02489  -0.11209
  98.100    -0.12514   0.02449  -0.11178
  98.150    -0.12527   0.02409  -0.11148
  98.200    -0.12541   0.02368  -0.11117
  98.250    -0.12555   0.02328  -0.11087
  98.300    -0.12569   0.02288  -0.11056
  98.350    -0.12582   0.02248  -0.11025
  98.400    -0.12596   0.02207  -0.10994
  98.450    -0.12609   0.02167  -0.10963
  98.500    -0.12623   0.02127  -0.10932
  98.550    -0.12636   0.02087  -0.10900
  98.600    -0.12650   0.02047  -0.10869
  98.650    -0.12663   0.02008  -0.10838
  98.700    -0.12676   0.01968  -0.10806
  98.750    -0.12689   0.01928  -0.10775
  98.800    -0.12702   0.01888  -0.10743
  98.850    -0.12715   0.01849  -0.10712
  98.900    -0.12727   0.01809  -0.10680
  98.950    -0.12740   0.01770  -0.10649
  99.000    -0.12753   0.01730  -0.10617
  99.050    -0.12765   0.01691  -0.10585
  99.100    -0.12778   0.01652  -0.10554
  99.150    -0.12790   0.01613  -0.10522
  99.200    -0.12802   0.01574  -0.10490
  99.250    -0.12815   0.01535  -0.10459
  99.300    -0.12827   0.01496  -0.10427
  99.350    -0.12839   0.01457  -0.10396
  99.400    -0.12851   0.01419  -0.10364
  99.450    -0.12862   0.01380  -0.10332
  99.500    -0.12874   0.01342  -0.10301
  99.550    -0.12886   0.01304  -0.10269
  99.600    -0.12897   0.01265  -0.10238
  99.650    -0.12909   0.01227  -0.10206
  99.700    -0.12920   0.01189  -0.10175
  99.750    -0.12931   0.01151  -0.10144
  99.800    -0.12942   0.01114  -0.10113
  99.850    -0.12953   0.01076  -0.10081
  99.900    -0.12964   0.01039  -0.10050
  99.950    -0.12975   0.01001  -0.10019
 100.000    -0.12986   0.00964  -0.09988
 100.050    -0.12997   0.00927  -0.09957
 100.100    -0.13007   0.00890  -0.09927
 100.150    -0.13017   0.00853  -0.09896
 100.200    -0.13028   0.00816  -0.09865
 100.250    -0.13038   0.00780  -0.09835
 100.300    -0.13048   0.00743  -0.09805
 100.350    -0.13058   0.00707  -0.09774
 100.400    -0.13068   0.00671  -0.09744
 100.450    -0.13078   0.00635  -0.09714
 100.500    -0.13088   0.00599  -0.09684
 100.550    -0.13097   0.00563  -0.09654
 100.600    -0.13107   0.00527  -0.09624
 100.650    -0.13116   0.00492  -0.09595
 100.700    -0.13125   0.00456  -0.09565
 100.750    -0.13135   0.00421  -0.09536
 100.800    -0.13144   0.00386  -0.09507
 100.850    -0.13153   0.00351  -0.09478
 100.900    -0.13162   0.00317  -0.09449
 100.950    -0.13170   0.00282  -0.09420
 101.000    -0.13179   0.00248  -0.09391
 101.050    -0.13188   0.00213  -0.09363
 101.100    -0.13196   0.00179  -0.09334
 101.150    -0.13205   0.00145  -0.09306
 101.200    -0.13213   0.00111  -0.09278
 101.250    -0.13221   0.00078  -0.09250
 101.300    -0.13229   0.00044  -0.09223
 101.350    -0.13237   0.00011  -0.09195
 101.400    -0.13245  -0.00022  -0.09168
 101.450    -0.13253  -0.00056  -0.09140
 101.500    -0.13261  -0.00088  -0.09113
 101.550    -0.13268  -0.00121  -0.09086
 101.600    -0.13276  -0.00154  -0.09059
 101.650    -0.13283  -0.00186  -0.09033
 101.700    -0.13290  -0.00218  -0.09006
 101.750    -0.13298  -0.00251  -0.08980
 101.800    -0.13305  -0.00282  -0.08954
 101.850    -0.13312  -0.00314  -0.08928
 101.900    -0.13319  -0.00346  -0.08902
 101.950    -0.13326  -0.00377  -0.08877
 102.000    -0.13333  -0.00409  -0.08851
 102.050    -0.13339  -0.00440  -0.08826
 102.100    -0.13346  -0.00471  -0.08801
 102.150    -0.13352  -0.00502  -0.08776
 102.200    -0.13359  -0.00533  -0.08751
 102.250    -0.13365  -0.00563  -0.08726
 102.300    -0.13372  -0.00594  -0.08702
 102.350    -0.13378  -0.00624  -0.08678
 102.400    -0.13384  -0.00654  -0.08653
 102.450    -0.13390  -0.00684  -0.08630
 102.500    -0.13396  -0.00714  -0.08606
 102.550    -0.13402  -0.00743  -0.08582
 102.600    -0.13408  -0.00773  -0.08559
 102.650    -0.13413  -0.00802  -0.08535
 102.700    -0.13419  -0.00832  -0.08512
 102.750    -0.13425  -0.00861  -0.08489
 102.800    -0.13430  -0.00890  -0.08467
 102.850    -0.13436  -0.00918  -0.08444
 102.900    -0.13441  -0.00947  -0.08421
 102.950    -0.13446  -0.00976  -0.08399
 103.000    -0.13452  -0.01004  -0.08377
 103.050    -0.13457  -0.01032  -0.08355
 103.100    -0.13462  -0.01060  -0.08333
 103.150    -0.13467  -0.01088  -0.08311
 103.200    -0.13472  -0.01116  -0.08290
 103.250    -0.13477  -0.01144  -0.08268
 103.300    -0.13482  -0.01172  -0.08247
 103.350    -0.13487  -0.01199  -0.08226
 103.400    -0.13492  -0.01226  -0.08205
 103.450    -0.13497  -0.01254  -0.08184
 103.500    -0.13502  -0.01281  -0.08163
 103.550    -0.13506  -0.01308  -0.08143
 103.600    -0.13511  -0.01335  -0.08122
 103.650    -0.13516  -0.01361  -0.08102
 103.700    -0.13520  -0.01388  -0.08081
 103.750    -0.13525  -0.01415  -0.08061
 103.800    -0.13529  -0.01441  -0.08041
 103.850    -0.13534  -0.01467  -0.08021
 103.900    -0.13538  -0.01494  -0.08002
 103.950    -0.13543  -0.01520  -0.07982
 104.000    -0.13547  -0.01546  -0.07962
 104.050    -0.13551  -0.01572  -0.07943
 104.100    -0.13556  -0.01597  -0.07923
 104.150    -0.13560  -0.01623  -0.07904
 104.200    -0.13564  -0.01649  -0.07885
 104.250    -0.13569  -0.01674  -0.07866
 104.300    -0.13573  -0.01700  -0.07847
 104.350    -0.13577  -0.01725  -0.07828
 104.400    -0.13581  -0.01750  -0.07809
 104.450    -0.13585  -0.01775  -0.07790
 104.500    -0.13590  -0.01801  -0.07771
 104.550    -0.13594  -0.01826  -0.07752
 104.600    -0.13598  -0.01851  -0.07734
 104.650    -0.13602  -0.01876  -0.07715
 104.700    -0.13606  -0.01900  -0.07697
 104.750    -0.13611  -0.01925  -0.07678
 104.800    -0.13615  -0.01950  -0.07660
 104.850    -0.13619  -0.01974  -0.07641
 104.900    -0.13623  -0.01999  -0.07623
 104.950    -0.13627  -0.02024  -0.07604
 105.000    -0.13631  -0.02048  -0.07586
 105.050    -0.13636  -0.02072  -0.07568
 105.100    -0.13640  -0.02097  -0.07549
 105.150    -0.13644  -0.02121  -0.07531
 105.200    -0.13648  -0.02145  -0.07513
 105.250    -0.13653  -0.02170  -0.07494
 105.300    -0.13657  -0.02194  -0.07476
 105.350    -0.13661  -0.02218  -0.07458
 105.400    -0.13665  -0.02242  -0.07439
 105.450    -0.13670  -0.02266  -0.07421
 105.500    -0.13674  -0.02290  -0.07403
 105.550    -0.13678  -0.02314  -0.07384
 105.600    -0.13683  -0.02338  -0.07366
 105.650    -0.13687  -0.02362  -0.07347
 105.700    -0.13692  -0.02386  -0.07329
 105.750    -0.13696  -0.02410  -0.07310
 105.800    -0.13701  -0.02434  -0.07291
 105.850    -0.13705  -0.02458  -0.07273
 105.900    -0.13710  -0.02482  -0.07254
 105.950    -0.13715  -0.02506  -0.07235
 106.000    -0.13719  -0.02530  -0.07216
 106.050    -0.13724  -0.02554  -0.07197
 106.100    -0.13729  -0.02578  -0.07178
 106.150    -0.13734  -0.02602  -0.07159
 106.200    -0.13739  -0.02626  -0.07140
 106.250    -0.13744  -0.02650  -0.07120
 106.300    -0.13749  -0.02674  -0.07101
 106.350    -0.13754  -0.02698  -0.07081
 106.400    -0.13759  -0.02722  -0.07062
 106.450    -0.13764  -0.02746  -0.07042
 106.500    -0.13769  -0.02770  -0.07022
 106.550    -0.13774  -0.02795  -0.07002
 106.600    -0.13780  -0.02819  -0.06982
 106.650    -0.13785  -0.02843  -0.06961
 106.700    -0.13791  -0.02867  -0.06941
 106.750    -0.13796  -0.02891  -0.06920
 106.800    -0.13802  -0.02916  -0.06900
 106.850    -0.13807  -0.02940  -0.06879
 106.900    -0.13813  -0.02964  -0.06858
 106.950    -0.13819  -0.02989  -0.06836
 107.000    -0.13825  -0.03013  -0.06815
 107.050    -0.13831  -0.03038  -0.06793
 107.100    -0.13837  -0.03063  -0.06772
 107.150    -0.13843  -0.03087  -0.06750
 107.200    -0.13849  -0.03112  -0.06727
 107.250    -0.13855  -0.03137  -0.06705
 107.300    -0.13861  -0.03162  -0.06682
 107.350    -0.13868  -0.03187  -0.06660
 107.400    -0.13874  -0.03212  -0.06637
 107.450    -0.13881  -0.03237  -0.06613
 107.500    -0.13887  -0.03262  -0.06590
 107.550    -0.13894  -0.03287  -0.06566
 107.600    -0.13901  -0.03312  -0.06542
 107.650    -0.13908  -0.03338  -0.06518
 107.700    -0.13915  -0.03363  -0.06494
 107.750    -0.13922  -0.03389  -0.06469
 107.800    -0.13929  -0.03414  -0.06444
 107.850    -0.13936  -0.03440  -0.06419
 107.900    -0.13943  -0.03466  -0.06394
 107.950    -0.13951  -0.03492  -0.06368
 108.000    -0.13958  -0.03518  -0.06342
 108.050    -0.13966  -0.03544  -0.06316
 108.100    -0.13973  -0.03570  -0.06290
 108.150    -0.13981  -0.03596  -0.06263
 108.200    -0.13989  -0.03623  -0.06236
 108.250    -0.13997  -0.03649  -0.06209
 108.300    -0.14005  -0.03676  -0.06181
 108.350    -0.14013  -0.03702  -0.06153
 108.400    -0.14021  -0.03729  -0.06125
 108.450    -0.14029  -0.03756  -0.06097
 108.500    -0.14038  -0.03783  -0.06068
 108.550    -0.14046  -0.03810  -0.06039
 108.600    -0.14055  -0.03838  -0.06009
 108.650    -0.14064  -0.03865  -0.05980
 108.700    -0.14072  -0.03893  -0.05950
 108.750    -0.14081  -0.03920  -0.05919
 108.800    -0.14090  -0.03948  -0.05889
 108.850    -0.14099  -0.03976  -0.05858
 108.900    -0.14108  -0.04004  -0.05826
 108.950    -0.14118  -0.04032  -0.05795
 109.000    -0.14127  -0.04060  -0.05763
 109.050    -0.14136  -0.04089  -0.05730
 109.100    -0.14146  -0.04117  -0.05698
 109.150    -0.14155  -0.04146  -0.05665
 109.200    -0.14165  -0.04174  -0.05631
 109.250    -0.14175  -0.04203  -0.05597
 109.300    -0.14185  -0.04232  -0.05563
 109.350    -0.14195  -0.04261  -0.05529
 109.400    -0.14205  -0.04291  -0.05494
 109.450    -0.14215  -0.04320  -0.05459
 109.500    -0.14225  -0.04350  -0.05423
 109.550    -0.14236  -0.04379  -0.05387
 109.600    -0.14246  -0.04409  -0.05351
 109.650    -0.14257  -0.04439  -0.05314
 109.700    -0.14267  -0.04469  -0.05277
 109.750    -0.14278  -0.04499  -0.05240
 109.800    -0.14289  -0.04530  -0.05202
 109.850    -0.14300  -0.04560  -0.05164
 109.900    -0.14311  -0.04591  -0.05125
 109.950    -0.14322  -0.04622  -0.05086
 110.000    -0.14333  -0.04652  -0.05047
 110.050    -0.14344  -0.04684  -0.05007
 110.100    -0.14356  -0.04715  -0.04967
 110.150    -0.14367  -0.04746  -0.04927
 110.200    -0.14379  -0.04777  -0.04886
 110.250    -0.14390  -0.04809  -0.04845
 110.300    -0.14402  -0.04841  -0.04803
 110.350    -0.14414  -0.04873  -0.04761
 110.400    -0.14426  -0.04905  -0.04718
 110.450    -0.14437  -0.04937  -0.04676
 110.500    -0.14449  -0.04969  -0.04632
 110.550    -0.14462  -0.05002  -0.04589
 110.600    -0.14474  -0.05034  -0.04545
 110.650    -0.14486  -0.05067  -0.04500
 110.700    -0.14498  -0.05100  -0.04455
 110.750    -0.14511  -0.05133  -0.04410
 110.800    -0.14523  -0.05166  -0.04364
 110.850    -0.14536  -0.05199  -0.04318
 110.900    -0.14548  -0.05233  -0.04272
 110.950    -0.14561  -0.05266  -0.04225
 111.000    -0.14574  -0.05300  -0.04178
 111.050    -0.14587  -0.05334  -0.04130
 111.100    -0.14599  -0.05368  -0.04082
 111.150    -0.14612  -0.05402  -0.04034
 111.200    -0.14625  -0.05436  -0.03985
 111.250    -0.14638  -0.05470  -0.03935
 111.300    -0.14652  -0.05505  -0.03886
 111.350    -0.14665  -0.05539  -0.03836
 111.400    -0.14678  -0.05574  -0.03785
 111.450    -0.14691  -0.05609  -0.03734
 111.500    -0.14705  -0.05644  -0.03683
 111.550    -0.14718  -0.05679  -0.03631
 111.600    -0.14732  -0.05714  -0.03579
 111.650    -0.14745  -0.05750  -0.03527
 111.700    -0.14759  -0.05785  -0.03474
 111.750    -0.14772  -0.05821  -0.03421
 111.800    -0.14786  -0.05856  -0.03367
 111.850    -0.14800  -0.05892  -0.03313
 111.900    -0.14813  -0.05928  -0.03259
 111.950    -0.14827  -0.05964  -0.03204
 112.000    -0.14841  -0.06000  -0.03149
 112.050    -0.14855  -0.06037  -0.03093
 112.100    -0.14869  -0.06073  -0.03037
 112.150    -0.14883  -0.06110  -0.02981
 112.200    -0.14896  -0.06146  -0.02924
 112.250    -0.14910  -0.06183  -0.02867
 112.300    -0.14924  -0.06220  -0.02810
 112.350    -0.14938  -0.06257  -0.02752
 112.400    -0.14952  -0.06294  -0.02694
 112.450    -0.14967  -0.06331  -0.02635
 112.500    -0.14981  -0.06368  -0.02576
 112.550    -0.14995  -0.06406  -0.02517
 112.600    -0.15009  -0.06443  -0.02457
 112.650    -0.15023  -0.06480  -0.02397
 112.700    -0.15037  -0.06518  -0.02337
 112.750    -0.15051  -0.06556  -0.02276
 112.800    -0.15065  -0.06594  -0.02215
 112.850    -0.15080  -0.06631  -0.02154
 112.900    -0.15094  -0.06669  -0.02092
 112.950    -0.15108  -0.06707  -0.02030
 113.000    -0.15122  -0.06745  -0.01967
 113.050    -0.15136  -0.06784  -0.01905
 113.100    -0.15150  -0.06822  -0.01842
 113.150    -0.15165  -0.06860  -0.01778
 113.200    -0.15179  -0.06899  -0.01714
 113.250    -0.15193  -0.06937  -0.01650
 113.300    -0.15207  -0.06976  -0.01586
 113.350    -0.15221  -0.07014  -0.01521
 113.400    -0.15235  -0.07053  -0.01456
 113.450    -0.15249  -0.07092  -0.01391
 113.500    -0.15263  -0.07130  -0.01325
 113.550    -0.15277  -0.07169  -0.01259
 113.600    -0.15291  -0.07208  -0.01193
 113.650    -0.15305  -0.07247  -0.01126
 113.700    -0.15319  -0.07286  -0.01059
 113.750    -0.15333  -0.07325  -0.00992
 113.800    -0.15347  -0.07364  -0.00925
 113.850    -0.15361  -0.07403  -0.00857
 113.900    -0.15374  -0.07442  -0.00789
 113.950    -0.15388  -0.07481  -0.00721
 114.000    -0.15402  -0.07520  -0.00652
 114.050    -0.15415  -0.07560  -0.00584
 114.100    -0.15429  -0.07599  -0.00515
 114.150    -0.15443  -0.07638  -0.00445
 114.200    -0.15456  -0.07677  -0.00376
 114.250    -0.15469  -0.07716  -0.00306
 114.300    -0.15483  -0.07756  -0.00236
 114.350    -0.15496  -0.07795  -0.00166
 114.400    -0.15509  -0.07834  -0.00095
 114.450    -0.15522  -0.07874  -0.00025
 114.500    -0.15536  -0.07913   0.00046
 114.550    -0.15549  -0.07952   0.00118
 114.600    -0.15562  -0.07992   0.00189
 114.650    -0.15574  -0.08031   0.00261
 114.700    -0.15587  -0.08070   0.00332
 114.750    -0.15600  -0.08109   0.00404
 114.800    -0.15613  -0.08149   0.00476
 114.850    -0.15625  -0.08188   0.00549
 114.900    -0.15638  -0.08227   0.00621
 114.950    -0.15650  -0.08266   0.00694
 115.000    -0.15662  -0.08306   0.00767
 115.050    -0.15674  -0.08345   0.00840
 115.100    -0.15686  -0.08384   0.00913
 115.150    -0.15698  -0.08423   0.00987
 115.200    -0.15710  -0.08462   0.01060
 115.250    -0.15722  -0.08501   0.01134
 115.300    -0.15734  -0.08540   0.01208
 115.350    -0.15745  -0.08579   0.01282
 115.400    -0.15757  -0.08618   0.01356
 115.450    -0.15768  -0.08656   0.01430
 115.500    -0.15779  -0.08695   0.01504
 115.550    -0.15791  -0.08734   0.01579
 115.600    -0.15802  -0.08772   0.01654
 115.650    -0.15812  -0.08811   0.01728
 115.700    -0.15823  -0.08849   0.01803
 115.750    -0.15834  -0.08888   0.01878
 115.800    -0.15844  -0.08926   0.01953
 115.850    -0.15855  -0.08964   0.02028
 115.900    -0.15865  -0.09002   0.02103
 115.950    -0.15875  -0.09041   0.02178
 116.000    -0.15885  -0.09079   0.02254
 116.050    -0.15895  -0.09116   0.02329
 116.100    -0.15904  -0.09154   0.02405
 116.150    -0.15914  -0.09192   0.02480
 116.200    -0.15923  -0.09230   0.02556
 116.250    -0.15933  -0.09267   0.02631
 116.300    -0.15942  -0.09304   0.02707
 116.350    -0.15951  -0.09342   0.02782
 116.400    -0.15959  -0.09379   0.02858
 116.450    -0.15968  -0.09416   0.02934
 116.500    -0.15977  -0.09453   0.03009
 116.550    -0.15985  -0.09490   0.03085
 116.600    -0.15993  -0.09527   0.03161
 116.650    -0.16001  -0.09563   0.03237
 116.700    -0.16009  -0.09600   0.03312
 116.750    -0.16016  -0.09636   0.03388
 116.800    -0.16024  -0.09672   0.03464
 116.850    -0.16031  -0.09708   0.03539
 116.900    -0.16038  -0.09744   0.03615
 116.950    -0.16045  -0.09780   0.03691
 117.000    -0.16052  -0.09815   0.03766
 117.050    -0.16059  -0.09851   0.03842
 117.100    -0.16065  -0.09886   0.03917
 117.150    -0.16071  -0.09921   0.03992
 117.200    -0.16078  -0.09956   0.04068
 117.250    -0.16083  -0.09991   0.04143
 117.300    -0.16089  -0.10026   0.04218
 117.350    -0.16095  -0.10060   0.04293
 117.400    -0.16100  -0.10095   0.04368
 117.450    -0.16105  -0.10129   0.04443
 117.500    -0.16110  -0.10163   0.04518
 117.550    -0.16115  -0.10197   0.04593
 117.600    -0.16119  -0.10230   0.04667
 117.650    -0.16124  -0.10264   0.04742
 117.700    -0.16128  -0.10297   0.04816
 117.750    -0.16132  -0.10330   0.04891
 117.800    -0.16135  -0.10363   0.04965
 117.850    -0.16139  -0.10396   0.05039
 117.900    -0.16142  -0.10428   0.05113
 117.950    -0.16145  -0.10461   0.05186
 118.000    -0.16148  -0.10493   0.05260
 118.050    -0.16151  -0.10525   0.05333
 118.100    -0.16153  -0.10556   0.05407
 118.150    -0.16155  -0.10588   0.05480
 118.200    -0.16157  -0.10619   0.05553
 118.250    -0.16159  -0.10650   0.05626
 118.300    -0.16161  -0.10681   0.05698
 118.350    -0.16162  -0.10712   0.05771
 118.400    -0.16163  -0.10742   0.05843
 118.450    -0.16164  -0.10772   0.05915
 118.500    -0.16165  -0.10802   0.05987
 118.550    -0.16165  -0.10832   0.06058
 118.600    -0.16166  -0.10862   0.06130
 118.650    -0.16166  -0.10891   0.06201
 118.700    -0.16166  -0.10920   0.06272
 118.750    -0.16165  -0.10949   0.06342
 118.800    -0.16164  -0.10977   0.06413
 118.850    -0.16164  -0.11005   0.06483
 118.900    -0.16162  -0.11034   0.06553
 118.950    -0.16161  -0.11061   0.06623
 119.000    -0.16159  -0.11089   0.06693
 119.050    -0.16158  -0.11116   0.06762
 119.100    -0.16155  -0.11143   0.06831
 119.150    -0.16153  -0.11170   0.06900
 119.200    -0.16151  -0.11197   0.06968
 119.250    -0.16148  -0.11223   0.07036
 119.300    -0.16145  -0.11249   0.07104
 119.350    -0.16141  -0.11275   0.07172
 119.400    -0.16138  -0.11300   0.07239
 119.450    -0.16134  -0.11326   0.07307
 119.500    -0.16130  -0.11351   0.07373
 119.550    -0.16126  -0.11375   0.07440
 119.600    -0.16121  -0.11400   0.07506
 119.650    -0.16117  -0.11424   0.07572
 119.700    -0.16112  -0.11448   0.07638
 119.750    -0.16106  -0.11471   0.07703
 119.800    -0.16101  -0.11495   0.07768
 119.850    -0.16095  -0.11518   0.07832
 119.900    -0.16089  -0.11541   0.07897
 119.950    -0.16083  -0.11563   0.07961
 120.000    -0.16076  -0.11585   0.08024
