  0.2000    0.029733    0.000000    0.000000    0.000000
  0.2253    0.040485    0.000000    0.000000    0.000000
  0.2521    0.054265    0.000000    0.000000    0.000000
  0.2804    0.071735    0.000000    0.000000    0.000000
  0.3102    0.093673    0.000000    0.000000    0.000000
  0.3415    0.120999    0.000000    0.000000    0.000000
  0.3743    0.154795    0.000000    0.000000    0.000000
  0.4086    0.196342    0.000000    0.000000    0.000000
  0.4444    0.247160    0.000000    0.000000    0.000000
  0.4817    0.309061    0.000000    0.000000    0.000000
  0.5205    0.384214    0.000000    0.000000    0.000000
  0.5608    0.475236    0.000000    0.000000    0.000000
  0.6027    0.585306    0.000000    0.000000    0.000000
  0.6460    0.718322    0.000000    0.000000    0.000000
  0.6908    0.879112    0.000000    0.000000    0.000000
  0.7372    1.073725    0.000000    0.000000    0.000000
  0.7850    1.309845    0.000000    0.000000    0.000000
  0.8344    1.597380    0.000000    0.000000    0.000000
  0.8852    1.949339    0.000000    0.000000    0.000000
  0.9376    2.383146    0.000000    0.000000    0.000000
  0.9914    2.922693    0.000000    0.000000    0.000000
  1.0468    3.601660    0.000000    0.000000    0.000000
  1.1037    4.469079    0.000000    0.000000    0.000000
  1.1621    5.599162    0.000000    0.000000    0.000000
  1.2219    7.109638    0.000000    0.000000    0.000000
  1.2833    9.198415    0.000000    0.000000    0.000000
  1.3462   12.223219    0.000000    0.000000    0.000000
  1.4106   16.892364    0.000000    0.000000    0.000000
  1.4765   24.770972    0.000000    0.000000    0.000000
  1.5439   39.653268    0.000000    0.000000    0.000000
  1.6128   68.957301    0.000000    0.000000    0.000000
  1.6832  -72.234801    0.000000    0.000000    0.000000
  1.7551  -47.158097    0.000000    0.000000    0.000000
  1.8285  -34.558589    0.000000    0.000000    0.000000
  1.9035  -27.671512    0.000000    0.000000    0.000000
  1.9799  -23.459450    0.000000    0.000000    0.000000
  2.0578  -20.649675    0.000000    0.000000    0.000000
  2.1373  -18.648567    0.000000    0.000000    0.000000
  2.2182  -17.147601    0.000000    0.000000    0.000000
  2.3006  -15.971189    0.000000    0.000000    0.000000
  2.3846  -15.011400    0.000000    0.000000    0.000000
  2.4700  -14.197072    0.000000    0.000000    0.000000
  2.5570  -13.477830    0.000000    0.000000    0.000000
  2.6454  -12.815041    0.000000    0.000000    0.000000
  2.7354  -12.176011    0.000000    0.000000    0.000000
  2.8269  -11.529486    0.000000    0.000000    0.000000
  2.9199  -10.840904    0.000000    0.000000    0.000000
  3.0143  -10.065255    0.000000    0.000000    0.000000
  3.1103   -9.132128    0.000000    0.000000    0.000000
  3.2078   -7.902392    0.000000    0.000000    0.000000
  3.3068   -5.954900    0.000000    0.000000    0.000000
  3.4073  -17.118595    9.531676    0.000130    0.000073
  3.5093  -24.332642   12.635227    0.003179    0.001779
  3.6128  -28.186226   14.339699    0.012493    0.006952
  3.7178  -30.816818   15.642146    0.030329    0.016782
  3.8243  -32.750600   16.729528    0.058632    0.032255
  3.9323  -34.220435   17.665898    0.099200    0.054248
  4.0418  -35.356916   18.478832    0.153747    0.083567
  4.1529  -36.243785   19.182217    0.223936    0.120966
  4.2654  -36.939454   19.784378    0.311395    0.167154
  4.3794  -37.486968   20.291498    0.417722    0.222800
  4.4950  -37.919207   20.709166    0.544482    0.288536
  4.6120  -38.261872   21.043091    0.693200    0.364951
  4.7305  -38.535342   21.299402    0.865344    0.452588
  4.8506  -38.755910   21.484752    1.062303    0.551938
  4.9721  -38.936653   21.606329    1.285349    0.663425
  5.0952  -39.088079   21.671844    1.535597    0.787394
  5.2198  -39.218624   21.689521    1.813937    0.924088
  5.3458  -39.335040   21.668123    2.120958    1.073618
  5.4734  -39.442715   21.617016    2.456848    1.235928
  5.6025  -39.545919   21.546293    2.821269    1.410745
  5.7331  -39.648020   21.466943    3.213211    1.597506
  5.8651  -39.751647   21.391069    3.630827    1.795274
  5.9987  -39.858837   21.332148    4.071279    2.002614
  6.1338  -39.971138   21.305283    4.530609    2.217436
  6.2704  -40.089715   21.327392    5.003729    2.436800
  6.4085  -40.215413   21.417236    5.484608    2.656666
  6.5481  -40.348829   21.595132    5.966782    2.871622
  6.6892  -40.490357   21.882229    6.444272    3.074635
  6.8318  -40.640231   22.299272    6.912874    3.256909
  6.9760  -40.798557   22.864984    7.371524    3.408044
  7.1216  -40.965341   23.594396    7.823197    3.516656
  7.2687  -41.140507   24.497615    8.274784    3.571578
  7.4173  -41.323923   25.579370    8.735764    3.563450
  7.5675  -41.515405   26.839359    9.216174    3.486171
  7.7191  -41.714736   28.273114    9.724748    3.337659
  7.8723  -41.921671   29.872978   10.267902    3.119638
  8.0269  -42.135947   31.628908   10.849613    2.836703
  8.1831  -42.357287   33.528994   11.471874    2.495140
  8.3407  -42.585406   35.559725   12.135300    2.101880
  8.4999  -42.820014   37.706100   12.839658    1.663785
  8.6605  -43.060821   39.951707   13.584231    1.187222
  8.8227  -43.307536   42.278835   14.368042    0.677885
  8.9864   44.668687  -43.559871   15.189969    0.140747
  9.1516   47.101705  -43.817544   16.048800   -0.419905
  9.3182   49.558009  -44.080277   16.943241   -1.000402
  9.4864   52.017899  -44.347799   17.871917   -1.597610
  9.6561   54.462395  -44.619846   18.833359   -2.208856
  9.8273   56.873749  -44.896160   19.825987   -2.831856
 10.0000   59.235892  -45.176493   20.848097   -3.464650
