 #S.p. wfs for channel:           3
   0.000     0.00000   0.00000   0.00000
   0.050     0.00000   0.00000   0.00000
   0.100     0.00001   0.00001   0.00002
   0.150     0.00002   0.00003   0.00005
   0.200     0.00004   0.00006   0.00012
   0.250     0.00006   0.00011   0.00020
   0.300     0.00009   0.00016   0.00030
   0.350     0.00012   0.00021   0.00039
   0.400     0.00014   0.00025   0.00046
   0.450     0.00015   0.00026   0.00048
   0.500     0.00015   0.00025   0.00046
   0.550     0.00012   0.00021   0.00038
   0.600     0.00008   0.00015   0.00025
   0.650     0.00003   0.00007   0.00009
   0.700    -0.00002  -0.00002  -0.00009
   0.750    -0.00007  -0.00011  -0.00026
   0.800    -0.00012  -0.00018  -0.00040
   0.850    -0.00014  -0.00022  -0.00049
   0.900    -0.00015  -0.00023  -0.00052
   0.950    -0.00013  -0.00020  -0.00048
   1.000    -0.00010  -0.00015  -0.00038
   1.050    -0.00006  -0.00006  -0.00025
   1.100    -0.00000   0.00003  -0.00008
   1.150     0.00005   0.00013   0.00008
   1.200     0.00010   0.00021   0.00022
   1.250     0.00013   0.00027   0.00031
   1.300     0.00014   0.00030   0.00035
   1.350     0.00014   0.00030   0.00033
   1.400     0.00011   0.00027   0.00025
   1.450     0.00007   0.00021   0.00012
   1.500     0.00003   0.00013  -0.00005
   1.550    -0.00003   0.00005  -0.00023
   1.600    -0.00008  -0.00004  -0.00041
   1.650    -0.00012  -0.00011  -0.00056
   1.700    -0.00016  -0.00016  -0.00068
   1.750    -0.00017  -0.00018  -0.00074
   1.800    -0.00017  -0.00017  -0.00076
   1.850    -0.00015  -0.00013  -0.00071
   1.900    -0.00012  -0.00007  -0.00062
   1.950    -0.00008   0.00000  -0.00050
   2.000    -0.00003   0.00009  -0.00035
   2.050     0.00002   0.00019  -0.00020
   2.100     0.00007   0.00027  -0.00006
   2.150     0.00011   0.00034   0.00005
   2.200     0.00013   0.00040   0.00013
   2.250     0.00014   0.00042   0.00016
   2.300     0.00014   0.00043   0.00015
   2.350     0.00013   0.00041   0.00010
   2.400     0.00010   0.00036  -0.00000
   2.450     0.00006   0.00030  -0.00013
   2.500     0.00001   0.00023  -0.00028
   2.550    -0.00004   0.00015  -0.00045
   2.600    -0.00008   0.00007  -0.00061
   2.650    -0.00013   0.00000  -0.00076
   2.700    -0.00016  -0.00006  -0.00089
   2.750    -0.00019  -0.00010  -0.00098
   2.800    -0.00021  -0.00013  -0.00104
   2.850    -0.00021  -0.00013  -0.00106
   2.900    -0.00020  -0.00011  -0.00104
   2.950    -0.00018  -0.00007  -0.00098
   3.000    -0.00015  -0.00002  -0.00089
   3.050    -0.00011   0.00005  -0.00078
   3.100    -0.00007   0.00012  -0.00065
   3.150    -0.00002   0.00020  -0.00051
   3.200     0.00002   0.00028  -0.00037
   3.250     0.00006   0.00035  -0.00024
   3.300     0.00010   0.00042  -0.00012
   3.350     0.00013   0.00047  -0.00003
   3.400     0.00015   0.00051   0.00003
   3.450     0.00016   0.00053   0.00006
   3.500     0.00016   0.00053   0.00007
   3.550     0.00015   0.00052   0.00003
   3.600     0.00013   0.00049  -0.00003
   3.650     0.00010   0.00045  -0.00011
   3.700     0.00007   0.00039  -0.00022
   3.750     0.00003   0.00033  -0.00035
   3.800    -0.00001   0.00026  -0.00049
   3.850    -0.00006   0.00019  -0.00063
   3.900    -0.00010   0.00012  -0.00077
   3.950    -0.00014   0.00005  -0.00090
   4.000    -0.00017  -0.00000  -0.00102
   4.050    -0.00020  -0.00005  -0.00112
   4.100    -0.00022  -0.00009  -0.00119
   4.150    -0.00024  -0.00011  -0.00125
   4.200    -0.00024  -0.00012  -0.00128
   4.250    -0.00024  -0.00011  -0.00128
   4.300    -0.00023  -0.00009  -0.00125
   4.350    -0.00021  -0.00006  -0.00121
   4.400    -0.00019  -0.00002  -0.00114
   4.450    -0.00016   0.00004  -0.00105
   4.500    -0.00012   0.00010  -0.00095
   4.550    -0.00008   0.00017  -0.00083
   4.600    -0.00004   0.00024  -0.00072
   4.650    -0.00000   0.00031  -0.00060
   4.700     0.00003   0.00038  -0.00048
   4.750     0.00007   0.00045  -0.00037
   4.800     0.00010   0.00051  -0.00027
   4.850     0.00013   0.00056  -0.00019
   4.900     0.00015   0.00060  -0.00012
   4.950     0.00016   0.00063  -0.00008
   5.000     0.00017   0.00066  -0.00006
   5.050     0.00017   0.00067  -0.00005
   5.100     0.00017   0.00066  -0.00007
   5.150     0.00016   0.00065  -0.00012
   5.200     0.00014   0.00063  -0.00018
   5.250     0.00011   0.00059  -0.00026
   5.300     0.00008   0.00055  -0.00036
   5.350     0.00005   0.00050  -0.00047
   5.400     0.00002   0.00045  -0.00059
   5.450    -0.00002   0.00039  -0.00073
   5.500    -0.00006   0.00033  -0.00086
   5.550    -0.00010   0.00027  -0.00100
   5.600    -0.00014   0.00022  -0.00113
   5.650    -0.00017   0.00016  -0.00126
   5.700    -0.00020   0.00011  -0.00138
   5.750    -0.00023   0.00007  -0.00148
   5.800    -0.00026   0.00004  -0.00158
   5.850    -0.00028   0.00001  -0.00166
   5.900    -0.00029  -0.00001  -0.00172
   5.950    -0.00030  -0.00001  -0.00177
   6.000    -0.00030  -0.00001  -0.00180
   6.050    -0.00030   0.00000  -0.00181
   6.100    -0.00029   0.00002  -0.00180
   6.150    -0.00027   0.00005  -0.00178
   6.200    -0.00025   0.00009  -0.00174
   6.250    -0.00023   0.00014  -0.00168
   6.300    -0.00020   0.00020  -0.00162
   6.350    -0.00017   0.00026  -0.00154
   6.400    -0.00014   0.00032  -0.00146
   6.450    -0.00011   0.00039  -0.00137
   6.500    -0.00007   0.00046  -0.00127
   6.550    -0.00004   0.00053  -0.00118
   6.600    -0.00001   0.00060  -0.00109
   6.650     0.00003   0.00067  -0.00100
   6.700     0.00006   0.00073  -0.00092
   6.750     0.00008   0.00079  -0.00085
   6.800     0.00011   0.00085  -0.00079
   6.850     0.00013   0.00089  -0.00074
   6.900     0.00014   0.00093  -0.00071
   6.950     0.00015   0.00097  -0.00069
   7.000     0.00016   0.00099  -0.00068
   7.050     0.00016   0.00101  -0.00069
   7.100     0.00016   0.00102  -0.00072
   7.150     0.00015   0.00102  -0.00076
   7.200     0.00013   0.00101  -0.00082
   7.250     0.00012   0.00100  -0.00090
   7.300     0.00009   0.00098  -0.00099
   7.350     0.00007   0.00095  -0.00109
   7.400     0.00004   0.00091  -0.00120
   7.450     0.00001   0.00088  -0.00132
   7.500    -0.00003   0.00083  -0.00145
   7.550    -0.00006   0.00079  -0.00158
   7.600    -0.00010   0.00074  -0.00172
   7.650    -0.00014   0.00070  -0.00187
   7.700    -0.00017   0.00065  -0.00201
   7.750    -0.00021   0.00061  -0.00215
   7.800    -0.00024   0.00056  -0.00229
   7.850    -0.00027   0.00052  -0.00242
   7.900    -0.00030   0.00049  -0.00254
   7.950    -0.00033   0.00046  -0.00266
   8.000    -0.00035   0.00043  -0.00277
   8.050    -0.00037   0.00041  -0.00287
   8.100    -0.00039   0.00040  -0.00295
   8.150    -0.00040   0.00040  -0.00303
   8.200    -0.00041   0.00040  -0.00309
   8.250    -0.00041   0.00041  -0.00314
   8.300    -0.00041   0.00043  -0.00317
   8.350    -0.00041   0.00045  -0.00319
   8.400    -0.00040   0.00048  -0.00320
   8.450    -0.00039   0.00052  -0.00320
   8.500    -0.00037   0.00057  -0.00319
   8.550    -0.00035   0.00062  -0.00316
   8.600    -0.00033   0.00067  -0.00313
   8.650    -0.00030   0.00073  -0.00309
   8.700    -0.00028   0.00080  -0.00304
   8.750    -0.00025   0.00087  -0.00298
   8.800    -0.00022   0.00094  -0.00292
   8.850    -0.00019   0.00101  -0.00286
   8.900    -0.00016   0.00108  -0.00280
   8.950    -0.00013   0.00116  -0.00274
   9.000    -0.00010   0.00123  -0.00268
   9.050    -0.00007   0.00130  -0.00262
   9.100    -0.00004   0.00137  -0.00256
   9.150    -0.00002   0.00144  -0.00252
   9.200     0.00000   0.00150  -0.00248
   9.250     0.00002   0.00156  -0.00245
   9.300     0.00004   0.00162  -0.00243
   9.350     0.00005   0.00167  -0.00241
   9.400     0.00006   0.00171  -0.00241
   9.450     0.00007   0.00175  -0.00242
   9.500     0.00007   0.00178  -0.00245
   9.550     0.00007   0.00181  -0.00248
   9.600     0.00007   0.00182  -0.00253
   9.650     0.00006   0.00184  -0.00259
   9.700     0.00005   0.00185  -0.00266
   9.750     0.00003   0.00185  -0.00274
   9.800     0.00001   0.00184  -0.00284
   9.850    -0.00001   0.00184  -0.00295
   9.900    -0.00004   0.00182  -0.00306
   9.950    -0.00006   0.00180  -0.00319
  10.000    -0.00009   0.00178  -0.00332
  10.050    -0.00012   0.00176  -0.00346
  10.100    -0.00016   0.00173  -0.00361
  10.150    -0.00019   0.00170  -0.00376
  10.200    -0.00023   0.00167  -0.00392
  10.250    -0.00026   0.00164  -0.00408
  10.300    -0.00030   0.00160  -0.00424
  10.350    -0.00034   0.00157  -0.00440
  10.400    -0.00037   0.00154  -0.00456
  10.450    -0.00040   0.00151  -0.00471
  10.500    -0.00044   0.00149  -0.00487
  10.550    -0.00047   0.00146  -0.00502
  10.600    -0.00050   0.00144  -0.00516
  10.650    -0.00052   0.00143  -0.00530
  10.700    -0.00055   0.00141  -0.00543
  10.750    -0.00057   0.00141  -0.00556
  10.800    -0.00059   0.00140  -0.00567
  10.850    -0.00060   0.00141  -0.00578
  10.900    -0.00061   0.00142  -0.00587
  10.950    -0.00062   0.00143  -0.00596
  11.000    -0.00063   0.00145  -0.00604
  11.050    -0.00063   0.00148  -0.00611
  11.100    -0.00063   0.00151  -0.00616
  11.150    -0.00063   0.00155  -0.00621
  11.200    -0.00062   0.00159  -0.00625
  11.250    -0.00061   0.00164  -0.00628
  11.300    -0.00060   0.00169  -0.00630
  11.350    -0.00058   0.00175  -0.00631
  11.400    -0.00056   0.00182  -0.00632
  11.450    -0.00055   0.00188  -0.00631
  11.500    -0.00052   0.00195  -0.00630
  11.550    -0.00050   0.00203  -0.00629
  11.600    -0.00048   0.00211  -0.00627
  11.650    -0.00045   0.00218  -0.00625
  11.700    -0.00043   0.00227  -0.00623
  11.750    -0.00040   0.00235  -0.00620
  11.800    -0.00037   0.00243  -0.00618
  11.850    -0.00035   0.00251  -0.00615
  11.900    -0.00032   0.00260  -0.00613
  11.950    -0.00030   0.00268  -0.00610
  12.000    -0.00027   0.00276  -0.00609
  12.050    -0.00025   0.00284  -0.00607
  12.100    -0.00023   0.00291  -0.00606
  12.150    -0.00021   0.00299  -0.00606
  12.200    -0.00020   0.00306  -0.00607
  12.250    -0.00018   0.00312  -0.00608
  12.300    -0.00017   0.00319  -0.00610
  12.350    -0.00016   0.00324  -0.00612
  12.400    -0.00016   0.00330  -0.00616
  12.450    -0.00016   0.00335  -0.00621
  12.500    -0.00016   0.00339  -0.00626
  12.550    -0.00016   0.00344  -0.00633
  12.600    -0.00016   0.00347  -0.00640
  12.650    -0.00017   0.00350  -0.00649
  12.700    -0.00019   0.00353  -0.00659
  12.750    -0.00020   0.00355  -0.00669
  12.800    -0.00022   0.00357  -0.00681
  12.850    -0.00024   0.00358  -0.00693
  12.900    -0.00026   0.00359  -0.00706
  12.950    -0.00029   0.00359  -0.00721
  13.000    -0.00031   0.00360  -0.00735
  13.050    -0.00034   0.00359  -0.00751
  13.100    -0.00037   0.00359  -0.00768
  13.150    -0.00041   0.00358  -0.00785
  13.200    -0.00044   0.00357  -0.00802
  13.250    -0.00048   0.00356  -0.00820
  13.300    -0.00051   0.00355  -0.00838
  13.350    -0.00055   0.00353  -0.00857
  13.400    -0.00058   0.00352  -0.00876
  13.450    -0.00062   0.00351  -0.00895
  13.500    -0.00066   0.00349  -0.00914
  13.550    -0.00069   0.00348  -0.00933
  13.600    -0.00073   0.00347  -0.00952
  13.650    -0.00076   0.00346  -0.00971
  13.700    -0.00080   0.00345  -0.00989
  13.750    -0.00083   0.00344  -0.01008
  13.800    -0.00086   0.00344  -0.01025
  13.850    -0.00089   0.00344  -0.01043
  13.900    -0.00091   0.00345  -0.01060
  13.950    -0.00094   0.00346  -0.01076
  14.000    -0.00096   0.00347  -0.01091
  14.050    -0.00098   0.00348  -0.01106
  14.100    -0.00100   0.00350  -0.01121
  14.150    -0.00101   0.00353  -0.01134
  14.200    -0.00103   0.00356  -0.01147
  14.250    -0.00104   0.00359  -0.01159
  14.300    -0.00104   0.00363  -0.01170
  14.350    -0.00105   0.00368  -0.01180
  14.400    -0.00105   0.00373  -0.01190
  14.450    -0.00105   0.00378  -0.01199
  14.500    -0.00105   0.00384  -0.01207
  14.550    -0.00104   0.00390  -0.01214
  14.600    -0.00103   0.00397  -0.01221
  14.650    -0.00102   0.00404  -0.01227
  14.700    -0.00101   0.00411  -0.01232
  14.750    -0.00100   0.00419  -0.01237
  14.800    -0.00098   0.00428  -0.01241
  14.850    -0.00097   0.00436  -0.01245
  14.900    -0.00095   0.00445  -0.01248
  14.950    -0.00093   0.00454  -0.01251
  15.000    -0.00091   0.00463  -0.01253
  15.050    -0.00089   0.00473  -0.01256
  15.100    -0.00087   0.00483  -0.01258
  15.150    -0.00085   0.00492  -0.01260
  15.200    -0.00082   0.00502  -0.01262
  15.250    -0.00080   0.00512  -0.01264
  15.300    -0.00078   0.00522  -0.01266
  15.350    -0.00076   0.00532  -0.01268
  15.400    -0.00074   0.00541  -0.01270
  15.450    -0.00072   0.00551  -0.01273
  15.500    -0.00071   0.00561  -0.01276
  15.550    -0.00069   0.00570  -0.01280
  15.600    -0.00068   0.00579  -0.01284
  15.650    -0.00066   0.00588  -0.01288
  15.700    -0.00065   0.00597  -0.01293
  15.750    -0.00064   0.00605  -0.01299
  15.800    -0.00064   0.00613  -0.01306
  15.850    -0.00063   0.00621  -0.01313
  15.900    -0.00063   0.00628  -0.01321
  15.950    -0.00063   0.00635  -0.01329
  16.000    -0.00063   0.00642  -0.01339
  16.050    -0.00064   0.00648  -0.01349
  16.100    -0.00064   0.00654  -0.01360
  16.150    -0.00065   0.00659  -0.01372
  16.200    -0.00067   0.00665  -0.01385
  16.250    -0.00068   0.00669  -0.01398
  16.300    -0.00070   0.00674  -0.01413
  16.350    -0.00072   0.00678  -0.01428
  16.400    -0.00074   0.00681  -0.01444
  16.450    -0.00076   0.00685  -0.01461
  16.500    -0.00079   0.00688  -0.01478
  16.550    -0.00082   0.00690  -0.01496
  16.600    -0.00085   0.00693  -0.01515
  16.650    -0.00088   0.00695  -0.01535
  16.700    -0.00091   0.00697  -0.01555
  16.750    -0.00095   0.00698  -0.01576
  16.800    -0.00098   0.00700  -0.01597
  16.850    -0.00102   0.00701  -0.01618
  16.900    -0.00106   0.00702  -0.01640
  16.950    -0.00110   0.00703  -0.01663
  17.000    -0.00113   0.00704  -0.01685
  17.050    -0.00117   0.00705  -0.01708
  17.100    -0.00121   0.00706  -0.01731
  17.150    -0.00125   0.00707  -0.01755
  17.200    -0.00129   0.00708  -0.01778
  17.250    -0.00133   0.00709  -0.01801
  17.300    -0.00137   0.00710  -0.01824
  17.350    -0.00141   0.00712  -0.01847
  17.400    -0.00144   0.00713  -0.01870
  17.450    -0.00148   0.00715  -0.01893
  17.500    -0.00151   0.00717  -0.01915
  17.550    -0.00155   0.00719  -0.01937
  17.600    -0.00158   0.00721  -0.01959
  17.650    -0.00161   0.00724  -0.01980
  17.700    -0.00164   0.00727  -0.02001
  17.750    -0.00166   0.00730  -0.02021
  17.800    -0.00169   0.00734  -0.02041
  17.850    -0.00171   0.00738  -0.02060
  17.900    -0.00173   0.00742  -0.02079
  17.950    -0.00175   0.00747  -0.02097
  18.000    -0.00177   0.00752  -0.02114
  18.050    -0.00178   0.00758  -0.02131
  18.100    -0.00179   0.00764  -0.02147
  18.150    -0.00180   0.00771  -0.02163
  18.200    -0.00181   0.00777  -0.02178
  18.250    -0.00181   0.00785  -0.02192
  18.300    -0.00182   0.00792  -0.02205
  18.350    -0.00182   0.00800  -0.02218
  18.400    -0.00182   0.00809  -0.02231
  18.450    -0.00182   0.00818  -0.02242
  18.500    -0.00181   0.00827  -0.02254
  18.550    -0.00181   0.00836  -0.02264
  18.600    -0.00180   0.00846  -0.02274
  18.650    -0.00179   0.00857  -0.02284
  18.700    -0.00178   0.00867  -0.02293
  18.750    -0.00177   0.00878  -0.02302
  18.800    -0.00176   0.00889  -0.02310
  18.850    -0.00174   0.00900  -0.02318
  18.900    -0.00173   0.00911  -0.02326
  18.950    -0.00172   0.00923  -0.02334
  19.000    -0.00170   0.00935  -0.02341
  19.050    -0.00168   0.00947  -0.02349
  19.100    -0.00167   0.00959  -0.02356
  19.150    -0.00165   0.00971  -0.02363
  19.200    -0.00164   0.00983  -0.02370
  19.250    -0.00162   0.00995  -0.02377
  19.300    -0.00161   0.01007  -0.02385
  19.350    -0.00159   0.01019  -0.02392
  19.400    -0.00158   0.01031  -0.02400
  19.450    -0.00157   0.01043  -0.02408
  19.500    -0.00156   0.01055  -0.02416
  19.550    -0.00154   0.01066  -0.02425
  19.600    -0.00154   0.01078  -0.02434
  19.650    -0.00153   0.01089  -0.02443
  19.700    -0.00152   0.01100  -0.02453
  19.750    -0.00152   0.01111  -0.02463
  19.800    -0.00151   0.01122  -0.02474
  19.850    -0.00151   0.01132  -0.02486
  19.900    -0.00151   0.01143  -0.02498
  19.950    -0.00152   0.01153  -0.02511
  20.000    -0.00152   0.01162  -0.02524
  20.050    -0.00153   0.01171  -0.02538
  20.100    -0.00154   0.01181  -0.02553
  20.150    -0.00155   0.01189  -0.02568
  20.200    -0.00156   0.01198  -0.02584
  20.250    -0.00158   0.01206  -0.02601
  20.300    -0.00160   0.01213  -0.02619
  20.350    -0.00161   0.01221  -0.02637
  20.400    -0.00164   0.01228  -0.02656
  20.450    -0.00166   0.01235  -0.02675
  20.500    -0.00169   0.01241  -0.02696
  20.550    -0.00171   0.01248  -0.02717
  20.600    -0.00174   0.01254  -0.02738
  20.650    -0.00177   0.01259  -0.02761
  20.700    -0.00181   0.01265  -0.02784
  20.750    -0.00184   0.01270  -0.02807
  20.800    -0.00188   0.01275  -0.02831
  20.850    -0.00191   0.01280  -0.02856
  20.900    -0.00195   0.01284  -0.02881
  20.950    -0.00199   0.01289  -0.02906
  21.000    -0.00203   0.01293  -0.02932
  21.050    -0.00207   0.01297  -0.02958
  21.100    -0.00211   0.01301  -0.02985
  21.150    -0.00216   0.01305  -0.03012
  21.200    -0.00220   0.01309  -0.03039
  21.250    -0.00224   0.01312  -0.03067
  21.300    -0.00229   0.01316  -0.03094
  21.350    -0.00233   0.01320  -0.03122
  21.400    -0.00238   0.01324  -0.03150
  21.450    -0.00242   0.01327  -0.03178
  21.500    -0.00246   0.01331  -0.03206
  21.550    -0.00251   0.01335  -0.03234
  21.600    -0.00255   0.01339  -0.03262
  21.650    -0.00259   0.01344  -0.03289
  21.700    -0.00263   0.01348  -0.03317
  21.750    -0.00267   0.01353  -0.03344
  21.800    -0.00271   0.01358  -0.03371
  21.850    -0.00275   0.01363  -0.03398
  21.900    -0.00279   0.01368  -0.03424
  21.950    -0.00282   0.01373  -0.03451
  22.000    -0.00286   0.01379  -0.03476
  22.050    -0.00289   0.01385  -0.03502
  22.100    -0.00292   0.01391  -0.03527
  22.150    -0.00295   0.01398  -0.03551
  22.200    -0.00298   0.01405  -0.03575
  22.250    -0.00300   0.01412  -0.03599
  22.300    -0.00303   0.01420  -0.03622
  22.350    -0.00305   0.01428  -0.03644
  22.400    -0.00307   0.01436  -0.03666
  22.450    -0.00309   0.01445  -0.03688
  22.500    -0.00311   0.01454  -0.03708
  22.550    -0.00312   0.01463  -0.03729
  22.600    -0.00313   0.01473  -0.03748
  22.650    -0.00315   0.01483  -0.03768
  22.700    -0.00316   0.01494  -0.03786
  22.750    -0.00316   0.01505  -0.03804
  22.800    -0.00317   0.01516  -0.03822
  22.850    -0.00318   0.01527  -0.03839
  22.900    -0.00318   0.01539  -0.03856
  22.950    -0.00318   0.01551  -0.03872
  23.000    -0.00318   0.01563  -0.03887
  23.050    -0.00318   0.01576  -0.03902
  23.100    -0.00318   0.01589  -0.03917
  23.150    -0.00318   0.01602  -0.03932
  23.200    -0.00317   0.01616  -0.03946
  23.250    -0.00317   0.01629  -0.03959
  23.300    -0.00316   0.01643  -0.03973
  23.350    -0.00315   0.01657  -0.03986
  23.400    -0.00315   0.01672  -0.03998
  23.450    -0.00314   0.01686  -0.04011
  23.500    -0.00313   0.01701  -0.04024
  23.550    -0.00312   0.01715  -0.04036
  23.600    -0.00311   0.01730  -0.04048
  23.650    -0.00310   0.01745  -0.04060
  23.700    -0.00310   0.01760  -0.04072
  23.750    -0.00309   0.01775  -0.04084
  23.800    -0.00308   0.01790  -0.04097
  23.850    -0.00307   0.01805  -0.04109
  23.900    -0.00306   0.01820  -0.04121
  23.950    -0.00306   0.01835  -0.04134
  24.000    -0.00305   0.01849  -0.04147
  24.050    -0.00305   0.01864  -0.04160
  24.100    -0.00304   0.01879  -0.04173
  24.150    -0.00304   0.01893  -0.04187
  24.200    -0.00304   0.01908  -0.04200
  24.250    -0.00304   0.01922  -0.04215
  24.300    -0.00304   0.01936  -0.04229
  24.350    -0.00304   0.01950  -0.04244
  24.400    -0.00305   0.01964  -0.04260
  24.450    -0.00305   0.01977  -0.04276
  24.500    -0.00306   0.01991  -0.04293
  24.550    -0.00307   0.02004  -0.04310
  24.600    -0.00308   0.02017  -0.04327
  24.650    -0.00309   0.02029  -0.04345
  24.700    -0.00311   0.02041  -0.04364
  24.750    -0.00312   0.02054  -0.04383
  24.800    -0.00314   0.02065  -0.04403
  24.850    -0.00316   0.02077  -0.04423
  24.900    -0.00318   0.02088  -0.04444
  24.950    -0.00320   0.02099  -0.04466
  25.000    -0.00323   0.02110  -0.04488
  25.050    -0.00326   0.02121  -0.04511
  25.100    -0.00328   0.02131  -0.04534
  25.150    -0.00331   0.02141  -0.04558
  25.200    -0.00335   0.02151  -0.04582
  25.250    -0.00338   0.02160  -0.04608
  25.300    -0.00342   0.02169  -0.04633
  25.350    -0.00345   0.02178  -0.04659
  25.400    -0.00349   0.02187  -0.04686
  25.450    -0.00353   0.02196  -0.04713
  25.500    -0.00357   0.02204  -0.04741
  25.550    -0.00361   0.02212  -0.04769
  25.600    -0.00366   0.02220  -0.04798
  25.650    -0.00370   0.02228  -0.04827
  25.700    -0.00375   0.02236  -0.04857
  25.750    -0.00380   0.02243  -0.04886
  25.800    -0.00384   0.02251  -0.04917
  25.850    -0.00389   0.02258  -0.04947
  25.900    -0.00394   0.02265  -0.04978
  25.950    -0.00399   0.02272  -0.05009
  26.000    -0.00404   0.02279  -0.05040
  26.050    -0.00409   0.02286  -0.05072
  26.100    -0.00414   0.02293  -0.05103
  26.150    -0.00419   0.02300  -0.05135
  26.200    -0.00424   0.02307  -0.05167
  26.250    -0.00430   0.02315  -0.05199
  26.300    -0.00435   0.02322  -0.05231
  26.350    -0.00440   0.02329  -0.05263
  26.400    -0.00445   0.02336  -0.05294
  26.450    -0.00450   0.02343  -0.05326
  26.500    -0.00455   0.02351  -0.05358
  26.550    -0.00459   0.02358  -0.05389
  26.600    -0.00464   0.02366  -0.05421
  26.650    -0.00469   0.02374  -0.05452
  26.700    -0.00473   0.02382  -0.05483
  26.750    -0.00478   0.02391  -0.05514
  26.800    -0.00482   0.02399  -0.05544
  26.850    -0.00487   0.02408  -0.05574
  26.900    -0.00491   0.02417  -0.05604
  26.950    -0.00495   0.02426  -0.05633
  27.000    -0.00499   0.02435  -0.05662
  27.050    -0.00503   0.02445  -0.05691
  27.100    -0.00506   0.02455  -0.05719
  27.150    -0.00510   0.02465  -0.05747
  27.200    -0.00513   0.02476  -0.05774
  27.250    -0.00516   0.02487  -0.05801
  27.300    -0.00519   0.02498  -0.05827
  27.350    -0.00522   0.02509  -0.05853
  27.400    -0.00525   0.02521  -0.05879
  27.450    -0.00527   0.02533  -0.05904
  27.500    -0.00530   0.02546  -0.05928
  27.550    -0.00532   0.02558  -0.05952
  27.600    -0.00534   0.02571  -0.05975
  27.650    -0.00536   0.02585  -0.05998
  27.700    -0.00538   0.02598  -0.06021
  27.750    -0.00540   0.02612  -0.06043
  27.800    -0.00541   0.02626  -0.06064
  27.850    -0.00542   0.02641  -0.06085
  27.900    -0.00544   0.02656  -0.06106
  27.950    -0.00545   0.02671  -0.06126
  28.000    -0.00546   0.02686  -0.06145
  28.050    -0.00547   0.02702  -0.06165
  28.100    -0.00547   0.02718  -0.06183
  28.150    -0.00548   0.02734  -0.06202
  28.200    -0.00549   0.02750  -0.06220
  28.250    -0.00549   0.02767  -0.06237
  28.300    -0.00550   0.02783  -0.06255
  28.350    -0.00550   0.02800  -0.06272
  28.400    -0.00550   0.02817  -0.06289
  28.450    -0.00550   0.02835  -0.06305
  28.500    -0.00550   0.02852  -0.06321
  28.550    -0.00551   0.02870  -0.06337
  28.600    -0.00551   0.02888  -0.06353
  28.650    -0.00551   0.02905  -0.06369
  28.700    -0.00551   0.02923  -0.06384
  28.750    -0.00551   0.02941  -0.06400
  28.800    -0.00551   0.02959  -0.06415
  28.850    -0.00551   0.02977  -0.06431
  28.900    -0.00551   0.02996  -0.06446
  28.950    -0.00551   0.03014  -0.06461
  29.000    -0.00551   0.03032  -0.06477
  29.050    -0.00551   0.03050  -0.06492
  29.100    -0.00551   0.03068  -0.06508
  29.150    -0.00552   0.03086  -0.06524
  29.200    -0.00552   0.03104  -0.06540
  29.250    -0.00553   0.03122  -0.06556
  29.300    -0.00553   0.03140  -0.06572
  29.350    -0.00554   0.03158  -0.06588
  29.400    -0.00555   0.03176  -0.06605
  29.450    -0.00555   0.03193  -0.06622
  29.500    -0.00556   0.03210  -0.06639
  29.550    -0.00558   0.03228  -0.06657
  29.600    -0.00559   0.03245  -0.06675
  29.650    -0.00560   0.03262  -0.06694
  29.700    -0.00562   0.03278  -0.06712
  29.750    -0.00563   0.03295  -0.06732
  29.800    -0.00565   0.03311  -0.06751
  29.850    -0.00567   0.03327  -0.06771
  29.900    -0.00569   0.03343  -0.06792
  29.950    -0.00572   0.03359  -0.06813
  30.000    -0.00574   0.03374  -0.06834
  30.050    -0.00577   0.03390  -0.06856
  30.100    -0.00579   0.03405  -0.06878
  30.150    -0.00582   0.03420  -0.06901
  30.200    -0.00585   0.03434  -0.06924
  30.250    -0.00589   0.03448  -0.06948
  30.300    -0.00592   0.03463  -0.06973
  30.350    -0.00596   0.03476  -0.06997
  30.400    -0.00599   0.03490  -0.07023
  30.450    -0.00603   0.03503  -0.07048
  30.500    -0.00607   0.03517  -0.07075
  30.550    -0.00611   0.03530  -0.07101
  30.600    -0.00616   0.03542  -0.07129
  30.650    -0.00620   0.03555  -0.07156
  30.700    -0.00625   0.03567  -0.07185
  30.750    -0.00630   0.03579  -0.07213
  30.800    -0.00635   0.03591  -0.07242
  30.850    -0.00640   0.03603  -0.07272
  30.900    -0.00645   0.03615  -0.07301
  30.950    -0.00650   0.03626  -0.07331
  31.000    -0.00655   0.03637  -0.07362
  31.050    -0.00661   0.03648  -0.07393
  31.100    -0.00666   0.03659  -0.07424
  31.150    -0.00672   0.03670  -0.07456
  31.200    -0.00678   0.03681  -0.07487
  31.250    -0.00683   0.03692  -0.07519
  31.300    -0.00689   0.03702  -0.07552
  31.350    -0.00695   0.03713  -0.07584
  31.400    -0.00701   0.03723  -0.07617
  31.450    -0.00707   0.03733  -0.07649
  31.500    -0.00713   0.03744  -0.07682
  31.550    -0.00719   0.03754  -0.07715
  31.600    -0.00725   0.03764  -0.07749
  31.650    -0.00731   0.03775  -0.07782
  31.700    -0.00737   0.03785  -0.07815
  31.750    -0.00743   0.03795  -0.07848
  31.800    -0.00749   0.03806  -0.07881
  31.850    -0.00755   0.03816  -0.07914
  31.900    -0.00761   0.03827  -0.07947
  31.950    -0.00767   0.03837  -0.07980
  32.000    -0.00773   0.03848  -0.08013
  32.050    -0.00778   0.03859  -0.08046
  32.100    -0.00784   0.03870  -0.08078
  32.150    -0.00790   0.03881  -0.08111
  32.200    -0.00795   0.03892  -0.08143
  32.250    -0.00801   0.03904  -0.08174
  32.300    -0.00806   0.03915  -0.08206
  32.350    -0.00812   0.03927  -0.08237
  32.400    -0.00817   0.03939  -0.08268
  32.450    -0.00822   0.03951  -0.08299
  32.500    -0.00827   0.03963  -0.08329
  32.550    -0.00832   0.03976  -0.08359
  32.600    -0.00837   0.03989  -0.08389
  32.650    -0.00842   0.04002  -0.08418
  32.700    -0.00846   0.04015  -0.08447
  32.750    -0.00851   0.04029  -0.08475
  32.800    -0.00855   0.04042  -0.08503
  32.850    -0.00859   0.04057  -0.08530
  32.900    -0.00863   0.04071  -0.08557
  32.950    -0.00867   0.04085  -0.08584
  33.000    -0.00871   0.04100  -0.08610
  33.050    -0.00874   0.04115  -0.08636
  33.100    -0.00878   0.04131  -0.08661
  33.150    -0.00881   0.04146  -0.08685
  33.200    -0.00884   0.04162  -0.08710
  33.250    -0.00887   0.04178  -0.08733
  33.300    -0.00890   0.04195  -0.08756
  33.350    -0.00893   0.04212  -0.08779
  33.400    -0.00896   0.04229  -0.08801
  33.450    -0.00899   0.04246  -0.08823
  33.500    -0.00901   0.04263  -0.08845
  33.550    -0.00903   0.04281  -0.08865
  33.600    -0.00906   0.04299  -0.08886
  33.650    -0.00908   0.04317  -0.08906
  33.700    -0.00910   0.04336  -0.08925
  33.750    -0.00912   0.04354  -0.08945
  33.800    -0.00913   0.04373  -0.08963
  33.850    -0.00915   0.04392  -0.08982
  33.900    -0.00917   0.04412  -0.09000
  33.950    -0.00918   0.04431  -0.09017
  34.000    -0.00920   0.04451  -0.09034
  34.050    -0.00921   0.04471  -0.09051
  34.100    -0.00923   0.04491  -0.09068
  34.150    -0.00924   0.04511  -0.09084
  34.200    -0.00925   0.04531  -0.09100
  34.250    -0.00926   0.04552  -0.09116
  34.300    -0.00928   0.04573  -0.09132
  34.350    -0.00929   0.04593  -0.09147
  34.400    -0.00930   0.04614  -0.09162
  34.450    -0.00931   0.04635  -0.09177
  34.500    -0.00932   0.04656  -0.09192
  34.550    -0.00933   0.04677  -0.09207
  34.600    -0.00934   0.04698  -0.09221
  34.650    -0.00935   0.04719  -0.09236
  34.700    -0.00937   0.04740  -0.09250
  34.750    -0.00938   0.04761  -0.09265
  34.800    -0.00939   0.04783  -0.09279
  34.850    -0.00940   0.04804  -0.09293
  34.900    -0.00942   0.04825  -0.09308
  34.950    -0.00943   0.04846  -0.09322
  35.000    -0.00944   0.04867  -0.09337
  35.050    -0.00946   0.04888  -0.09351
  35.100    -0.00948   0.04909  -0.09366
  35.150    -0.00949   0.04930  -0.09381
  35.200    -0.00951   0.04951  -0.09396
  35.250    -0.00953   0.04971  -0.09411
  35.300    -0.00955   0.04992  -0.09427
  35.350    -0.00957   0.05012  -0.09442
  35.400    -0.00959   0.05032  -0.09458
  35.450    -0.00961   0.05052  -0.09474
  35.500    -0.00964   0.05072  -0.09491
  35.550    -0.00966   0.05092  -0.09507
  35.600    -0.00969   0.05112  -0.09524
  35.650    -0.00972   0.05131  -0.09541
  35.700    -0.00975   0.05151  -0.09559
  35.750    -0.00978   0.05170  -0.09577
  35.800    -0.00981   0.05189  -0.09595
  35.850    -0.00984   0.05208  -0.09614
  35.900    -0.00988   0.05226  -0.09633
  35.950    -0.00991   0.05244  -0.09652
  36.000    -0.00995   0.05263  -0.09672
  36.050    -0.00999   0.05281  -0.09692
  36.100    -0.01003   0.05298  -0.09712
  36.150    -0.01007   0.05316  -0.09733
  36.200    -0.01012   0.05333  -0.09754
  36.250    -0.01016   0.05350  -0.09776
  36.300    -0.01021   0.05367  -0.09798
  36.350    -0.01025   0.05384  -0.09820
  36.400    -0.01030   0.05400  -0.09843
  36.450    -0.01035   0.05416  -0.09866
  36.500    -0.01041   0.05432  -0.09889
  36.550    -0.01046   0.05448  -0.09913
  36.600    -0.01051   0.05464  -0.09938
  36.650    -0.01057   0.05479  -0.09962
  36.700    -0.01063   0.05494  -0.09987
  36.750    -0.01069   0.05509  -0.10013
  36.800    -0.01074   0.05524  -0.10038
  36.850    -0.01081   0.05539  -0.10064
  36.900    -0.01087   0.05553  -0.10091
  36.950    -0.01093   0.05568  -0.10117
  37.000    -0.01099   0.05582  -0.10144
  37.050    -0.01106   0.05596  -0.10172
  37.100    -0.01112   0.05610  -0.10199
  37.150    -0.01119   0.05624  -0.10227
  37.200    -0.01126   0.05637  -0.10255
  37.250    -0.01133   0.05651  -0.10283
  37.300    -0.01140   0.05664  -0.10311
  37.350    -0.01147   0.05678  -0.10340
  37.400    -0.01154   0.05691  -0.10368
  37.450    -0.01161   0.05704  -0.10397
  37.500    -0.01168   0.05717  -0.10426
  37.550    -0.01175   0.05730  -0.10455
  37.600    -0.01182   0.05743  -0.10485
  37.650    -0.01189   0.05756  -0.10514
  37.700    -0.01197   0.05769  -0.10543
  37.750    -0.01204   0.05782  -0.10572
  37.800    -0.01211   0.05795  -0.10602
  37.850    -0.01218   0.05807  -0.10631
  37.900    -0.01225   0.05820  -0.10660
  37.950    -0.01233   0.05833  -0.10689
  38.000    -0.01240   0.05846  -0.10718
  38.050    -0.01247   0.05859  -0.10747
  38.100    -0.01254   0.05872  -0.10776
  38.150    -0.01261   0.05885  -0.10805
  38.200    -0.01268   0.05899  -0.10834
  38.250    -0.01275   0.05912  -0.10862
  38.300    -0.01282   0.05925  -0.10890
  38.350    -0.01289   0.05939  -0.10918
  38.400    -0.01296   0.05953  -0.10946
  38.450    -0.01303   0.05966  -0.10973
  38.500    -0.01310   0.05980  -0.11001
  38.550    -0.01316   0.05994  -0.11027
  38.600    -0.01323   0.06009  -0.11054
  38.650    -0.01329   0.06023  -0.11080
  38.700    -0.01336   0.06037  -0.11106
  38.750    -0.01342   0.06052  -0.11132
  38.800    -0.01348   0.06067  -0.11157
  38.850    -0.01354   0.06082  -0.11182
  38.900    -0.01360   0.06097  -0.11206
  38.950    -0.01366   0.06113  -0.11230
  39.000    -0.01372   0.06129  -0.11254
  39.050    -0.01377   0.06144  -0.11277
  39.100    -0.01383   0.06161  -0.11300
  39.150    -0.01388   0.06177  -0.11322
  39.200    -0.01393   0.06193  -0.11344
  39.250    -0.01399   0.06210  -0.11366
  39.300    -0.01404   0.06227  -0.11386
  39.350    -0.01408   0.06244  -0.11407
  39.400    -0.01413   0.06262  -0.11427
  39.450    -0.01418   0.06280  -0.11446
  39.500    -0.01423   0.06297  -0.11465
  39.550    -0.01427   0.06316  -0.11484
  39.600    -0.01431   0.06334  -0.11502
  39.650    -0.01436   0.06353  -0.11520
  39.700    -0.01440   0.06371  -0.11537
  39.750    -0.01444   0.06390  -0.11553
  39.800    -0.01448   0.06410  -0.11569
  39.850    -0.01451   0.06429  -0.11585
  39.900    -0.01455   0.06449  -0.11600
  39.950    -0.01459   0.06469  -0.11615
  40.000    -0.01462   0.06489  -0.11629
  40.050    -0.01465   0.06509  -0.11643
  40.100    -0.01469   0.06530  -0.11657
  40.150    -0.01472   0.06551  -0.11670
  40.200    -0.01475   0.06571  -0.11682
  40.250    -0.01478   0.06593  -0.11694
  40.300    -0.01481   0.06614  -0.11706
  40.350    -0.01484   0.06635  -0.11717
  40.400    -0.01487   0.06657  -0.11728
  40.450    -0.01489   0.06679  -0.11739
  40.500    -0.01492   0.06701  -0.11749
  40.550    -0.01495   0.06723  -0.11759
  40.600    -0.01497   0.06745  -0.11768
  40.650    -0.01500   0.06767  -0.11778
  40.700    -0.01502   0.06789  -0.11787
  40.750    -0.01505   0.06812  -0.11795
  40.800    -0.01507   0.06835  -0.11804
  40.850    -0.01510   0.06857  -0.11812
  40.900    -0.01512   0.06880  -0.11820
  40.950    -0.01515   0.06903  -0.11827
  41.000    -0.01517   0.06926  -0.11835
  41.050    -0.01519   0.06949  -0.11842
  41.100    -0.01522   0.06972  -0.11849
  41.150    -0.01524   0.06995  -0.11856
  41.200    -0.01527   0.07018  -0.11863
  41.250    -0.01529   0.07041  -0.11870
  41.300    -0.01532   0.07064  -0.11877
  41.350    -0.01534   0.07087  -0.11883
  41.400    -0.01537   0.07110  -0.11890
  41.450    -0.01540   0.07132  -0.11897
  41.500    -0.01542   0.07155  -0.11903
  41.550    -0.01545   0.07178  -0.11910
  41.600    -0.01548   0.07201  -0.11916
  41.650    -0.01551   0.07224  -0.11923
  41.700    -0.01554   0.07246  -0.11929
  41.750    -0.01557   0.07269  -0.11936
  41.800    -0.01560   0.07291  -0.11943
  41.850    -0.01563   0.07314  -0.11950
  41.900    -0.01566   0.07336  -0.11957
  41.950    -0.01570   0.07358  -0.11964
  42.000    -0.01573   0.07380  -0.11971
  42.050    -0.01577   0.07402  -0.11978
  42.100    -0.01580   0.07424  -0.11986
  42.150    -0.01584   0.07445  -0.11994
  42.200    -0.01588   0.07467  -0.12002
  42.250    -0.01592   0.07488  -0.12010
  42.300    -0.01596   0.07509  -0.12018
  42.350    -0.01600   0.07530  -0.12027
  42.400    -0.01605   0.07551  -0.12035
  42.450    -0.01609   0.07571  -0.12044
  42.500    -0.01614   0.07592  -0.12054
  42.550    -0.01619   0.07612  -0.12063
  42.600    -0.01624   0.07632  -0.12073
  42.650    -0.01629   0.07652  -0.12083
  42.700    -0.01634   0.07671  -0.12094
  42.750    -0.01639   0.07691  -0.12104
  42.800    -0.01645   0.07710  -0.12115
  42.850    -0.01650   0.07729  -0.12126
  42.900    -0.01656   0.07747  -0.12138
  42.950    -0.01662   0.07766  -0.12150
  43.000    -0.01668   0.07784  -0.12162
  43.050    -0.01674   0.07803  -0.12174
  43.100    -0.01680   0.07820  -0.12187
  43.150    -0.01686   0.07838  -0.12200
  43.200    -0.01693   0.07856  -0.12213
  43.250    -0.01699   0.07873  -0.12227
  43.300    -0.01706   0.07890  -0.12241
  43.350    -0.01713   0.07907  -0.12255
  43.400    -0.01720   0.07924  -0.12269
  43.450    -0.01727   0.07940  -0.12284
  43.500    -0.01734   0.07957  -0.12299
  43.550    -0.01741   0.07973  -0.12314
  43.600    -0.01749   0.07989  -0.12330
  43.650    -0.01756   0.08005  -0.12345
  43.700    -0.01764   0.08020  -0.12361
  43.750    -0.01772   0.08036  -0.12378
  43.800    -0.01779   0.08051  -0.12394
  43.850    -0.01787   0.08066  -0.12411
  43.900    -0.01795   0.08081  -0.12427
  43.950    -0.01803   0.08096  -0.12444
  44.000    -0.01811   0.08111  -0.12461
  44.050    -0.01820   0.08126  -0.12479
  44.100    -0.01828   0.08140  -0.12496
  44.150    -0.01836   0.08154  -0.12514
  44.200    -0.01845   0.08169  -0.12531
  44.250    -0.01853   0.08183  -0.12549
  44.300    -0.01862   0.08197  -0.12567
  44.350    -0.01870   0.08211  -0.12585
  44.400    -0.01879   0.08225  -0.12603
  44.450    -0.01887   0.08239  -0.12621
  44.500    -0.01896   0.08252  -0.12639
  44.550    -0.01905   0.08266  -0.12657
  44.600    -0.01913   0.08280  -0.12675
  44.650    -0.01922   0.08293  -0.12693
  44.700    -0.01931   0.08307  -0.12711
  44.750    -0.01939   0.08321  -0.12729
  44.800    -0.01948   0.08334  -0.12747
  44.850    -0.01957   0.08348  -0.12765
  44.900    -0.01965   0.08361  -0.12782
  44.950    -0.01974   0.08375  -0.12800
  45.000    -0.01983   0.08389  -0.12817
  45.050    -0.01991   0.08402  -0.12834
  45.100    -0.02000   0.08416  -0.12851
  45.150    -0.02009   0.08430  -0.12868
  45.200    -0.02017   0.08444  -0.12885
  45.250    -0.02026   0.08458  -0.12901
  45.300    -0.02034   0.08472  -0.12918
  45.350    -0.02042   0.08486  -0.12933
  45.400    -0.02051   0.08500  -0.12949
  45.450    -0.02059   0.08514  -0.12965
  45.500    -0.02067   0.08528  -0.12980
  45.550    -0.02075   0.08543  -0.12994
  45.600    -0.02083   0.08557  -0.13009
  45.650    -0.02091   0.08572  -0.13023
  45.700    -0.02099   0.08587  -0.13037
  45.750    -0.02107   0.08602  -0.13050
  45.800    -0.02114   0.08617  -0.13063
  45.850    -0.02122   0.08632  -0.13076
  45.900    -0.02130   0.08647  -0.13088
  45.950    -0.02137   0.08663  -0.13100
  46.000    -0.02144   0.08679  -0.13112
  46.050    -0.02152   0.08695  -0.13123
  46.100    -0.02159   0.08711  -0.13133
  46.150    -0.02166   0.08727  -0.13143
  46.200    -0.02173   0.08743  -0.13153
  46.250    -0.02179   0.08760  -0.13162
  46.300    -0.02186   0.08776  -0.13171
  46.350    -0.02193   0.08793  -0.13179
  46.400    -0.02199   0.08810  -0.13187
  46.450    -0.02206   0.08828  -0.13195
  46.500    -0.02212   0.08845  -0.13202
  46.550    -0.02218   0.08863  -0.13208
  46.600    -0.02224   0.08881  -0.13214
  46.650    -0.02230   0.08899  -0.13219
  46.700    -0.02236   0.08917  -0.13224
  46.750    -0.02242   0.08935  -0.13229
  46.800    -0.02248   0.08954  -0.13233
  46.850    -0.02253   0.08973  -0.13236
  46.900    -0.02259   0.08992  -0.13239
  46.950    -0.02264   0.09011  -0.13242
  47.000    -0.02269   0.09030  -0.13244
  47.050    -0.02275   0.09050  -0.13245
  47.100    -0.02280   0.09070  -0.13246
  47.150    -0.02285   0.09089  -0.13247
  47.200    -0.02290   0.09109  -0.13247
  47.250    -0.02294   0.09130  -0.13247
  47.300    -0.02299   0.09150  -0.13246
  47.350    -0.02304   0.09171  -0.13245
  47.400    -0.02308   0.09191  -0.13243
  47.450    -0.02313   0.09212  -0.13241
  47.500    -0.02317   0.09233  -0.13238
  47.550    -0.02322   0.09254  -0.13235
  47.600    -0.02326   0.09275  -0.13232
  47.650    -0.02330   0.09297  -0.13228
  47.700    -0.02334   0.09318  -0.13224
  47.750    -0.02339   0.09340  -0.13220
  47.800    -0.02343   0.09361  -0.13215
  47.850    -0.02347   0.09383  -0.13209
  47.900    -0.02351   0.09405  -0.13204
  47.950    -0.02355   0.09427  -0.13198
  48.000    -0.02359   0.09449  -0.13192
  48.050    -0.02363   0.09471  -0.13185
  48.100    -0.02367   0.09493  -0.13178
  48.150    -0.02370   0.09516  -0.13171
  48.200    -0.02374   0.09538  -0.13164
  48.250    -0.02378   0.09560  -0.13156
  48.300    -0.02382   0.09583  -0.13148
  48.350    -0.02386   0.09605  -0.13140
  48.400    -0.02390   0.09628  -0.13132
  48.450    -0.02394   0.09650  -0.13123
  48.500    -0.02398   0.09672  -0.13115
  48.550    -0.02402   0.09695  -0.13106
  48.600    -0.02406   0.09717  -0.13097
  48.650    -0.02409   0.09740  -0.13088
  48.700    -0.02414   0.09762  -0.13078
  48.750    -0.02418   0.09784  -0.13069
  48.800    -0.02422   0.09807  -0.13060
  48.850    -0.02426   0.09829  -0.13050
  48.900    -0.02430   0.09851  -0.13040
  48.950    -0.02434   0.09873  -0.13031
  49.000    -0.02439   0.09895  -0.13021
  49.050    -0.02443   0.09917  -0.13011
  49.100    -0.02447   0.09939  -0.13002
  49.150    -0.02452   0.09961  -0.12992
  49.200    -0.02456   0.09983  -0.12982
  49.250    -0.02461   0.10004  -0.12972
  49.300    -0.02466   0.10025  -0.12963
  49.350    -0.02471   0.10047  -0.12953
  49.400    -0.02476   0.10068  -0.12944
  49.450    -0.02481   0.10089  -0.12934
  49.500    -0.02486   0.10110  -0.12925
  49.550    -0.02491   0.10131  -0.12915
  49.600    -0.02496   0.10151  -0.12906
  49.650    -0.02502   0.10172  -0.12897
  49.700    -0.02507   0.10192  -0.12888
  49.750    -0.02513   0.10212  -0.12879
  49.800    -0.02518   0.10232  -0.12871
  49.850    -0.02524   0.10252  -0.12862
  49.900    -0.02530   0.10271  -0.12854
  49.950    -0.02536   0.10291  -0.12846
  50.000    -0.02542   0.10310  -0.12838
  50.050    -0.02549   0.10329  -0.12830
  50.100    -0.02555   0.10348  -0.12823
  50.150    -0.02562   0.10366  -0.12815
  50.200    -0.02568   0.10385  -0.12808
  50.250    -0.02575   0.10403  -0.12801
  50.300    -0.02582   0.10421  -0.12794
  50.350    -0.02589   0.10439  -0.12788
  50.400    -0.02596   0.10456  -0.12781
  50.450    -0.02603   0.10474  -0.12775
  50.500    -0.02611   0.10491  -0.12769
  50.550    -0.02618   0.10508  -0.12764
  50.600    -0.02626   0.10524  -0.12758
  50.650    -0.02634   0.10541  -0.12753
  50.700    -0.02641   0.10557  -0.12748
  50.750    -0.02649   0.10573  -0.12743
  50.800    -0.02658   0.10589  -0.12739
  50.850    -0.02666   0.10605  -0.12734
  50.900    -0.02674   0.10620  -0.12730
  50.950    -0.02682   0.10636  -0.12727
  51.000    -0.02691   0.10651  -0.12723
  51.050    -0.02700   0.10666  -0.12719
  51.100    -0.02708   0.10680  -0.12716
  51.150    -0.02717   0.10695  -0.12713
  51.200    -0.02726   0.10709  -0.12710
  51.250    -0.02735   0.10723  -0.12708
  51.300    -0.02744   0.10737  -0.12705
  51.350    -0.02754   0.10751  -0.12703
  51.400    -0.02763   0.10764  -0.12701
  51.450    -0.02772   0.10778  -0.12699
  51.500    -0.02782   0.10791  -0.12697
  51.550    -0.02791   0.10804  -0.12695
  51.600    -0.02801   0.10817  -0.12694
  51.650    -0.02811   0.10830  -0.12692
  51.700    -0.02821   0.10842  -0.12691
  51.750    -0.02830   0.10855  -0.12690
  51.800    -0.02840   0.10867  -0.12689
  51.850    -0.02850   0.10879  -0.12688
  51.900    -0.02860   0.10891  -0.12687
  51.950    -0.02870   0.10903  -0.12686
  52.000    -0.02881   0.10915  -0.12685
  52.050    -0.02891   0.10927  -0.12685
  52.100    -0.02901   0.10938  -0.12684
  52.150    -0.02911   0.10950  -0.12683
  52.200    -0.02922   0.10961  -0.12683
  52.250    -0.02932   0.10972  -0.12682
  52.300    -0.02942   0.10984  -0.12681
  52.350    -0.02953   0.10995  -0.12681
  52.400    -0.02963   0.11006  -0.12680
  52.450    -0.02973   0.11017  -0.12679
  52.500    -0.02984   0.11028  -0.12678
  52.550    -0.02994   0.11039  -0.12677
  52.600    -0.03004   0.11050  -0.12676
  52.650    -0.03015   0.11061  -0.12675
  52.700    -0.03025   0.11072  -0.12673
  52.750    -0.03035   0.11083  -0.12672
  52.800    -0.03046   0.11094  -0.12670
  52.850    -0.03056   0.11105  -0.12669
  52.900    -0.03066   0.11115  -0.12667
  52.950    -0.03077   0.11126  -0.12665
  53.000    -0.03087   0.11137  -0.12662
  53.050    -0.03097   0.11148  -0.12660
  53.100    -0.03107   0.11159  -0.12657
  53.150    -0.03117   0.11170  -0.12654
  53.200    -0.03127   0.11181  -0.12651
  53.250    -0.03137   0.11192  -0.12647
  53.300    -0.03147   0.11203  -0.12643
  53.350    -0.03157   0.11215  -0.12639
  53.400    -0.03167   0.11226  -0.12635
  53.450    -0.03177   0.11237  -0.12630
  53.500    -0.03186   0.11249  -0.12625
  53.550    -0.03196   0.11260  -0.12620
  53.600    -0.03205   0.11272  -0.12614
  53.650    -0.03215   0.11284  -0.12608
  53.700    -0.03224   0.11295  -0.12602
  53.750    -0.03234   0.11307  -0.12595
  53.800    -0.03243   0.11319  -0.12588
  53.850    -0.03252   0.11332  -0.12581
  53.900    -0.03261   0.11344  -0.12573
  53.950    -0.03270   0.11356  -0.12564
  54.000    -0.03279   0.11369  -0.12556
  54.050    -0.03288   0.11381  -0.12546
  54.100    -0.03296   0.11394  -0.12537
  54.150    -0.03305   0.11407  -0.12527
  54.200    -0.03314   0.11420  -0.12516
  54.250    -0.03322   0.11433  -0.12506
  54.300    -0.03330   0.11446  -0.12494
  54.350    -0.03339   0.11460  -0.12482
  54.400    -0.03347   0.11473  -0.12470
  54.450    -0.03355   0.11487  -0.12458
  54.500    -0.03363   0.11501  -0.12444
  54.550    -0.03370   0.11515  -0.12431
  54.600    -0.03378   0.11529  -0.12417
  54.650    -0.03386   0.11543  -0.12402
  54.700    -0.03393   0.11558  -0.12387
  54.750    -0.03401   0.11572  -0.12372
  54.800    -0.03408   0.11587  -0.12356
  54.850    -0.03416   0.11602  -0.12339
  54.900    -0.03423   0.11617  -0.12322
  54.950    -0.03430   0.11632  -0.12305
  55.000    -0.03437   0.11648  -0.12287
  55.050    -0.03444   0.11663  -0.12269
  55.100    -0.03450   0.11679  -0.12250
  55.150    -0.03457   0.11694  -0.12231
  55.200    -0.03464   0.11710  -0.12211
  55.250    -0.03470   0.11726  -0.12191
  55.300    -0.03477   0.11742  -0.12170
  55.350    -0.03483   0.11759  -0.12149
  55.400    -0.03490   0.11775  -0.12128
  55.450    -0.03496   0.11791  -0.12106
  55.500    -0.03502   0.11808  -0.12083
  55.550    -0.03508   0.11825  -0.12060
  55.600    -0.03514   0.11842  -0.12037
  55.650    -0.03520   0.11859  -0.12014
  55.700    -0.03526   0.11876  -0.11989
  55.750    -0.03532   0.11893  -0.11965
  55.800    -0.03538   0.11910  -0.11940
  55.850    -0.03544   0.11927  -0.11915
  55.900    -0.03549   0.11945  -0.11889
  55.950    -0.03555   0.11962  -0.11863
  56.000    -0.03561   0.11980  -0.11837
  56.050    -0.03566   0.11997  -0.11810
  56.100    -0.03572   0.12015  -0.11783
  56.150    -0.03577   0.12033  -0.11756
  56.200    -0.03583   0.12051  -0.11728
  56.250    -0.03588   0.12068  -0.11700
  56.300    -0.03594   0.12086  -0.11672
  56.350    -0.03599   0.12104  -0.11644
  56.400    -0.03605   0.12122  -0.11615
  56.450    -0.03610   0.12140  -0.11586
  56.500    -0.03615   0.12158  -0.11556
  56.550    -0.03621   0.12176  -0.11527
  56.600    -0.03626   0.12194  -0.11497
  56.650    -0.03632   0.12212  -0.11467
  56.700    -0.03637   0.12230  -0.11437
  56.750    -0.03643   0.12248  -0.11406
  56.800    -0.03648   0.12266  -0.11376
  56.850    -0.03653   0.12284  -0.11345
  56.900    -0.03659   0.12301  -0.11314
  56.950    -0.03664   0.12319  -0.11283
  57.000    -0.03670   0.12337  -0.11251
  57.050    -0.03676   0.12355  -0.11220
  57.100    -0.03681   0.12372  -0.11189
  57.150    -0.03687   0.12390  -0.11157
  57.200    -0.03693   0.12407  -0.11125
  57.250    -0.03698   0.12425  -0.11094
  57.300    -0.03704   0.12442  -0.11062
  57.350    -0.03710   0.12459  -0.11030
  57.400    -0.03716   0.12477  -0.10998
  57.450    -0.03722   0.12494  -0.10966
  57.500    -0.03728   0.12510  -0.10934
  57.550    -0.03734   0.12527  -0.10902
  57.600    -0.03740   0.12544  -0.10870
  57.650    -0.03747   0.12560  -0.10838
  57.700    -0.03753   0.12577  -0.10807
  57.750    -0.03759   0.12593  -0.10775
  57.800    -0.03766   0.12609  -0.10743
  57.850    -0.03772   0.12625  -0.10711
  57.900    -0.03779   0.12641  -0.10679
  57.950    -0.03786   0.12657  -0.10648
  58.000    -0.03793   0.12672  -0.10616
  58.050    -0.03800   0.12688  -0.10585
  58.100    -0.03807   0.12703  -0.10553
  58.150    -0.03814   0.12718  -0.10522
  58.200    -0.03821   0.12732  -0.10491
  58.250    -0.03828   0.12747  -0.10460
  58.300    -0.03836   0.12761  -0.10429
  58.350    -0.03843   0.12776  -0.10399
  58.400    -0.03851   0.12790  -0.10368
  58.450    -0.03859   0.12804  -0.10338
  58.500    -0.03867   0.12817  -0.10307
  58.550    -0.03875   0.12831  -0.10277
  58.600    -0.03883   0.12844  -0.10247
  58.650    -0.03891   0.12857  -0.10218
  58.700    -0.03899   0.12870  -0.10188
  58.750    -0.03908   0.12882  -0.10159
  58.800    -0.03916   0.12895  -0.10130
  58.850    -0.03925   0.12907  -0.10101
  58.900    -0.03933   0.12919  -0.10072
  58.950    -0.03942   0.12930  -0.10043
  59.000    -0.03951   0.12942  -0.10015
  59.050    -0.03960   0.12953  -0.09987
  59.100    -0.03970   0.12964  -0.09959
  59.150    -0.03979   0.12975  -0.09931
  59.200    -0.03988   0.12986  -0.09903
  59.250    -0.03998   0.12996  -0.09876
  59.300    -0.04007   0.13006  -0.09849
  59.350    -0.04017   0.13016  -0.09822
  59.400    -0.04027   0.13026  -0.09795
  59.450    -0.04037   0.13035  -0.09769
  59.500    -0.04047   0.13045  -0.09743
  59.550    -0.04057   0.13054  -0.09717
  59.600    -0.04067   0.13063  -0.09691
  59.650    -0.04078   0.13071  -0.09665
  59.700    -0.04088   0.13080  -0.09640
  59.750    -0.04099   0.13088  -0.09614
  59.800    -0.04109   0.13096  -0.09589
  59.850    -0.04120   0.13104  -0.09564
  59.900    -0.04131   0.13111  -0.09540
  59.950    -0.04142   0.13119  -0.09515
  60.000    -0.04153   0.13126  -0.09491
  60.050    -0.04164   0.13133  -0.09466
  60.100    -0.04175   0.13140  -0.09442
  60.150    -0.04186   0.13146  -0.09419
  60.200    -0.04197   0.13153  -0.09395
  60.250    -0.04209   0.13159  -0.09371
  60.300    -0.04220   0.13165  -0.09348
  60.350    -0.04232   0.13171  -0.09325
  60.400    -0.04243   0.13177  -0.09301
  60.450    -0.04255   0.13183  -0.09278
  60.500    -0.04266   0.13188  -0.09255
  60.550    -0.04278   0.13193  -0.09233
  60.600    -0.04290   0.13199  -0.09210
  60.650    -0.04302   0.13204  -0.09187
  60.700    -0.04314   0.13209  -0.09165
  60.750    -0.04326   0.13213  -0.09142
  60.800    -0.04338   0.13218  -0.09120
  60.850    -0.04349   0.13222  -0.09097
  60.900    -0.04362   0.13227  -0.09075
  60.950    -0.04374   0.13231  -0.09053
  61.000    -0.04386   0.13235  -0.09030
  61.050    -0.04398   0.13239  -0.09008
  61.100    -0.04410   0.13243  -0.08986
  61.150    -0.04422   0.13247  -0.08963
  61.200    -0.04434   0.13251  -0.08941
  61.250    -0.04446   0.13254  -0.08919
  61.300    -0.04458   0.13258  -0.08896
  61.350    -0.04471   0.13262  -0.08874
  61.400    -0.04483   0.13265  -0.08851
  61.450    -0.04495   0.13268  -0.08829
  61.500    -0.04507   0.13272  -0.08806
  61.550    -0.04519   0.13275  -0.08783
  61.600    -0.04531   0.13278  -0.08761
  61.650    -0.04543   0.13282  -0.08738
  61.700    -0.04555   0.13285  -0.08715
  61.750    -0.04567   0.13288  -0.08691
  61.800    -0.04579   0.13291  -0.08668
  61.850    -0.04591   0.13294  -0.08645
  61.900    -0.04603   0.13298  -0.08621
  61.950    -0.04615   0.13301  -0.08597
  62.000    -0.04627   0.13304  -0.08573
  62.050    -0.04639   0.13307  -0.08549
  62.100    -0.04651   0.13310  -0.08525
  62.150    -0.04662   0.13313  -0.08500
  62.200    -0.04674   0.13316  -0.08475
  62.250    -0.04686   0.13320  -0.08450
  62.300    -0.04697   0.13323  -0.08425
  62.350    -0.04709   0.13326  -0.08399
  62.400    -0.04720   0.13329  -0.08373
  62.450    -0.04732   0.13333  -0.08347
  62.500    -0.04743   0.13336  -0.08321
  62.550    -0.04754   0.13340  -0.08294
  62.600    -0.04765   0.13343  -0.08267
  62.650    -0.04776   0.13347  -0.08240
  62.700    -0.04787   0.13351  -0.08213
  62.750    -0.04798   0.13354  -0.08185
  62.800    -0.04809   0.13358  -0.08157
  62.850    -0.04820   0.13362  -0.08128
  62.900    -0.04831   0.13366  -0.08100
  62.950    -0.04841   0.13370  -0.08070
  63.000    -0.04852   0.13374  -0.08041
  63.050    -0.04862   0.13378  -0.08011
  63.100    -0.04873   0.13382  -0.07981
  63.150    -0.04883   0.13387  -0.07950
  63.200    -0.04893   0.13391  -0.07919
  63.250    -0.04903   0.13396  -0.07888
  63.300    -0.04913   0.13401  -0.07856
  63.350    -0.04923   0.13405  -0.07824
  63.400    -0.04933   0.13410  -0.07792
  63.450    -0.04943   0.13415  -0.07759
  63.500    -0.04953   0.13420  -0.07726
  63.550    -0.04962   0.13425  -0.07692
  63.600    -0.04972   0.13431  -0.07658
  63.650    -0.04981   0.13436  -0.07624
  63.700    -0.04990   0.13442  -0.07589
  63.750    -0.05000   0.13447  -0.07554
  63.800    -0.05009   0.13453  -0.07518
  63.850    -0.05018   0.13459  -0.07482
  63.900    -0.05027   0.13465  -0.07446
  63.950    -0.05036   0.13471  -0.07409
  64.000    -0.05044   0.13477  -0.07372
  64.050    -0.05053   0.13483  -0.07334
  64.100    -0.05062   0.13490  -0.07296
  64.150    -0.05070   0.13496  -0.07258
  64.200    -0.05079   0.13503  -0.07219
  64.250    -0.05087   0.13509  -0.07180
  64.300    -0.05095   0.13516  -0.07140
  64.350    -0.05104   0.13523  -0.07100
  64.400    -0.05112   0.13530  -0.07060
  64.450    -0.05120   0.13537  -0.07019
  64.500    -0.05128   0.13544  -0.06978
  64.550    -0.05136   0.13552  -0.06936
  64.600    -0.05143   0.13559  -0.06894
  64.650    -0.05151   0.13566  -0.06852
  64.700    -0.05159   0.13574  -0.06809
  64.750    -0.05166   0.13582  -0.06766
  64.800    -0.05174   0.13589  -0.06723
  64.850    -0.05181   0.13597  -0.06679
  64.900    -0.05189   0.13605  -0.06635
  64.950    -0.05196   0.13613  -0.06591
  65.000    -0.05204   0.13621  -0.06546
  65.050    -0.05211   0.13629  -0.06501
  65.100    -0.05218   0.13637  -0.06455
  65.150    -0.05225   0.13645  -0.06410
  65.200    -0.05232   0.13653  -0.06364
  65.250    -0.05239   0.13662  -0.06317
  65.300    -0.05246   0.13670  -0.06271
  65.350    -0.05253   0.13678  -0.06224
  65.400    -0.05260   0.13687  -0.06177
  65.450    -0.05267   0.13695  -0.06129
  65.500    -0.05274   0.13704  -0.06081
  65.550    -0.05281   0.13712  -0.06033
  65.600    -0.05288   0.13720  -0.05985
  65.650    -0.05295   0.13729  -0.05937
  65.700    -0.05302   0.13737  -0.05888
  65.750    -0.05309   0.13746  -0.05839
  65.800    -0.05315   0.13754  -0.05790
  65.850    -0.05322   0.13763  -0.05741
  65.900    -0.05329   0.13771  -0.05691
  65.950    -0.05336   0.13780  -0.05642
  66.000    -0.05343   0.13788  -0.05592
  66.050    -0.05349   0.13797  -0.05542
  66.100    -0.05356   0.13805  -0.05492
  66.150    -0.05363   0.13813  -0.05442
  66.200    -0.05370   0.13822  -0.05391
  66.250    -0.05377   0.13830  -0.05341
  66.300    -0.05384   0.13838  -0.05290
  66.350    -0.05391   0.13846  -0.05239
  66.400    -0.05397   0.13854  -0.05189
  66.450    -0.05404   0.13862  -0.05138
  66.500    -0.05411   0.13870  -0.05087
  66.550    -0.05418   0.13878  -0.05036
  66.600    -0.05426   0.13886  -0.04985
  66.650    -0.05433   0.13893  -0.04934
  66.700    -0.05440   0.13901  -0.04883
  66.750    -0.05447   0.13908  -0.04831
  66.800    -0.05454   0.13916  -0.04780
  66.850    -0.05462   0.13923  -0.04729
  66.900    -0.05469   0.13930  -0.04678
  66.950    -0.05476   0.13937  -0.04627
  67.000    -0.05484   0.13944  -0.04576
  67.050    -0.05491   0.13950  -0.04525
  67.100    -0.05499   0.13957  -0.04474
  67.150    -0.05507   0.13963  -0.04423
  67.200    -0.05514   0.13970  -0.04372
  67.250    -0.05522   0.13976  -0.04321
  67.300    -0.05530   0.13982  -0.04270
  67.350    -0.05538   0.13988  -0.04220
  67.400    -0.05546   0.13994  -0.04169
  67.450    -0.05554   0.13999  -0.04119
  67.500    -0.05562   0.14004  -0.04069
  67.550    -0.05571   0.14010  -0.04019
  67.600    -0.05579   0.14015  -0.03969
  67.650    -0.05587   0.14019  -0.03919
  67.700    -0.05596   0.14024  -0.03869
  67.750    -0.05604   0.14028  -0.03820
  67.800    -0.05613   0.14033  -0.03770
  67.850    -0.05622   0.14037  -0.03721
  67.900    -0.05631   0.14041  -0.03672
  67.950    -0.05640   0.14044  -0.03623
  68.000    -0.05649   0.14048  -0.03575
  68.050    -0.05658   0.14051  -0.03526
  68.100    -0.05667   0.14054  -0.03478
  68.150    -0.05677   0.14057  -0.03430
  68.200    -0.05686   0.14060  -0.03382
  68.250    -0.05696   0.14062  -0.03335
  68.300    -0.05706   0.14064  -0.03287
  68.350    -0.05715   0.14066  -0.03240
  68.400    -0.05725   0.14068  -0.03193
  68.450    -0.05735   0.14070  -0.03147
  68.500    -0.05745   0.14071  -0.03100
  68.550    -0.05755   0.14072  -0.03054
  68.600    -0.05766   0.14073  -0.03008
  68.650    -0.05776   0.14073  -0.02963
  68.700    -0.05787   0.14074  -0.02917
  68.750    -0.05797   0.14074  -0.02872
  68.800    -0.05808   0.14074  -0.02827
  68.850    -0.05819   0.14074  -0.02783
  68.900    -0.05830   0.14073  -0.02738
  68.950    -0.05841   0.14072  -0.02694
  69.000    -0.05852   0.14071  -0.02650
  69.050    -0.05863   0.14070  -0.02607
  69.100    -0.05874   0.14069  -0.02564
  69.150    -0.05886   0.14067  -0.02521
  69.200    -0.05897   0.14065  -0.02478
  69.250    -0.05909   0.14063  -0.02436
  69.300    -0.05920   0.14061  -0.02393
  69.350    -0.05932   0.14058  -0.02351
  69.400    -0.05944   0.14056  -0.02310
  69.450    -0.05956   0.14053  -0.02268
  69.500    -0.05968   0.14049  -0.02227
  69.550    -0.05980   0.14046  -0.02187
  69.600    -0.05992   0.14042  -0.02146
  69.650    -0.06005   0.14038  -0.02106
  69.700    -0.06017   0.14034  -0.02066
  69.750    -0.06029   0.14030  -0.02026
  69.800    -0.06042   0.14025  -0.01986
  69.850    -0.06055   0.14021  -0.01947
  69.900    -0.06067   0.14016  -0.01908
  69.950    -0.06080   0.14011  -0.01869
  70.000    -0.06093   0.14005  -0.01830
  70.050    -0.06106   0.14000  -0.01792
  70.100    -0.06119   0.13994  -0.01754
  70.150    -0.06132   0.13988  -0.01716
  70.200    -0.06145   0.13982  -0.01678
  70.250    -0.06158   0.13976  -0.01641
  70.300    -0.06171   0.13969  -0.01603
  70.350    -0.06184   0.13963  -0.01566
  70.400    -0.06198   0.13956  -0.01529
  70.450    -0.06211   0.13949  -0.01493
  70.500    -0.06224   0.13942  -0.01456
  70.550    -0.06238   0.13935  -0.01420
  70.600    -0.06251   0.13927  -0.01384
  70.650    -0.06265   0.13920  -0.01348
  70.700    -0.06278   0.13912  -0.01312
  70.750    -0.06292   0.13904  -0.01276
  70.800    -0.06306   0.13896  -0.01241
  70.850    -0.06319   0.13888  -0.01205
  70.900    -0.06333   0.13879  -0.01170
  70.950    -0.06347   0.13871  -0.01135
  71.000    -0.06360   0.13862  -0.01100
  71.050    -0.06374   0.13854  -0.01065
  71.100    -0.06388   0.13845  -0.01030
  71.150    -0.06402   0.13836  -0.00995
  71.200    -0.06415   0.13827  -0.00961
  71.250    -0.06429   0.13818  -0.00926
  71.300    -0.06443   0.13808  -0.00892
  71.350    -0.06457   0.13799  -0.00857
  71.400    -0.06471   0.13790  -0.00823
  71.450    -0.06484   0.13780  -0.00789
  71.500    -0.06498   0.13771  -0.00754
  71.550    -0.06512   0.13761  -0.00720
  71.600    -0.06526   0.13751  -0.00686
  71.650    -0.06539   0.13741  -0.00651
  71.700    -0.06553   0.13732  -0.00617
  71.750    -0.06567   0.13722  -0.00583
  71.800    -0.06581   0.13712  -0.00549
  71.850    -0.06594   0.13702  -0.00514
  71.900    -0.06608   0.13692  -0.00480
  71.950    -0.06621   0.13682  -0.00446
  72.000    -0.06635   0.13671  -0.00411
  72.050    -0.06648   0.13661  -0.00377
  72.100    -0.06662   0.13651  -0.00343
  72.150    -0.06675   0.13641  -0.00308
  72.200    -0.06689   0.13631  -0.00273
  72.250    -0.06702   0.13620  -0.00239
  72.300    -0.06715   0.13610  -0.00204
  72.350    -0.06729   0.13600  -0.00169
  72.400    -0.06742   0.13590  -0.00134
  72.450    -0.06755   0.13579  -0.00099
  72.500    -0.06768   0.13569  -0.00064
  72.550    -0.06781   0.13559  -0.00028
  72.600    -0.06794   0.13549   0.00007
  72.650    -0.06807   0.13539   0.00043
  72.700    -0.06820   0.13528   0.00079
  72.750    -0.06833   0.13518   0.00115
  72.800    -0.06845   0.13508   0.00151
  72.850    -0.06858   0.13498   0.00187
  72.900    -0.06870   0.13488   0.00223
  72.950    -0.06883   0.13478   0.00260
  73.000    -0.06895   0.13468   0.00297
  73.050    -0.06908   0.13458   0.00334
  73.100    -0.06920   0.13448   0.00371
  73.150    -0.06932   0.13438   0.00409
  73.200    -0.06944   0.13429   0.00446
  73.250    -0.06956   0.13419   0.00484
  73.300    -0.06968   0.13409   0.00522
  73.350    -0.06980   0.13400   0.00560
  73.400    -0.06992   0.13390   0.00599
  73.450    -0.07004   0.13381   0.00638
  73.500    -0.07015   0.13371   0.00677
  73.550    -0.07027   0.13362   0.00716
  73.600    -0.07038   0.13353   0.00755
  73.650    -0.07049   0.13344   0.00795
  73.700    -0.07061   0.13335   0.00835
  73.750    -0.07072   0.13326   0.00875
  73.800    -0.07083   0.13317   0.00916
  73.850    -0.07094   0.13308   0.00956
  73.900    -0.07105   0.13299   0.00997
  73.950    -0.07116   0.13290   0.01039
  74.000    -0.07126   0.13282   0.01080
  74.050    -0.07137   0.13273   0.01122
  74.100    -0.07148   0.13265   0.01164
  74.150    -0.07158   0.13257   0.01207
  74.200    -0.07169   0.13248   0.01249
  74.250    -0.07179   0.13240   0.01292
  74.300    -0.07189   0.13232   0.01335
  74.350    -0.07199   0.13224   0.01379
  74.400    -0.07209   0.13216   0.01422
  74.450    -0.07219   0.13208   0.01466
  74.500    -0.07229   0.13201   0.01511
  74.550    -0.07239   0.13193   0.01555
  74.600    -0.07248   0.13186   0.01600
  74.650    -0.07258   0.13178   0.01645
  74.700    -0.07268   0.13171   0.01690
  74.750    -0.07277   0.13163   0.01736
  74.800    -0.07286   0.13156   0.01782
  74.850    -0.07296   0.13149   0.01828
  74.900    -0.07305   0.13142   0.01875
  74.950    -0.07314   0.13135   0.01921
  75.000    -0.07323   0.13128   0.01968
  75.050    -0.07332   0.13121   0.02016
  75.100    -0.07341   0.13114   0.02063
  75.150    -0.07350   0.13108   0.02111
  75.200    -0.07359   0.13101   0.02159
  75.250    -0.07367   0.13095   0.02207
  75.300    -0.07376   0.13088   0.02255
  75.350    -0.07385   0.13082   0.02304
  75.400    -0.07393   0.13075   0.02353
  75.450    -0.07402   0.13069   0.02402
  75.500    -0.07410   0.13063   0.02451
  75.550    -0.07418   0.13057   0.02501
  75.600    -0.07427   0.13051   0.02551
  75.650    -0.07435   0.13044   0.02601
  75.700    -0.07443   0.13038   0.02651
  75.750    -0.07451   0.13032   0.02701
  75.800    -0.07459   0.13027   0.02752
  75.850    -0.07468   0.13021   0.02803
  75.900    -0.07476   0.13015   0.02854
  75.950    -0.07484   0.13009   0.02905
  76.000    -0.07491   0.13003   0.02956
  76.050    -0.07499   0.12997   0.03008
  76.100    -0.07507   0.12991   0.03059
  76.150    -0.07515   0.12986   0.03111
  76.200    -0.07523   0.12980   0.03163
  76.250    -0.07531   0.12974   0.03215
  76.300    -0.07538   0.12969   0.03267
  76.350    -0.07546   0.12963   0.03319
  76.400    -0.07554   0.12957   0.03372
  76.450    -0.07562   0.12951   0.03424
  76.500    -0.07569   0.12946   0.03477
  76.550    -0.07577   0.12940   0.03530
  76.600    -0.07585   0.12934   0.03582
  76.650    -0.07592   0.12928   0.03635
  76.700    -0.07600   0.12922   0.03688
  76.750    -0.07608   0.12917   0.03741
  76.800    -0.07615   0.12911   0.03794
  76.850    -0.07623   0.12905   0.03847
  76.900    -0.07631   0.12899   0.03900
  76.950    -0.07639   0.12893   0.03953
  77.000    -0.07646   0.12887   0.04006
  77.050    -0.07654   0.12881   0.04060
  77.100    -0.07662   0.12875   0.04113
  77.150    -0.07669   0.12868   0.04166
  77.200    -0.07677   0.12862   0.04219
  77.250    -0.07685   0.12856   0.04272
  77.300    -0.07693   0.12849   0.04325
  77.350    -0.07701   0.12843   0.04378
  77.400    -0.07709   0.12836   0.04431
  77.450    -0.07717   0.12829   0.04484
  77.500    -0.07725   0.12823   0.04537
  77.550    -0.07733   0.12816   0.04589
  77.600    -0.07741   0.12809   0.04642
  77.650    -0.07749   0.12802   0.04695
  77.700    -0.07757   0.12795   0.04747
  77.750    -0.07765   0.12787   0.04799
  77.800    -0.07773   0.12780   0.04852
  77.850    -0.07781   0.12772   0.04904
  77.900    -0.07790   0.12765   0.04956
  77.950    -0.07798   0.12757   0.05007
  78.000    -0.07807   0.12749   0.05059
  78.050    -0.07815   0.12741   0.05111
  78.100    -0.07824   0.12733   0.05162
  78.150    -0.07832   0.12724   0.05213
  78.200    -0.07841   0.12716   0.05264
  78.250    -0.07850   0.12707   0.05315
  78.300    -0.07859   0.12699   0.05366
  78.350    -0.07867   0.12690   0.05416
  78.400    -0.07876   0.12681   0.05466
  78.450    -0.07885   0.12671   0.05516
  78.500    -0.07895   0.12662   0.05566
  78.550    -0.07904   0.12652   0.05615
  78.600    -0.07913   0.12643   0.05665
  78.650    -0.07922   0.12633   0.05714
  78.700    -0.07932   0.12623   0.05762
  78.750    -0.07941   0.12612   0.05811
  78.800    -0.07951   0.12602   0.05859
  78.850    -0.07960   0.12591   0.05907
  78.900    -0.07970   0.12580   0.05955
  78.950    -0.07980   0.12569   0.06002
  79.000    -0.07990   0.12558   0.06049
  79.050    -0.08000   0.12547   0.06096
  79.100    -0.08010   0.12535   0.06143
  79.150    -0.08020   0.12523   0.06189
  79.200    -0.08031   0.12511   0.06235
  79.250    -0.08041   0.12499   0.06280
  79.300    -0.08051   0.12487   0.06325
  79.350    -0.08062   0.12474   0.06370
  79.400    -0.08073   0.12461   0.06415
  79.450    -0.08083   0.12448   0.06459
  79.500    -0.08094   0.12435   0.06503
  79.550    -0.08105   0.12421   0.06546
  79.600    -0.08116   0.12408   0.06590
  79.650    -0.08127   0.12394   0.06632
  79.700    -0.08138   0.12380   0.06675
  79.750    -0.08150   0.12365   0.06717
  79.800    -0.08161   0.12351   0.06759
  79.850    -0.08172   0.12336   0.06800
  79.900    -0.08184   0.12321   0.06841
  79.950    -0.08196   0.12306   0.06882
  80.000    -0.08207   0.12290   0.06922
  80.050    -0.08219   0.12275   0.06962
  80.100    -0.08231   0.12259   0.07002
  80.150    -0.08243   0.12243   0.07041
  80.200    -0.08255   0.12226   0.07080
  80.250    -0.08268   0.12210   0.07118
  80.300    -0.08280   0.12193   0.07156
  80.350    -0.08292   0.12176   0.07194
  80.400    -0.08305   0.12159   0.07231
  80.450    -0.08317   0.12141   0.07268
  80.500    -0.08330   0.12124   0.07304
  80.550    -0.08343   0.12106   0.07340
  80.600    -0.08356   0.12088   0.07376
  80.650    -0.08368   0.12069   0.07411
  80.700    -0.08381   0.12051   0.07446
  80.750    -0.08395   0.12032   0.07481
  80.800    -0.08408   0.12013   0.07515
  80.850    -0.08421   0.11994   0.07548
  80.900    -0.08434   0.11974   0.07582
  80.950    -0.08448   0.11955   0.07615
  81.000    -0.08461   0.11935   0.07647
  81.050    -0.08475   0.11915   0.07680
  81.100    -0.08488   0.11895   0.07712
  81.150    -0.08502   0.11874   0.07743
  81.200    -0.08516   0.11854   0.07774
  81.250    -0.08529   0.11833   0.07805
  81.300    -0.08543   0.11812   0.07835
  81.350    -0.08557   0.11790   0.07865
  81.400    -0.08571   0.11769   0.07895
  81.450    -0.08585   0.11747   0.07924
  81.500    -0.08600   0.11726   0.07953
  81.550    -0.08614   0.11704   0.07982
  81.600    -0.08628   0.11681   0.08010
  81.650    -0.08642   0.11659   0.08038
  81.700    -0.08657   0.11636   0.08065
  81.750    -0.08671   0.11614   0.08093
  81.800    -0.08685   0.11591   0.08120
  81.850    -0.08700   0.11568   0.08146
  81.900    -0.08714   0.11545   0.08172
  81.950    -0.08729   0.11521   0.08198
  82.000    -0.08744   0.11498   0.08224
  82.050    -0.08758   0.11474   0.08249
  82.100    -0.08773   0.11450   0.08274
  82.150    -0.08788   0.11426   0.08299
  82.200    -0.08802   0.11402   0.08323
  82.250    -0.08817   0.11377   0.08347
  82.300    -0.08832   0.11353   0.08371
  82.350    -0.08847   0.11328   0.08395
  82.400    -0.08862   0.11304   0.08418
  82.450    -0.08877   0.11279   0.08441
  82.500    -0.08891   0.11254   0.08464
  82.550    -0.08906   0.11229   0.08486
  82.600    -0.08921   0.11203   0.08508
  82.650    -0.08936   0.11178   0.08530
  82.700    -0.08951   0.11153   0.08552
  82.750    -0.08966   0.11127   0.08573
  82.800    -0.08981   0.11101   0.08595
  82.850    -0.08996   0.11076   0.08616
  82.900    -0.09011   0.11050   0.08637
  82.950    -0.09026   0.11024   0.08657
  83.000    -0.09041   0.10998   0.08678
  83.050    -0.09056   0.10971   0.08698
  83.100    -0.09070   0.10945   0.08718
  83.150    -0.09085   0.10919   0.08738
  83.200    -0.09100   0.10893   0.08757
  83.250    -0.09115   0.10866   0.08777
  83.300    -0.09130   0.10840   0.08796
  83.350    -0.09145   0.10813   0.08816
  83.400    -0.09160   0.10786   0.08835
  83.450    -0.09174   0.10760   0.08854
  83.500    -0.09189   0.10733   0.08872
  83.550    -0.09204   0.10706   0.08891
  83.600    -0.09218   0.10679   0.08910
  83.650    -0.09233   0.10652   0.08928
  83.700    -0.09248   0.10625   0.08946
  83.750    -0.09262   0.10598   0.08965
  83.800    -0.09277   0.10571   0.08983
  83.850    -0.09291   0.10544   0.09001
  83.900    -0.09306   0.10517   0.09019
  83.950    -0.09320   0.10490   0.09037
  84.000    -0.09334   0.10463   0.09054
  84.050    -0.09349   0.10436   0.09072
  84.100    -0.09363   0.10409   0.09090
  84.150    -0.09377   0.10382   0.09107
  84.200    -0.09391   0.10355   0.09125
  84.250    -0.09405   0.10328   0.09143
  84.300    -0.09419   0.10301   0.09160
  84.350    -0.09433   0.10274   0.09178
  84.400    -0.09447   0.10246   0.09195
  84.450    -0.09461   0.10219   0.09213
  84.500    -0.09475   0.10192   0.09230
  84.550    -0.09488   0.10165   0.09248
  84.600    -0.09502   0.10138   0.09265
  84.650    -0.09516   0.10111   0.09283
  84.700    -0.09529   0.10085   0.09300
  84.750    -0.09542   0.10058   0.09318
  84.800    -0.09556   0.10031   0.09335
  84.850    -0.09569   0.10004   0.09353
  84.900    -0.09582   0.09977   0.09371
  84.950    -0.09595   0.09951   0.09388
  85.000    -0.09608   0.09924   0.09406
  85.050    -0.09621   0.09897   0.09424
  85.100    -0.09634   0.09871   0.09442
  85.150    -0.09647   0.09844   0.09460
  85.200    -0.09660   0.09818   0.09478
  85.250    -0.09672   0.09792   0.09496
  85.300    -0.09685   0.09765   0.09514
  85.350    -0.09697   0.09739   0.09532
  85.400    -0.09710   0.09713   0.09550
  85.450    -0.09722   0.09687   0.09569
  85.500    -0.09734   0.09661   0.09587
  85.550    -0.09746   0.09635   0.09606
  85.600    -0.09758   0.09609   0.09625
  85.650    -0.09770   0.09583   0.09643
  85.700    -0.09782   0.09557   0.09662
  85.750    -0.09794   0.09532   0.09681
  85.800    -0.09805   0.09506   0.09700
  85.850    -0.09817   0.09481   0.09720
  85.900    -0.09828   0.09455   0.09739
  85.950    -0.09840   0.09430   0.09759
  86.000    -0.09851   0.09405   0.09778
  86.050    -0.09862   0.09380   0.09798
  86.100    -0.09873   0.09355   0.09818
  86.150    -0.09884   0.09330   0.09838
  86.200    -0.09895   0.09305   0.09858
  86.250    -0.09906   0.09280   0.09878
  86.300    -0.09917   0.09256   0.09899
  86.350    -0.09927   0.09231   0.09919
  86.400    -0.09938   0.09207   0.09940
  86.450    -0.09948   0.09182   0.09961
  86.500    -0.09959   0.09158   0.09982
  86.550    -0.09969   0.09134   0.10003
  86.600    -0.09979   0.09110   0.10024
  86.650    -0.09989   0.09086   0.10046
  86.700    -0.09999   0.09062   0.10067
  86.750    -0.10009   0.09038   0.10089
  86.800    -0.10019   0.09015   0.10111
  86.850    -0.10029   0.08991   0.10133
  86.900    -0.10038   0.08968   0.10155
  86.950    -0.10048   0.08944   0.10177
  87.000    -0.10058   0.08921   0.10200
  87.050    -0.10067   0.08898   0.10222
  87.100    -0.10076   0.08875   0.10245
  87.150    -0.10086   0.08852   0.10268
  87.200    -0.10095   0.08829   0.10291
  87.250    -0.10104   0.08806   0.10314
  87.300    -0.10113   0.08783   0.10337
  87.350    -0.10122   0.08760   0.10361
  87.400    -0.10131   0.08738   0.10384
  87.450    -0.10140   0.08715   0.10408
  87.500    -0.10148   0.08693   0.10432
  87.550    -0.10157   0.08671   0.10456
  87.600    -0.10166   0.08649   0.10480
  87.650    -0.10174   0.08626   0.10504
  87.700    -0.10183   0.08604   0.10528
  87.750    -0.10191   0.08582   0.10553
  87.800    -0.10199   0.08560   0.10577
  87.850    -0.10208   0.08539   0.10602
  87.900    -0.10216   0.08517   0.10626
  87.950    -0.10224   0.08495   0.10651
  88.000    -0.10232   0.08474   0.10676
  88.050    -0.10240   0.08452   0.10701
  88.100    -0.10248   0.08431   0.10726
  88.150    -0.10256   0.08409   0.10752
  88.200    -0.10264   0.08388   0.10777
  88.250    -0.10272   0.08366   0.10802
  88.300    -0.10280   0.08345   0.10828
  88.350    -0.10288   0.08324   0.10853
  88.400    -0.10295   0.08303   0.10879
  88.450    -0.10303   0.08282   0.10904
  88.500    -0.10311   0.08261   0.10930
  88.550    -0.10318   0.08240   0.10956
  88.600    -0.10326   0.08219   0.10982
  88.650    -0.10333   0.08198   0.11007
  88.700    -0.10341   0.08177   0.11033
  88.750    -0.10348   0.08156   0.11059
  88.800    -0.10356   0.08135   0.11085
  88.850    -0.10363   0.08114   0.11111
  88.900    -0.10371   0.08094   0.11137
  88.950    -0.10378   0.08073   0.11163
  89.000    -0.10385   0.08052   0.11189
  89.050    -0.10393   0.08031   0.11215
  89.100    -0.10400   0.08011   0.11241
  89.150    -0.10407   0.07990   0.11267
  89.200    -0.10415   0.07969   0.11293
  89.250    -0.10422   0.07949   0.11319
  89.300    -0.10429   0.07928   0.11344
  89.350    -0.10437   0.07907   0.11370
  89.400    -0.10444   0.07887   0.11396
  89.450    -0.10451   0.07866   0.11422
  89.500    -0.10459   0.07845   0.11447
  89.550    -0.10466   0.07824   0.11473
  89.600    -0.10473   0.07804   0.11499
  89.650    -0.10481   0.07783   0.11524
  89.700    -0.10488   0.07762   0.11550
  89.750    -0.10495   0.07741   0.11575
  89.800    -0.10503   0.07720   0.11600
  89.850    -0.10510   0.07700   0.11625
  89.900    -0.10517   0.07679   0.11650
  89.950    -0.10525   0.07658   0.11675
  90.000    -0.10532   0.07637   0.11700
  90.050    -0.10540   0.07616   0.11724
  90.100    -0.10547   0.07594   0.11749
  90.150    -0.10555   0.07573   0.11773
  90.200    -0.10562   0.07552   0.11797
  90.250    -0.10570   0.07531   0.11821
  90.300    -0.10577   0.07509   0.11845
  90.350    -0.10585   0.07488   0.11869
  90.400    -0.10593   0.07466   0.11892
  90.450    -0.10600   0.07445   0.11916
  90.500    -0.10608   0.07423   0.11939
  90.550    -0.10616   0.07401   0.11962
  90.600    -0.10624   0.07380   0.11985
  90.650    -0.10632   0.07358   0.12007
  90.700    -0.10640   0.07336   0.12030
  90.750    -0.10648   0.07314   0.12052
  90.800    -0.10656   0.07291   0.12074
  90.850    -0.10664   0.07269   0.12095
  90.900    -0.10672   0.07247   0.12117
  90.950    -0.10680   0.07224   0.12138
  91.000    -0.10688   0.07202   0.12159
  91.050    -0.10697   0.07179   0.12179
  91.100    -0.10705   0.07156   0.12200
  91.150    -0.10713   0.07133   0.12220
  91.200    -0.10722   0.07110   0.12240
  91.250    -0.10731   0.07087   0.12259
  91.300    -0.10739   0.07064   0.12279
  91.350    -0.10748   0.07040   0.12297
  91.400    -0.10757   0.07017   0.12316
  91.450    -0.10765   0.06993   0.12334
  91.500    -0.10774   0.06969   0.12352
  91.550    -0.10783   0.06945   0.12370
  91.600    -0.10792   0.06921   0.12388
  91.650    -0.10802   0.06897   0.12405
  91.700    -0.10811   0.06872   0.12421
  91.750    -0.10820   0.06848   0.12438
  91.800    -0.10829   0.06823   0.12454
  91.850    -0.10839   0.06798   0.12469
  91.900    -0.10848   0.06773   0.12485
  91.950    -0.10858   0.06748   0.12500
  92.000    -0.10868   0.06723   0.12514
  92.050    -0.10877   0.06697   0.12529
  92.100    -0.10887   0.06672   0.12542
  92.150    -0.10897   0.06646   0.12556
  92.200    -0.10907   0.06620   0.12569
  92.250    -0.10917   0.06594   0.12582
  92.300    -0.10927   0.06568   0.12594
  92.350    -0.10938   0.06541   0.12606
  92.400    -0.10948   0.06515   0.12617
  92.450    -0.10958   0.06488   0.12628
  92.500    -0.10969   0.06461   0.12639
  92.550    -0.10979   0.06434   0.12649
  92.600    -0.10990   0.06406   0.12659
  92.650    -0.11001   0.06379   0.12669
  92.700    -0.11012   0.06351   0.12678
  92.750    -0.11023   0.06323   0.12686
  92.800    -0.11034   0.06295   0.12694
  92.850    -0.11045   0.06267   0.12702
  92.900    -0.11056   0.06238   0.12709
  92.950    -0.11067   0.06210   0.12716
  93.000    -0.11079   0.06181   0.12723
  93.050    -0.11090   0.06152   0.12728
  93.100    -0.11102   0.06123   0.12734
  93.150    -0.11113   0.06094   0.12739
  93.200    -0.11125   0.06064   0.12744
  93.250    -0.11137   0.06034   0.12748
  93.300    -0.11149   0.06004   0.12751
  93.350    -0.11161   0.05974   0.12755
  93.400    -0.11173   0.05944   0.12757
  93.450    -0.11185   0.05914   0.12760
  93.500    -0.11197   0.05883   0.12762
  93.550    -0.11210   0.05852   0.12763
  93.600    -0.11222   0.05821   0.12764
  93.650    -0.11234   0.05790   0.12764
  93.700    -0.11247   0.05758   0.12764
  93.750    -0.11260   0.05727   0.12764
  93.800    -0.11272   0.05695   0.12763
  93.850    -0.11285   0.05663   0.12762
  93.900    -0.11298   0.05631   0.12760
  93.950    -0.11311   0.05599   0.12758
  94.000    -0.11324   0.05566   0.12755
  94.050    -0.11337   0.05533   0.12751
  94.100    -0.11350   0.05500   0.12748
  94.150    -0.11364   0.05467   0.12744
  94.200    -0.11377   0.05434   0.12739
  94.250    -0.11390   0.05401   0.12734
  94.300    -0.11404   0.05367   0.12728
  94.350    -0.11417   0.05333   0.12722
  94.400    -0.11431   0.05299   0.12716
  94.450    -0.11445   0.05265   0.12709
  94.500    -0.11458   0.05231   0.12701
  94.550    -0.11472   0.05196   0.12693
  94.600    -0.11486   0.05162   0.12685
  94.650    -0.11500   0.05127   0.12676
  94.700    -0.11514   0.05092   0.12667
  94.750    -0.11528   0.05057   0.12657
  94.800    -0.11542   0.05021   0.12647
  94.850    -0.11556   0.04986   0.12637
  94.900    -0.11571   0.04950   0.12626
  94.950    -0.11585   0.04914   0.12614
  95.000    -0.11599   0.04878   0.12602
  95.050    -0.11614   0.04842   0.12590
  95.100    -0.11628   0.04806   0.12577
  95.150    -0.11642   0.04770   0.12564
  95.200    -0.11657   0.04733   0.12550
  95.250    -0.11672   0.04696   0.12536
  95.300    -0.11686   0.04659   0.12522
  95.350    -0.11701   0.04622   0.12507
  95.400    -0.11715   0.04585   0.12492
  95.450    -0.11730   0.04548   0.12476
  95.500    -0.11745   0.04510   0.12460
  95.550    -0.11760   0.04473   0.12443
  95.600    -0.11775   0.04435   0.12426
  95.650    -0.11789   0.04397   0.12409
  95.700    -0.11804   0.04359   0.12391
  95.750    -0.11819   0.04321   0.12373
  95.800    -0.11834   0.04283   0.12355
  95.850    -0.11849   0.04245   0.12336
  95.900    -0.11864   0.04206   0.12316
  95.950    -0.11879   0.04168   0.12297
  96.000    -0.11894   0.04129   0.12277
  96.050    -0.11909   0.04090   0.12257
  96.100    -0.11924   0.04052   0.12236
  96.150    -0.11939   0.04013   0.12215
  96.200    -0.11954   0.03974   0.12193
  96.250    -0.11969   0.03934   0.12172
  96.300    -0.11984   0.03895   0.12150
  96.350    -0.11999   0.03856   0.12127
  96.400    -0.12014   0.03817   0.12105
  96.450    -0.12029   0.03777   0.12081
  96.500    -0.12044   0.03737   0.12058
  96.550    -0.12059   0.03698   0.12034
  96.600    -0.12075   0.03658   0.12011
  96.650    -0.12090   0.03618   0.11986
  96.700    -0.12105   0.03578   0.11962
  96.750    -0.12120   0.03539   0.11937
  96.800    -0.12135   0.03499   0.11912
  96.850    -0.12150   0.03459   0.11886
  96.900    -0.12165   0.03418   0.11861
  96.950    -0.12179   0.03378   0.11835
  97.000    -0.12194   0.03338   0.11808
  97.050    -0.12209   0.03298   0.11782
  97.100    -0.12224   0.03258   0.11755
  97.150    -0.12239   0.03217   0.11728
  97.200    -0.12254   0.03177   0.11701
  97.250    -0.12269   0.03137   0.11674
  97.300    -0.12283   0.03096   0.11646
  97.350    -0.12298   0.03056   0.11618
  97.400    -0.12313   0.03016   0.11590
  97.450    -0.12327   0.02975   0.11562
  97.500    -0.12342   0.02935   0.11533
  97.550    -0.12357   0.02894   0.11505
  97.600    -0.12371   0.02854   0.11476
  97.650    -0.12386   0.02813   0.11447
  97.700    -0.12400   0.02773   0.11418
  97.750    -0.12414   0.02732   0.11388
  97.800    -0.12429   0.02692   0.11359
  97.850    -0.12443   0.02651   0.11329
  97.900    -0.12457   0.02611   0.11299
  97.950    -0.12471   0.02570   0.11269
  98.000    -0.12485   0.02530   0.11239
  98.050    -0.12499   0.02490   0.11209
  98.100    -0.12513   0.02449   0.11179
  98.150    -0.12527   0.02409   0.11148
  98.200    -0.12541   0.02369   0.11117
  98.250    -0.12555   0.02328   0.11087
  98.300    -0.12569   0.02288   0.11056
  98.350    -0.12582   0.02248   0.11025
  98.400    -0.12596   0.02208   0.10994
  98.450    -0.12609   0.02168   0.10963
  98.500    -0.12623   0.02128   0.10932
  98.550    -0.12636   0.02088   0.10901
  98.600    -0.12649   0.02048   0.10869
  98.650    -0.12663   0.02008   0.10838
  98.700    -0.12676   0.01968   0.10806
  98.750    -0.12689   0.01929   0.10775
  98.800    -0.12702   0.01889   0.10743
  98.850    -0.12715   0.01849   0.10712
  98.900    -0.12727   0.01810   0.10680
  98.950    -0.12740   0.01770   0.10649
  99.000    -0.12753   0.01731   0.10617
  99.050    -0.12765   0.01692   0.10585
  99.100    -0.12778   0.01652   0.10554
  99.150    -0.12790   0.01613   0.10522
  99.200    -0.12802   0.01574   0.10491
  99.250    -0.12814   0.01535   0.10459
  99.300    -0.12827   0.01497   0.10427
  99.350    -0.12839   0.01458   0.10396
  99.400    -0.12850   0.01419   0.10364
  99.450    -0.12862   0.01381   0.10333
  99.500    -0.12874   0.01342   0.10301
  99.550    -0.12886   0.01304   0.10269
  99.600    -0.12897   0.01266   0.10238
  99.650    -0.12909   0.01228   0.10207
  99.700    -0.12920   0.01190   0.10175
  99.750    -0.12931   0.01152   0.10144
  99.800    -0.12942   0.01114   0.10113
  99.850    -0.12953   0.01076   0.10082
  99.900    -0.12964   0.01039   0.10050
  99.950    -0.12975   0.01002   0.10019
 100.000    -0.12986   0.00964   0.09988
 100.050    -0.12996   0.00927   0.09958
 100.100    -0.13007   0.00890   0.09927
 100.150    -0.13017   0.00853   0.09896
 100.200    -0.13028   0.00817   0.09866
 100.250    -0.13038   0.00780   0.09835
 100.300    -0.13048   0.00743   0.09805
 100.350    -0.13058   0.00707   0.09774
 100.400    -0.13068   0.00671   0.09744
 100.450    -0.13078   0.00635   0.09714
 100.500    -0.13087   0.00599   0.09684
 100.550    -0.13097   0.00563   0.09654
 100.600    -0.13107   0.00528   0.09625
 100.650    -0.13116   0.00492   0.09595
 100.700    -0.13125   0.00457   0.09565
 100.750    -0.13135   0.00422   0.09536
 100.800    -0.13144   0.00387   0.09507
 100.850    -0.13153   0.00352   0.09478
 100.900    -0.13162   0.00317   0.09449
 100.950    -0.13170   0.00282   0.09420
 101.000    -0.13179   0.00248   0.09391
 101.050    -0.13188   0.00214   0.09363
 101.100    -0.13196   0.00179   0.09335
 101.150    -0.13204   0.00146   0.09306
 101.200    -0.13213   0.00112   0.09278
 101.250    -0.13221   0.00078   0.09250
 101.300    -0.13229   0.00044   0.09223
 101.350    -0.13237   0.00011   0.09195
 101.400    -0.13245  -0.00022   0.09168
 101.450    -0.13253  -0.00055   0.09140
 101.500    -0.13260  -0.00088   0.09113
 101.550    -0.13268  -0.00121   0.09086
 101.600    -0.13276  -0.00153   0.09060
 101.650    -0.13283  -0.00186   0.09033
 101.700    -0.13290  -0.00218   0.09006
 101.750    -0.13298  -0.00250   0.08980
 101.800    -0.13305  -0.00282   0.08954
 101.850    -0.13312  -0.00314   0.08928
 101.900    -0.13319  -0.00346   0.08902
 101.950    -0.13326  -0.00377   0.08877
 102.000    -0.13332  -0.00408   0.08851
 102.050    -0.13339  -0.00440   0.08826
 102.100    -0.13346  -0.00471   0.08801
 102.150    -0.13352  -0.00501   0.08776
 102.200    -0.13359  -0.00532   0.08751
 102.250    -0.13365  -0.00563   0.08726
 102.300    -0.13371  -0.00593   0.08702
 102.350    -0.13378  -0.00623   0.08678
 102.400    -0.13384  -0.00654   0.08654
 102.450    -0.13390  -0.00684   0.08630
 102.500    -0.13396  -0.00713   0.08606
 102.550    -0.13402  -0.00743   0.08582
 102.600    -0.13408  -0.00773   0.08559
 102.650    -0.13413  -0.00802   0.08536
 102.700    -0.13419  -0.00831   0.08512
 102.750    -0.13425  -0.00860   0.08490
 102.800    -0.13430  -0.00889   0.08467
 102.850    -0.13436  -0.00918   0.08444
 102.900    -0.13441  -0.00947   0.08422
 102.950    -0.13446  -0.00975   0.08399
 103.000    -0.13452  -0.01004   0.08377
 103.050    -0.13457  -0.01032   0.08355
 103.100    -0.13462  -0.01060   0.08333
 103.150    -0.13467  -0.01088   0.08311
 103.200    -0.13472  -0.01116   0.08290
 103.250    -0.13477  -0.01144   0.08268
 103.300    -0.13482  -0.01171   0.08247
 103.350    -0.13487  -0.01199   0.08226
 103.400    -0.13492  -0.01226   0.08205
 103.450    -0.13497  -0.01253   0.08184
 103.500    -0.13502  -0.01280   0.08163
 103.550    -0.13506  -0.01307   0.08143
 103.600    -0.13511  -0.01334   0.08122
 103.650    -0.13516  -0.01361   0.08102
 103.700    -0.13520  -0.01388   0.08082
 103.750    -0.13525  -0.01414   0.08061
 103.800    -0.13529  -0.01441   0.08041
 103.850    -0.13534  -0.01467   0.08022
 103.900    -0.13538  -0.01493   0.08002
 103.950    -0.13543  -0.01519   0.07982
 104.000    -0.13547  -0.01545   0.07962
 104.050    -0.13551  -0.01571   0.07943
 104.100    -0.13556  -0.01597   0.07924
 104.150    -0.13560  -0.01623   0.07904
 104.200    -0.13564  -0.01648   0.07885
 104.250    -0.13569  -0.01674   0.07866
 104.300    -0.13573  -0.01699   0.07847
 104.350    -0.13577  -0.01725   0.07828
 104.400    -0.13581  -0.01750   0.07809
 104.450    -0.13585  -0.01775   0.07790
 104.500    -0.13590  -0.01800   0.07771
 104.550    -0.13594  -0.01825   0.07753
 104.600    -0.13598  -0.01850   0.07734
 104.650    -0.13602  -0.01875   0.07715
 104.700    -0.13606  -0.01900   0.07697
 104.750    -0.13611  -0.01925   0.07678
 104.800    -0.13615  -0.01949   0.07660
 104.850    -0.13619  -0.01974   0.07641
 104.900    -0.13623  -0.01999   0.07623
 104.950    -0.13627  -0.02023   0.07605
 105.000    -0.13631  -0.02048   0.07586
 105.050    -0.13636  -0.02072   0.07568
 105.100    -0.13640  -0.02096   0.07550
 105.150    -0.13644  -0.02121   0.07531
 105.200    -0.13648  -0.02145   0.07513
 105.250    -0.13653  -0.02169   0.07495
 105.300    -0.13657  -0.02194   0.07476
 105.350    -0.13661  -0.02218   0.07458
 105.400    -0.13665  -0.02242   0.07440
 105.450    -0.13670  -0.02266   0.07421
 105.500    -0.13674  -0.02290   0.07403
 105.550    -0.13678  -0.02314   0.07384
 105.600    -0.13683  -0.02338   0.07366
 105.650    -0.13687  -0.02362   0.07348
 105.700    -0.13692  -0.02386   0.07329
 105.750    -0.13696  -0.02410   0.07310
 105.800    -0.13701  -0.02434   0.07292
 105.850    -0.13705  -0.02458   0.07273
 105.900    -0.13710  -0.02482   0.07254
 105.950    -0.13715  -0.02506   0.07236
 106.000    -0.13719  -0.02530   0.07217
 106.050    -0.13724  -0.02554   0.07198
 106.100    -0.13729  -0.02578   0.07179
 106.150    -0.13734  -0.02602   0.07159
 106.200    -0.13739  -0.02626   0.07140
 106.250    -0.13744  -0.02650   0.07121
 106.300    -0.13749  -0.02674   0.07101
 106.350    -0.13754  -0.02698   0.07082
 106.400    -0.13759  -0.02722   0.07062
 106.450    -0.13764  -0.02746   0.07042
 106.500    -0.13769  -0.02770   0.07022
 106.550    -0.13774  -0.02794   0.07002
 106.600    -0.13780  -0.02818   0.06982
 106.650    -0.13785  -0.02842   0.06962
 106.700    -0.13791  -0.02867   0.06941
 106.750    -0.13796  -0.02891   0.06921
 106.800    -0.13802  -0.02915   0.06900
 106.850    -0.13807  -0.02940   0.06879
 106.900    -0.13813  -0.02964   0.06858
 106.950    -0.13819  -0.02988   0.06837
 107.000    -0.13825  -0.03013   0.06815
 107.050    -0.13831  -0.03038   0.06794
 107.100    -0.13837  -0.03062   0.06772
 107.150    -0.13843  -0.03087   0.06750
 107.200    -0.13849  -0.03112   0.06728
 107.250    -0.13855  -0.03136   0.06705
 107.300    -0.13861  -0.03161   0.06683
 107.350    -0.13868  -0.03186   0.06660
 107.400    -0.13874  -0.03211   0.06637
 107.450    -0.13881  -0.03236   0.06614
 107.500    -0.13887  -0.03261   0.06590
 107.550    -0.13894  -0.03287   0.06567
 107.600    -0.13901  -0.03312   0.06543
 107.650    -0.13908  -0.03337   0.06519
 107.700    -0.13915  -0.03363   0.06494
 107.750    -0.13922  -0.03388   0.06470
 107.800    -0.13929  -0.03414   0.06445
 107.850    -0.13936  -0.03440   0.06420
 107.900    -0.13943  -0.03465   0.06395
 107.950    -0.13951  -0.03491   0.06369
 108.000    -0.13958  -0.03517   0.06343
 108.050    -0.13966  -0.03543   0.06317
 108.100    -0.13973  -0.03570   0.06290
 108.150    -0.13981  -0.03596   0.06264
 108.200    -0.13989  -0.03622   0.06237
 108.250    -0.13997  -0.03649   0.06209
 108.300    -0.14005  -0.03675   0.06182
 108.350    -0.14013  -0.03702   0.06154
 108.400    -0.14021  -0.03729   0.06126
 108.450    -0.14029  -0.03756   0.06097
 108.500    -0.14038  -0.03783   0.06069
 108.550    -0.14046  -0.03810   0.06040
 108.600    -0.14055  -0.03837   0.06010
 108.650    -0.14063  -0.03865   0.05980
 108.700    -0.14072  -0.03892   0.05950
 108.750    -0.14081  -0.03920   0.05920
 108.800    -0.14090  -0.03947   0.05889
 108.850    -0.14099  -0.03975   0.05858
 108.900    -0.14108  -0.04003   0.05827
 108.950    -0.14117  -0.04031   0.05795
 109.000    -0.14127  -0.04060   0.05763
 109.050    -0.14136  -0.04088   0.05731
 109.100    -0.14146  -0.04116   0.05698
 109.150    -0.14155  -0.04145   0.05665
 109.200    -0.14165  -0.04174   0.05632
 109.250    -0.14175  -0.04203   0.05598
 109.300    -0.14185  -0.04232   0.05564
 109.350    -0.14195  -0.04261   0.05530
 109.400    -0.14205  -0.04290   0.05495
 109.450    -0.14215  -0.04320   0.05460
 109.500    -0.14225  -0.04349   0.05424
 109.550    -0.14236  -0.04379   0.05388
 109.600    -0.14246  -0.04409   0.05352
 109.650    -0.14257  -0.04438   0.05315
 109.700    -0.14267  -0.04469   0.05278
 109.750    -0.14278  -0.04499   0.05241
 109.800    -0.14289  -0.04529   0.05203
 109.850    -0.14300  -0.04560   0.05165
 109.900    -0.14311  -0.04590   0.05126
 109.950    -0.14322  -0.04621   0.05087
 110.000    -0.14333  -0.04652   0.05048
 110.050    -0.14344  -0.04683   0.05008
 110.100    -0.14356  -0.04714   0.04968
 110.150    -0.14367  -0.04745   0.04928
 110.200    -0.14379  -0.04777   0.04887
 110.250    -0.14390  -0.04809   0.04846
 110.300    -0.14402  -0.04840   0.04804
 110.350    -0.14414  -0.04872   0.04762
 110.400    -0.14425  -0.04904   0.04719
 110.450    -0.14437  -0.04936   0.04677
 110.500    -0.14449  -0.04969   0.04633
 110.550    -0.14461  -0.05001   0.04590
 110.600    -0.14474  -0.05034   0.04546
 110.650    -0.14486  -0.05066   0.04501
 110.700    -0.14498  -0.05099   0.04456
 110.750    -0.14511  -0.05132   0.04411
 110.800    -0.14523  -0.05165   0.04365
 110.850    -0.14536  -0.05199   0.04319
 110.900    -0.14548  -0.05232   0.04273
 110.950    -0.14561  -0.05266   0.04226
 111.000    -0.14574  -0.05299   0.04179
 111.050    -0.14586  -0.05333   0.04131
 111.100    -0.14599  -0.05367   0.04083
 111.150    -0.14612  -0.05401   0.04035
 111.200    -0.14625  -0.05435   0.03986
 111.250    -0.14638  -0.05470   0.03937
 111.300    -0.14651  -0.05504   0.03887
 111.350    -0.14665  -0.05539   0.03837
 111.400    -0.14678  -0.05573   0.03786
 111.450    -0.14691  -0.05608   0.03735
 111.500    -0.14705  -0.05643   0.03684
 111.550    -0.14718  -0.05678   0.03633
 111.600    -0.14731  -0.05714   0.03581
 111.650    -0.14745  -0.05749   0.03528
 111.700    -0.14758  -0.05784   0.03475
 111.750    -0.14772  -0.05820   0.03422
 111.800    -0.14786  -0.05856   0.03368
 111.850    -0.14799  -0.05892   0.03314
 111.900    -0.14813  -0.05928   0.03260
 111.950    -0.14827  -0.05964   0.03205
 112.000    -0.14841  -0.06000   0.03150
 112.050    -0.14855  -0.06036   0.03094
 112.100    -0.14868  -0.06072   0.03039
 112.150    -0.14882  -0.06109   0.02982
 112.200    -0.14896  -0.06146   0.02926
 112.250    -0.14910  -0.06182   0.02868
 112.300    -0.14924  -0.06219   0.02811
 112.350    -0.14938  -0.06256   0.02753
 112.400    -0.14952  -0.06293   0.02695
 112.450    -0.14966  -0.06330   0.02636
 112.500    -0.14980  -0.06368   0.02578
 112.550    -0.14995  -0.06405   0.02518
 112.600    -0.15009  -0.06442   0.02459
 112.650    -0.15023  -0.06480   0.02399
 112.700    -0.15037  -0.06517   0.02338
 112.750    -0.15051  -0.06555   0.02277
 112.800    -0.15065  -0.06593   0.02216
 112.850    -0.15079  -0.06631   0.02155
 112.900    -0.15094  -0.06669   0.02093
 112.950    -0.15108  -0.06707   0.02031
 113.000    -0.15122  -0.06745   0.01969
 113.050    -0.15136  -0.06783   0.01906
 113.100    -0.15150  -0.06821   0.01843
 113.150    -0.15164  -0.06860   0.01779
 113.200    -0.15179  -0.06898   0.01716
 113.250    -0.15193  -0.06936   0.01652
 113.300    -0.15207  -0.06975   0.01587
 113.350    -0.15221  -0.07014   0.01522
 113.400    -0.15235  -0.07052   0.01457
 113.450    -0.15249  -0.07091   0.01392
 113.500    -0.15263  -0.07130   0.01326
 113.550    -0.15277  -0.07168   0.01260
 113.600    -0.15291  -0.07207   0.01194
 113.650    -0.15305  -0.07246   0.01128
 113.700    -0.15319  -0.07285   0.01061
 113.750    -0.15333  -0.07324   0.00994
 113.800    -0.15347  -0.07363   0.00926
 113.850    -0.15360  -0.07402   0.00858
 113.900    -0.15374  -0.07441   0.00791
 113.950    -0.15388  -0.07481   0.00722
 114.000    -0.15402  -0.07520   0.00654
 114.050    -0.15415  -0.07559   0.00585
 114.100    -0.15429  -0.07598   0.00516
 114.150    -0.15442  -0.07637   0.00447
 114.200    -0.15456  -0.07677   0.00377
 114.250    -0.15469  -0.07716   0.00307
 114.300    -0.15483  -0.07755   0.00237
 114.350    -0.15496  -0.07794   0.00167
 114.400    -0.15509  -0.07834   0.00097
 114.450    -0.15522  -0.07873   0.00026
 114.500    -0.15535  -0.07912  -0.00045
 114.550    -0.15548  -0.07952  -0.00116
 114.600    -0.15561  -0.07991  -0.00188
 114.650    -0.15574  -0.08030  -0.00259
 114.700    -0.15587  -0.08070  -0.00331
 114.750    -0.15600  -0.08109  -0.00403
 114.800    -0.15612  -0.08148  -0.00475
 114.850    -0.15625  -0.08187  -0.00547
 114.900    -0.15637  -0.08227  -0.00620
 114.950    -0.15650  -0.08266  -0.00693
 115.000    -0.15662  -0.08305  -0.00766
 115.050    -0.15674  -0.08344  -0.00839
 115.100    -0.15686  -0.08383  -0.00912
 115.150    -0.15698  -0.08422  -0.00985
 115.200    -0.15710  -0.08461  -0.01059
 115.250    -0.15722  -0.08500  -0.01133
 115.300    -0.15734  -0.08539  -0.01206
 115.350    -0.15745  -0.08578  -0.01280
 115.400    -0.15757  -0.08617  -0.01354
 115.450    -0.15768  -0.08656  -0.01429
 115.500    -0.15779  -0.08694  -0.01503
 115.550    -0.15790  -0.08733  -0.01578
 115.600    -0.15801  -0.08772  -0.01652
 115.650    -0.15812  -0.08810  -0.01727
 115.700    -0.15823  -0.08849  -0.01802
 115.750    -0.15834  -0.08887  -0.01877
 115.800    -0.15844  -0.08925  -0.01952
 115.850    -0.15854  -0.08964  -0.02027
 115.900    -0.15865  -0.09002  -0.02102
 115.950    -0.15875  -0.09040  -0.02177
 116.000    -0.15885  -0.09078  -0.02252
 116.050    -0.15895  -0.09116  -0.02328
 116.100    -0.15904  -0.09154  -0.02403
 116.150    -0.15914  -0.09191  -0.02479
 116.200    -0.15923  -0.09229  -0.02554
 116.250    -0.15932  -0.09267  -0.02630
 116.300    -0.15942  -0.09304  -0.02705
 116.350    -0.15951  -0.09341  -0.02781
 116.400    -0.15959  -0.09378  -0.02857
 116.450    -0.15968  -0.09415  -0.02932
 116.500    -0.15976  -0.09452  -0.03008
 116.550    -0.15985  -0.09489  -0.03084
 116.600    -0.15993  -0.09526  -0.03160
 116.650    -0.16001  -0.09563  -0.03235
 116.700    -0.16009  -0.09599  -0.03311
 116.750    -0.16016  -0.09635  -0.03387
 116.800    -0.16024  -0.09672  -0.03462
 116.850    -0.16031  -0.09708  -0.03538
 116.900    -0.16038  -0.09744  -0.03614
 116.950    -0.16045  -0.09779  -0.03689
 117.000    -0.16052  -0.09815  -0.03765
 117.050    -0.16059  -0.09850  -0.03840
 117.100    -0.16065  -0.09886  -0.03916
 117.150    -0.16071  -0.09921  -0.03991
 117.200    -0.16077  -0.09956  -0.04066
 117.250    -0.16083  -0.09991  -0.04142
 117.300    -0.16089  -0.10025  -0.04217
 117.350    -0.16095  -0.10060  -0.04292
 117.400    -0.16100  -0.10094  -0.04367
 117.450    -0.16105  -0.10129  -0.04442
 117.500    -0.16110  -0.10163  -0.04517
 117.550    -0.16115  -0.10196  -0.04592
 117.600    -0.16119  -0.10230  -0.04666
 117.650    -0.16123  -0.10263  -0.04741
 117.700    -0.16128  -0.10297  -0.04815
 117.750    -0.16132  -0.10330  -0.04889
 117.800    -0.16135  -0.10363  -0.04964
 117.850    -0.16139  -0.10395  -0.05038
 117.900    -0.16142  -0.10428  -0.05111
 117.950    -0.16145  -0.10460  -0.05185
 118.000    -0.16148  -0.10492  -0.05259
 118.050    -0.16151  -0.10524  -0.05332
 118.100    -0.16153  -0.10556  -0.05405
 118.150    -0.16155  -0.10587  -0.05479
 118.200    -0.16157  -0.10619  -0.05552
 118.250    -0.16159  -0.10650  -0.05624
 118.300    -0.16161  -0.10681  -0.05697
 118.350    -0.16162  -0.10711  -0.05769
 118.400    -0.16163  -0.10742  -0.05842
 118.450    -0.16164  -0.10772  -0.05914
 118.500    -0.16165  -0.10802  -0.05985
 118.550    -0.16165  -0.10832  -0.06057
 118.600    -0.16166  -0.10861  -0.06128
 118.650    -0.16166  -0.10890  -0.06200
 118.700    -0.16166  -0.10919  -0.06271
 118.750    -0.16165  -0.10948  -0.06341
 118.800    -0.16164  -0.10977  -0.06412
 118.850    -0.16164  -0.11005  -0.06482
 118.900    -0.16162  -0.11033  -0.06552
 118.950    -0.16161  -0.11061  -0.06622
 119.000    -0.16159  -0.11089  -0.06692
 119.050    -0.16158  -0.11116  -0.06761
 119.100    -0.16155  -0.11143  -0.06830
 119.150    -0.16153  -0.11170  -0.06899
 119.200    -0.16151  -0.11196  -0.06967
 119.250    -0.16148  -0.11223  -0.07035
 119.300    -0.16145  -0.11249  -0.07103
 119.350    -0.16142  -0.11275  -0.07171
 119.400    -0.16138  -0.11300  -0.07238
 119.450    -0.16134  -0.11325  -0.07306
 119.500    -0.16130  -0.11350  -0.07372
 119.550    -0.16126  -0.11375  -0.07439
 119.600    -0.16121  -0.11399  -0.07505
 119.650    -0.16117  -0.11424  -0.07571
 119.700    -0.16112  -0.11448  -0.07637
 119.750    -0.16106  -0.11471  -0.07702
 119.800    -0.16101  -0.11495  -0.07767
 119.850    -0.16095  -0.11518  -0.07831
 119.900    -0.16089  -0.11540  -0.07896
 119.950    -0.16083  -0.11563  -0.07960
 120.000    -0.16077  -0.11585  -0.08023
