 # inc. channel=           1
   2.0000000000000000E-002   6.0511029140706100E-002   6.0511029140706100E-002
   2.4001414105704409E-002   7.3014722995336248E-002   7.3014722995336248E-002
   2.8367465468043730E-002   8.6018430261216097E-002   8.6018430261216097E-002
   3.3098154087018009E-002   9.9457905586663731E-002   9.9457905586663731E-002
   3.8193479962627216E-002  0.11336603524742415       0.11336603524742415     
   4.3653443094871354E-002  0.12787084701145821       0.12787084701145821     
   4.9478043483750421E-002  0.14318380549613216       0.14318380549613216     
   5.5667281129264418E-002  0.15958095936648853       0.15958095936648853     
   6.2221156031413372E-002  0.17737864620786131       0.17737864620786131     
   6.9139668190197234E-002  0.19690542761213931       0.19690542761213931     
   7.6422817605616034E-002  0.21847120266008557       0.21847120266008557     
   8.4070604277669769E-002  0.24233422637757959       0.24233422637757959     
   9.2083028206358455E-002  0.26866735251064328       0.26866735251064328     
  0.10046008939168206       0.29752441311323791       0.29752441311323791     
  0.10920178783364058       0.32881075405375459       0.32881075405375459     
  0.11830812353223406       0.36226004593912942       0.36226004593912942     
  0.12777909648746250       0.39742242452718857       0.39742242452718857     
  0.13761470669932582       0.43366691161032755       0.43366691161032755     
  0.14781495416782406       0.47020131440770602       0.47020131440770602     
  0.15837983889295731       0.50610972866443393       0.50610972866443393     
  0.16930936087472542       0.54040605339869097       0.54040605339869097     
  0.18060352011312850       0.57209926909088105       0.57209926909088105     
  0.19226231660816648       0.60026451132770964       0.60026451132770964     
  0.20428575035983945       0.62411195537700981       0.62411195537700981     
  0.21667382136814733       0.64304571765190366       0.64304571765190366     
  0.22942652963309018       0.65670705423789832       0.65670705423789832     
  0.24254387515466788       0.66499569960613825       0.66499569960613825     
  0.25602585793288052       0.66806967983401755       0.66806967983401755     
  0.26987247796772817       0.66632165723188108       0.66632165723188108     
  0.28408373525921071       0.66033842637786166       0.66033842637786166     
  0.29865962980732813       0.65084671872645827       0.65084671872645827     
  0.31360016161208060       0.63865342974236416       0.63865342974236416     
  0.32890533067346800       0.62458552768650044       0.62458552768650044     
  0.34457513699149028       0.60943541453876682       0.60943541453876682     
  0.36060958056614739       0.59391661387557471       0.59391661387557471     
  0.37700866139743955       0.57863035216452274       0.57863035216452274     
  0.39377237948536659       0.56404533035563520       0.56404533035563520     
  0.41090073482992867       0.55048864991353785       0.55048864991353785     
  0.42839372743112542       0.53814649298893336       0.53814649298893336     
  0.44625135728895732       0.52707356591587917       0.52707356591587917     
  0.46447362440342421       0.51720759119364756       0.51720759119364756     
  0.48306052877452599       0.50838919454923737       0.50838919454923737     
  0.50201207040226270       0.50038409579606002       0.50038409579606002     
  0.52132824928663424       0.49290785185089375       0.49290785185089375     
  0.54100906542764082       0.48565123715597680       0.48565123715597680     
  0.56105451882528212       0.47830557784086219       0.47830557784086219     
  0.58146460947955858       0.47058685140535950       0.47058685140535950     
  0.60223933739046998       0.46225692139009628       0.46225692139009628     
  0.62337870255801631       0.45313996244395083       0.45313996244395083     
  0.64488270498219757       0.44313399731468206       0.44313399731468206     
  0.66675134466301367       0.43221559388248182       0.43221559388248182     
  0.68898462160046492       0.42043784257285505       0.42043784257285505     
  0.71158253579455100       0.40792213081351075       0.40792213081351075     
  0.73454508724527168       0.39484479370745484       0.39484479370745484     
  0.75787227595262763       0.38141971909780031       0.38141971909780031     
  0.78156410191661851       0.36787986793192412       0.36787986793192412     
  0.80562056513724389       0.35445830675462126       0.35445830675462126     
  0.83004166561450476       0.34137147384114847       0.34137147384114847     
  0.85482740334840046       0.32880518296649991       0.32880518296649991     
  0.87997777833893109       0.31690472676115433       0.31690472676115433     
  0.90549279058609633       0.30576875077728383       0.30576875077728383     
  0.93137244008989672       0.29544733147699670       0.29544733147699670     
  0.95761672685033217       0.28594343911513265       0.28594343911513265     
  0.98422565086740255       0.27721711763931101       0.27721711763931101     
   1.0111992121411078       0.26919213592760460       0.26919213592760460     
   1.0385374106714480       0.26176447729947028       0.26176447729947028     
   1.0662402464584231       0.25481124894369067       0.25481124894369067     
   1.0943077195020332       0.24820090697181438       0.24820090697181438     
   1.1227398298022782       0.24180277266626685       0.24180277266626685     
   1.1515365773591577       0.23549654743266624       0.23549654743266624     
   1.1806979621726728       0.22918019070338086       0.22918019070338086     
   1.2102239842428220       0.22277638665286928       0.22277638665286928     
   1.2401146435696069       0.21623664342004673       0.21623664342004673     
   1.2703699401530266       0.20954309028380982       0.20954309028380982     
   1.3009898739930812       0.20270765139102498       0.20270765139102498     
   1.3319744450897708       0.19576876190269937       0.19576876190269937     
   1.3633236534430948       0.18878602554917662       0.18878602554917662     
   1.3950374990530543       0.18183380503150209       0.18183380503150209     
   1.4271159819196491       0.17499370042904164       0.17499370042904164     
   1.4595591020428780       0.16834727108864500       0.16834727108864500     
   1.4923668594227426       0.16196928180497622       0.16196928180497622     
   1.5255392540592414       0.15592239166063435       0.15592239166063435     
   1.5590762859523755       0.15025290652001944       0.15025290652001944     
   1.5929779551021446       0.14498844727515273       0.14498844727515273     
   1.6272442615085485       0.14013703755038329       0.14013703755038329     
   1.6618752051715870       0.13568769088571789       0.13568769088571789     
   1.6968707860912609       0.13161220190466585       0.13161220190466585     
   1.7322310042675695       0.12786782350314488       0.12786782350314488     
   1.7679558597005127       0.12440095936790092       0.12440095936790092     
   1.8040453523900919       0.12115101656066496       0.12115101656066496     
   1.8404994823363050       0.11805478860852145       0.11805478860852145     
   1.8773182495391540       0.11505074495429740       0.11505074495429740     
   1.9145016539986368       0.11208304733336481       0.11208304733336481     
   1.9520496957147560       0.10910505500247153       0.10910505500247153     
   1.9899623746875088       0.10608196416785372       0.10608196416785372     
   2.0282396909168972       0.10299248628665804       0.10299248628665804     
   2.0668816444029199        9.9829212510235035E-002   9.9829212510235035E-002
   2.1058882351455779        9.6597694982944210E-002   9.6597694982944210E-002
   2.1452594631448707        9.3314246401646012E-002   9.3314246401646012E-002
   2.1849953284007988        9.0002252342468905E-002   9.0002252342468905E-002
   2.2250958309133617        8.6686904738380643E-002   8.6686904738380643E-002
   2.2655609706825590        8.3387118658671960E-002   8.3387118658671960E-002
   2.3063907477083925        8.0100979441296627E-002   8.0100979441296627E-002
   2.3475851619908594        7.6771436742240337E-002   7.6771436742240337E-002
   2.3891442135299630        7.3177267706508037E-002   7.3177267706508037E-002
   2.4310679023256996        6.8442580659402771E-002   6.8442580659402771E-002
   2.4733562283780715        5.7373849974327804E-002   5.7373849974327804E-002
   2.5160091916870795        1.8933066018211070E-003   1.8933066018211070E-003
   2.5590267922527219        5.1310014401838293E-002   5.1310014401838293E-002
   2.6024090300749996        6.0732054279350758E-002   6.0732054279350758E-002
   2.6461559051539112        6.1360579452954186E-002   6.1360579452954186E-002
   2.6902674174894594        6.0613687192266882E-002   6.0613687192266882E-002
   2.7347435670816407        5.9531078741027449E-002   5.9531078741027449E-002
   2.7795843539304572        5.8346870918776689E-002   5.8346870918776689E-002
   2.8247897780359095        5.7120582826021095E-002   5.7120582826021095E-002
   2.8703598393979961        5.5862188482882144E-002   5.5862188482882144E-002
   2.9162945380167189        5.4567308594404264E-002   5.4567308594404264E-002
   2.9625938738920747        5.3229626025010308E-002   5.3229626025010308E-002
   3.0092578470240663        5.1846088346820182E-002   5.1846088346820182E-002
   3.0562864574126936        5.0418908676944138E-002   5.0418908676944138E-002
   3.1036797050579539        4.8956095477411615E-002   4.8956095477411615E-002
   3.1514375899598503        4.7470895622527334E-002   4.7470895622527334E-002
   3.1995601121183821        4.5980689729999046E-002   4.5980689729999046E-002
   3.2480472715335478        4.4505507844945676E-002   4.4505507844945676E-002
   3.2968990682053487        4.3066542572940146E-002   4.3066542572940146E-002
   3.3461155021337854        4.1685376384614108E-002   4.1685376384614108E-002
   3.3956965733188564        4.0374404759382421E-002   4.0374404759382421E-002
   3.4456422817605632        3.9115604389860344E-002   3.9115604389860344E-002
   3.4959526274589039        3.7933484044103703E-002   3.7933484044103703E-002
   3.5466276104138785        3.6837741959256216E-002   3.6837741959256216E-002
   3.5976672306254907        3.5830077784551155E-002   3.5830077784551155E-002
   3.6490714880937358        3.4906405749563038E-002   3.4906405749563038E-002
   3.7008403828186172        3.4057862725146368E-002   3.4057862725146368E-002
   3.7529739148001324        3.3271954282823542E-002   3.3271954282823542E-002
   3.8054720840382834        3.2533825473192654E-002   3.2533825473192654E-002
   3.8583348905330688        3.1827635116655796E-002   3.1827635116655796E-002
   3.9115623342844899        3.1137829441815736E-002   3.1137829441815736E-002
   3.9651544152925444        3.0450343005072881E-002   3.0450343005072881E-002
   4.0191111335572343        2.9753583077124880E-002   2.9753583077124880E-002
   4.0734324890785603        2.9039186089762210E-002   2.9039186089762210E-002
   4.1281184818565198        2.8302517512691503E-002   2.8302517512691503E-002
   4.1831691118911163        2.7542841337907995E-002   2.7542841337907995E-002
   4.2385843791823454        2.6763158659902413E-002   2.6763158659902413E-002
   4.2943642837302116        2.5969743197001700E-002   2.5969743197001700E-002
   4.3505088255347104        2.5171433770006451E-002   2.5171433770006451E-002
   4.4070180045958445        2.4378701828488013E-002   2.4378701828488013E-002
   4.4638918209136156        2.3602657517329453E-002   2.3602657517329453E-002
   4.5211302744880193        2.2854061704772277E-002   2.2854061704772277E-002
   4.5787333653190601        2.2142414387984175E-002   2.2142414387984175E-002
   4.6367010934067343        2.1475228860007939E-002   2.1475228860007939E-002
   4.6950334587510429        2.0857498676025862E-002   2.0857498676025862E-002
   4.7537304613519868        2.0291401298823345E-002   2.0291401298823345E-002
   4.8127921012095669        1.9776225577210739E-002   1.9776225577210739E-002
   4.8722183783237805        1.9308507318477799E-002   1.9308507318477799E-002
   4.9320092926946293        1.8882363214036295E-002   1.8882363214036295E-002
   4.9921648443221143        1.8489972559745823E-002   1.8489972559745823E-002
   5.0526850332062327        1.8122184567967031E-002   1.8122184567967031E-002
   5.1135698593469883        1.7769227375394134E-002   1.7769227375394134E-002
   5.1748193227443764        1.7421445677231532E-002   1.7421445677231532E-002
   5.2364334233984007        1.7070043656784200E-002   1.7070043656784200E-002
   5.2984121613090602        1.6707751815380995E-002   1.6707751815380995E-002
   5.3607555364763524        1.6329382354880968E-002   1.6329382354880968E-002
   5.4234635489002816        1.5932199793605380E-002   1.5932199793605380E-002
   5.4865361985808452        1.5516082118178131E-002   1.5516082118178131E-002
   5.5499734855180440        1.5083453178598039E-002   1.5083453178598039E-002
   5.6137754097118782        1.4638982674209405E-002   1.4638982674209405E-002
   5.6779419711623476        1.4189107921353358E-002   1.4189107921353358E-002
   5.7424731698694478        1.3741414840929901E-002   1.3741414840929901E-002
   5.8073690058331877        1.3303944390331486E-002   1.3303944390331486E-002
   5.8726294790535611        1.2884506120049297E-002   1.2884506120049297E-002
   5.9382545895305672        1.2490056656396105E-002   1.2490056656396105E-002
   6.0042443372642120        1.2126163493928071E-002   1.2126163493928071E-002
   6.0705987222544913        1.1796628036056840E-002   1.1796628036056840E-002
   6.1373177445014040        1.1503245537317941E-002   1.1503245537317941E-002
   6.2044014040049502        1.1245711544153448E-002   1.1245711544153448E-002
   6.2718497007651335        1.1021664487201941E-002   1.1021664487201941E-002
   6.3396626347819529        1.0826863572009904E-002   1.0826863572009904E-002
   6.4078402060554032        1.0655467703156386E-002   1.0655467703156386E-002
   6.4763824145854922        1.0500428122245773E-002   1.0500428122245773E-002
   6.5452892603722157        1.0353965508455578E-002   1.0353965508455578E-002
   6.6145607434155700        1.0208109969156777E-002   1.0208109969156777E-002
   6.6841968637155640        1.0055286731135338E-002   1.0055286731135338E-002
   6.7541976212721924        9.8888876337927967E-003   9.8888876337927967E-003
   6.8245630160854542        9.7037929081490552E-003   9.7037929081490552E-003
   6.8952930481553505        9.4967886733738072E-003   9.4967886733738072E-003
   6.9663877174818838        9.2668185636452082E-003   9.2668185636452082E-003
   7.0378470240650497        9.0150606219418332E-003   9.0150606219418332E-003
   7.1096709679048509        8.7447921346744395E-003   8.7447921346744395E-003
   7.1818595490012900        8.4610816536853199E-003   8.4610816536853199E-003
   7.2544127673543599        8.1703213448092137E-003   8.1703213448092137E-003
   7.3273306229640678        7.8796682687905326E-003   7.8796682687905326E-003
   7.4006131158304100        7.5964572669068049E-003   7.5964572669068049E-003
   7.4742602459533858        7.3276279772607703E-003   7.3276279772607703E-003
   7.5482720133329986        7.0792494435913877E-003   7.0792494435913877E-003
   7.6226484179692422        6.8561310289662171E-003   6.8561310289662171E-003
   7.6973894598621246        6.6615720381132202E-003   6.6615720381132202E-003
   7.7724951390116415        6.4972155268030324E-003   6.4972155268030324E-003
   7.8479654554177953        6.3630135590946324E-003   6.3630135590946324E-003
   7.9238004090805783        6.2572780155462698E-003   6.2572780155462698E-003
   8.0000000000000018        6.1768035109141433E-003   6.1768035109141433E-003
 &
 # inc. channel=           2
   3.3879999999999999        4.2218344058374548E-006   6.0511029140706100E-002
   3.3920014141057044        5.4812579214267933E-006   7.3014722995336248E-002
   3.3963674654680438        6.9493180405497522E-006   8.6018430261216097E-002
   3.4010981540870180        8.6345931702985349E-006   9.9457905586663731E-002
   3.4061934799626270        1.0543946148696786E-005  0.11336603524742415     
   3.4116534430948713        1.2682569478043122E-005  0.12787084701145821     
   3.4174780434837504        1.5054031388794155E-005  0.14318380549613216     
   3.4236672811292643        1.7660328431395741E-005  0.15958095936648853     
   3.4302211560314131        2.0501940146003967E-005  0.17737864620786131     
   3.4371396681901971        2.3577888174637601E-005  0.19690542761213931     
   3.4444228176056160        2.6885781962769775E-005  0.21847120266008557     
   3.4520706042776697        3.0421896597403376E-005  0.24233422637757959     
   3.4600830282063582        3.4181216043427285E-005  0.26866735251064328     
   3.4684600893916819        3.8157524603034449E-005  0.29752441311323791     
   3.4772017878336405        4.2343473287781787E-005  0.32881075405375459     
   3.4863081235322340        4.6730691939882556E-005  0.36226004593912942     
   3.4957790964874622        5.1309906380966354E-005  0.39742242452718857     
   3.5056147066993257        5.6071054631427256E-005  0.43366691161032755     
   3.5158149541678241        6.1003434582700811E-005  0.47020131440770602     
   3.5263798388929573        6.6095887333868949E-005  0.50610972866443393     
   3.5373093608747253        7.1336914944853045E-005  0.54040605339869097     
   3.5486035201131285        7.6714890230077912E-005  0.57209926909088105     
   3.5602623166081662        8.2218188436893562E-005  0.60026451132770964     
   3.5722857503598395        8.7835363298982967E-005  0.62411195537700981     
   3.5846738213681473        9.3555218849100335E-005  0.64304571765190366     
   3.5974265296330898        9.9366965049362143E-005  0.65670705423789832     
   3.6105438751546677        1.0526022158625457E-004  0.66499569960613825     
   3.6240258579328803        1.1122505947023594E-004  0.66806967983401755     
   3.6378724779677283        1.1725197125896188E-004  0.66632165723188108     
   3.6520837352592106        1.2333185897055285E-004  0.66033842637786166     
   3.6666596298073282        1.2945585260236704E-004  0.65084671872645827     
   3.6816001616120806        1.3561521903801725E-004  0.63865342974236416     
   3.6969053306734678        1.4180125276130713E-004  0.62458552768650044     
   3.7125751369914903        1.4800506846981878E-004  0.60943541453876682     
   3.7286095805661472        1.5421746099701531E-004  0.59391661387557471     
   3.7450086613974394        1.6042876557397119E-004  0.57863035216452274     
   3.7617723794853664        1.6662868734440656E-004  0.56404533035563520     
   3.7789007348299286        1.7280626321652400E-004  0.55048864991353785     
   3.7963937274311252        1.7894978399108239E-004  0.53814649298893336     
   3.8142513572889571        1.8504673406922678E-004  0.52707356591587917     
   3.8324736244034243        1.9108391435550894E-004  0.51720759119364756     
   3.8510605287745259        1.9704746299288418E-004  0.50838919454923737     
   3.8700120704022627        2.0292301103755364E-004  0.50038409579606002     
   3.8893282492866339        2.0869587196746170E-004  0.49290785185089375     
   3.9090090654276408        2.1435122958319200E-004  0.48565123715597680     
   3.9290545188252821        2.1987434174328897E-004  0.47830557784086219     
   3.9494646094795582        2.2525087702384469E-004  0.47058685140535950     
   3.9702393373904696        2.3046711106783986E-004  0.46225692139009628     
   3.9913787025580163        2.3551012043058887E-004  0.45313996244395083     
   4.0128827049821973        2.4036810549288843E-004  0.44313399731468206     
   4.0347513446630137        2.4503051686134748E-004  0.43221559388248182     
   4.0569846216004652        2.4948830782482083E-004  0.42043784257285505     
   4.0795825357945512        2.5373397859799145E-004  0.40792213081351075     
   4.1025450872452716        2.5776180277178005E-004  0.39484479370745484     
   4.1258722759526272        2.6156774287045264E-004  0.38141971909780031     
   4.1495641019166181        2.6514971681651300E-004  0.36787986793192412     
   4.1736205651372433        2.6850747649411556E-004  0.35445830675462126     
   4.1980416656145048        2.7164260151556023E-004  0.34137147384114847     
   4.2228274033484006        2.7455859607264821E-004  0.32880518296649991     
   4.2479777783389308        2.7726078534804689E-004  0.31690472676115433     
   4.2734927905860962        2.7975615971165773E-004  0.30576875077728383     
   4.2993724400898969        2.8205362251102639E-004  0.29544733147699670     
   4.3256167268503320        2.8416352382880204E-004  0.28594343911513265     
   4.3522256508674024        2.8609776553349285E-004  0.27721711763931101     
   4.3791992121411081        2.8786967104280309E-004  0.26919213592760460     
   4.4065374106714481        2.8949357668852299E-004  0.26176447729947028     
   4.4342402464584225        2.9098493531166524E-004  0.25481124894369067     
   4.4623077195020331        2.9235976582989533E-004  0.24820090697181438     
   4.4907398298022780        2.9363460779689471E-004  0.24180277266626685     
   4.5195365773591574        2.9482590654061137E-004  0.23549654743266624     
   4.5486979621726729        2.9594980718363069E-004  0.22918019070338086     
   4.5782239842428218        2.9702177371521371E-004  0.22277638665286928     
   4.6081146435696070        2.9805599587116996E-004  0.21623664342004673     
   4.6383699401530265        2.9906501898388748E-004  0.20954309028380982     
   4.6689898739930813        3.0005934970596740E-004  0.20270765139102498     
   4.6999744450897705        3.0104693645634131E-004  0.19576876190269937     
   4.7313236534430949        3.0203289287366025E-004  0.18878602554917662     
   4.7630374990530537        3.0301908369166977E-004  0.18183380503150209     
   4.7951159819196487        3.0400395465457578E-004  0.17499370042904164     
   4.8275591020428781        3.0498231872857562E-004  0.16834727108864500     
   4.8603668594227427        3.0594537862143164E-004  0.16196928180497622     
   4.8935392540592417        3.0688075100835489E-004  0.15592239166063435     
   4.9270762859523751        3.0777279506321144E-004  0.15025290652001944     
   4.9609779551021447        3.0860283296117508E-004  0.14498844727515273     
   4.9952442615085486        3.0934981142578490E-004  0.14013703755038329     
   5.0298752051715869        3.0999075985986270E-004  0.13568769088571789     
   5.0648707860912605        3.1050166912756827E-004  0.13161220190466585     
   5.1002310042675694        3.1085826665967623E-004  0.12786782350314488     
   5.1359558597005126        3.1103693612817302E-004  0.12440095936790092     
   5.1720453523900920        3.1101555647140855E-004  0.12115101656066496     
   5.2084994823363049        3.1077463182355852E-004  0.11805478860852145     
   5.2453182495391539        3.1029792497851323E-004  0.11505074495429740     
   5.2825016539986365        3.0957352129469984E-004  0.11208304733336481     
   5.3200496957147561        3.0859435516545735E-004  0.10910505500247153     
   5.3579623746875082        3.0735880822963928E-004  0.10608196416785372     
   5.3962396909168966        3.0587117412517840E-004  0.10299248628665804     
   5.4348816444029193        3.0414169202415447E-004   9.9829212510235035E-002
   5.4738882351455782        3.0218668746500883E-004   9.6597694982944210E-002
   5.5132594631448706        3.0002818524450125E-004   9.3314246401646012E-002
   5.5529953284007991        2.9769350914760436E-004   9.0002252342468905E-002
   5.5930958309133612        2.9521469532323982E-004   8.6686904738380643E-002
   5.6335609706825593        2.9262746667053756E-004   8.3387118658671960E-002
   5.6743907477083919        2.8997030847943890E-004   8.0100979441296627E-002
   5.7155851619908589        2.8728330263136408E-004   7.6771436742240337E-002
   5.7571442135299629        2.8460678934408604E-004   7.3177267706508037E-002
   5.7990679023256995        2.8198006470772456E-004   6.8442580659402771E-002
   5.8413562283780713        2.7944003566642407E-004   5.7373849974327804E-002
   5.8840091916870794        2.7701981043087691E-004   1.8933066018211070E-003
   5.9270267922527218        2.7474760555695266E-004   5.1310014401838293E-002
   5.9704090300749995        2.7264540138753678E-004   6.0732054279350758E-002
   6.0141559051539115        2.7072829701355549E-004   6.1360579452954186E-002
   6.0582674174894589        2.6900354328299137E-004   6.0613687192266882E-002
   6.1027435670816406        2.6747015639353328E-004   5.9531078741027449E-002
   6.1475843539304567        2.6611884686638965E-004   5.8346870918776689E-002
   6.1927897780359089        2.6493209555084242E-004   5.7120582826021095E-002
   6.2383598393979955        2.6388455849486367E-004   5.5862188482882144E-002
   6.2842945380167183        2.6294390528679677E-004   5.4567308594404264E-002
   6.3305938738920746        2.6207178714010186E-004   5.3229626025010308E-002
   6.3772578470240662        2.6122523977650103E-004   5.1846088346820182E-002
   6.4242864574126930        2.6035810544286638E-004   5.0418908676944138E-002
   6.4716797050579533        2.5942276169918488E-004   4.8956095477411615E-002
   6.5194375899598498        2.5837184605688793E-004   4.7470895622527334E-002
   6.5675601121183824        2.5716014683934010E-004   4.5980689729999046E-002
   6.6160472715335477        2.5574641916761967E-004   4.4505507844945676E-002
   6.6648990682053491        2.5409505210151269E-004   4.3066542572940146E-002
   6.7141155021337848        2.5217768748904906E-004   4.1685376384614108E-002
   6.7636965733188568        2.4997454777007212E-004   4.0374404759382421E-002
   6.8136422817605631        2.4747560629923492E-004   3.9115604389860344E-002
   6.8639526274589038        2.4468121698377325E-004   3.7933484044103703E-002
   6.9146276104138789        2.4160258076101601E-004   3.6837741959256216E-002
   6.9656672306254901        2.3826176359585994E-004   3.5830077784551155E-002
   7.0170714880937357        2.3469113730293029E-004   3.4906405749563038E-002
   7.0688403828186175        2.3093264425128897E-004   3.4057862725146368E-002
   7.1209739148001319        2.2703640013516351E-004   3.3271954282823542E-002
   7.1734720840382833        2.2305904174957779E-004   3.2533825473192654E-002
   7.2263348905330691        2.1906182474689000E-004   3.1827635116655796E-002
   7.2795623342844902        2.1510817434603128E-004   3.1137829441815736E-002
   7.3331544152925439        2.1126144577582711E-004   3.0450343005072881E-002
   7.3871111335572337        2.0758225639444473E-004   2.9753583077124880E-002
   7.4414324890785597        2.0412614014247936E-004   2.9039186089762210E-002
   7.4961184818565201        2.0094120898532015E-004   2.8302517512691503E-002
   7.5511691118911166        1.9806597501619623E-004   2.7542841337907995E-002
   7.6065843791823458        1.9552773023900230E-004   2.6763158659902413E-002
   7.6623642837302111        1.9334127481903282E-004   2.5969743197001700E-002
   7.7185088255347107        1.9150791311167568E-004   2.5171433770006451E-002
   7.7750180045958448        1.9001540225876151E-004   2.4378701828488013E-002
   7.8318918209136150        1.8883801413816775E-004   2.3602657517329453E-002
   7.8891302744880196        1.8793746574231532E-004   2.2854061704772277E-002
   7.9467333653190604        1.8726420867997963E-004   2.2142414387984175E-002
   8.0047010934067337        1.8675924748501137E-004   2.1475228860007939E-002
   8.0630334587510433        1.8635643649521228E-004   2.0857498676025862E-002
   8.1217304613519872        1.8598498143542087E-004   2.0291401298823345E-002
   8.1807921012095672        1.8557235466448716E-004   1.9776225577210739E-002
   8.2402183783237799        1.8504725374443473E-004   1.9308507318477799E-002
   8.3000092926946287        1.8434258812586929E-004   1.8882363214036295E-002
   8.3601648443221137        1.8339839069557020E-004   1.8489972559745823E-002
   8.4206850332062331        1.8216440310718997E-004   1.8122184567967031E-002
   8.4815698593469886        1.8060242581641197E-004   1.7769227375394134E-002
   8.5428193227443767        1.7868804089366525E-004   1.7421445677231532E-002
   8.6044334233984010        1.7641184918949039E-004   1.7070043656784200E-002
   8.6664121613090597        1.7377998492787598E-004   1.6707751815380995E-002
   8.7287555364763527        1.7081394244578951E-004   1.6329382354880968E-002
   8.7914635489002819        1.6754975540121125E-004   1.5932199793605380E-002
   8.8545361985808455        1.6403643496770736E-004   1.5516082118178131E-002
   8.9179734855180435        1.6033383887927933E-004   1.5083453178598039E-002
   8.9817754097118776        1.5651004034518813E-004   1.4638982674209405E-002
   9.0459419711623479        1.5263838837168255E-004   1.4189107921353358E-002
   9.1104731698694472        1.4879421648745581E-004   1.3741414840929901E-002
   9.1753690058331880        1.4505156385281344E-004   1.3303944390331486E-002
   9.2406294790535615        1.4148007764030934E-004   1.2884506120049297E-002
   9.3062545895305675        1.3814190320187548E-004   1.2490056656396105E-002
   9.3722443372642115        1.3508921134649095E-004   1.2126163493928071E-002
   9.4385987222544916        1.3236193105076774E-004   1.1796628036056840E-002
   9.5053177445014043        1.2998629418574568E-004   1.1503245537317941E-002
   9.5724014040049497        1.2797379142879577E-004   1.1245711544153448E-002
   9.6398497007651329        1.2632087714211073E-004   1.1021664487201941E-002
   9.7076626347819523        1.2500937947197374E-004   1.0826863572009904E-002
   9.7758402060554026        1.2400749740292417E-004   1.0655467703156386E-002
   9.8443824145854926        1.2327138871986510E-004   1.0500428122245773E-002
   9.9132892603722151        1.2274739960308492E-004   1.0353965508455578E-002
   9.9825607434155703        1.2237465441734919E-004   1.0208109969156777E-002
   10.052196863715563        1.2208799937354225E-004   1.0055286731135338E-002
   10.122197621272193        1.2182113016022881E-004   9.8888876337927967E-003
   10.192563016085455        1.2150975161824245E-004   9.7037929081490552E-003
   10.263293048155351        1.2109459453662806E-004   9.4967886733738072E-003
   10.334387717481883        1.2052417499755459E-004   9.2668185636452082E-003
   10.405847024065050        1.1975703115352948E-004   9.0150606219418332E-003
   10.477670967904851        1.1876352585630943E-004   8.7447921346744395E-003
   10.549859549001290        1.1752690435301186E-004   8.4610816536853199E-003
   10.622412767354360        1.1604366513918456E-004   8.1703213448092137E-003
   10.695330622964068        1.1432330660075739E-004   7.8796682687905326E-003
   10.768613115830410        1.1238729131669502E-004   7.5964572669068049E-003
   10.842260245953385        1.1026751503666041E-004   7.3276279772607703E-003
   10.916272013332998        1.0800425209532318E-004   7.0792494435913877E-003
   10.990648417969242        1.0564370476004052E-004   6.8561310289662171E-003
   11.065389459862125        1.0323542194143691E-004   6.6615720381132202E-003
   11.140495139011641        1.0082957262791971E-004   6.4972155268030324E-003
   11.215965455417795        9.8474279945478331E-005   6.3630135590946324E-003
   11.291800409080578        9.6213214432491601E-005   6.2572780155462698E-003
   11.368000000000002        9.4083478329696747E-005   6.1768035109141433E-003
 &
 # inc. channel=           3
   3.3879999999999999        2.6507753919797324E-006   6.0511029140706100E-002
   3.3920014141057044        3.4548864883115229E-006   7.3014722995336248E-002
   3.3963674654680438        4.4000914318495668E-006   8.6018430261216097E-002
   3.4010981540870180        5.4957399199692753E-006   9.9457905586663731E-002
   3.4061934799626270        6.7508810109581649E-006  0.11336603524742415     
   3.4116534430948713        8.1742684460032144E-006  0.12787084701145821     
   3.4174780434837504        9.7743355253211210E-006  0.14318380549613216     
   3.4236672811292643        1.1559126195874118E-005  0.15958095936648853     
   3.4302211560314131        1.3536196792432509E-005  0.17737864620786131     
   3.4371396681901971        1.5712480424830274E-005  0.19690542761213931     
   3.4444228176056160        1.8094139337499773E-005  0.21847120266008557     
   3.4520706042776697        2.0686399736590564E-005  0.24233422637757959     
   3.4600830282063582        2.3493389156432007E-005  0.26866735251064328     
   3.4684600893916819        2.6518007790662988E-005  0.29752441311323791     
   3.4772017878336405        2.9761815632255510E-005  0.32881075405375459     
   3.4863081235322340        3.3224965958090241E-005  0.36226004593912942     
   3.4957790964874622        3.6906213883372766E-005  0.39742242452718857     
   3.5056147066993257        4.0802953794953337E-005  0.43366691161032755     
   3.5158149541678241        4.4911346636643005E-005  0.47020131440770602     
   3.5263798388929573        4.9226460744636900E-005  0.50610972866443393     
   3.5373093608747253        5.3742506036322771E-005  0.54040605339869097     
   3.5486035201131285        5.8453054446518960E-005  0.57209926909088105     
   3.5602623166081662        6.3351288942690396E-005  0.60026451132770964     
   3.5722857503598395        6.8430247567912141E-005  0.62411195537700981     
   3.5846738213681473        7.3683020912609093E-005  0.64304571765190366     
   3.5974265296330898        7.9102936430325714E-005  0.65670705423789832     
   3.6105438751546677        8.4683644162162293E-005  0.66499569960613825     
   3.6240258579328803        9.0419159008264959E-005  0.66806967983401755     
   3.6378724779677283        9.6303824824847843E-005  0.66632165723188108     
   3.6520837352592106        1.0233218111689868E-004  0.66033842637786166     
   3.6666596298073282        1.0849881284038759E-004  0.65084671872645827     
   3.6816001616120806        1.1479810932452736E-004  0.63865342974236416     
   3.6969053306734678        1.2122400181729924E-004  0.62458552768650044     
   3.7125751369914903        1.2776966715847055E-004  0.60943541453876682     
   3.7286095805661472        1.3442728711471528E-004  0.59391661387557471     
   3.7450086613974394        1.4118775759895983E-004  0.57863035216452274     
   3.7617723794853664        1.4804055138615269E-004  0.56404533035563520     
   3.7789007348299286        1.5497354322228579E-004  0.55048864991353785     
   3.7963937274311252        1.6197301070606685E-004  0.53814649298893336     
   3.8142513572889571        1.6902360980214308E-004  0.52707356591587917     
   3.8324736244034243        1.7610860493189900E-004  0.51720759119364756     
   3.8510605287745259        1.8320999675599470E-004  0.50838919454923737     
   3.8700120704022627        1.9030891912041748E-004  0.50038409579606002     
   3.8893282492866339        1.9738593207261452E-004  0.49290785185089375     
   3.9090090654276408        2.0442151838300724E-004  0.48565123715597680     
   3.9290545188252821        2.1139641622105559E-004  0.47830557784086219     
   3.9494646094795582        2.1829212756127066E-004  0.47058685140535950     
   3.9702393373904696        2.2509128270836875E-004  0.46225692139009628     
   3.9913787025580163        2.3177806021134785E-004  0.45313996244395083     
   4.0128827049821973        2.3833841339297704E-004  0.44313399731468206     
   4.0347513446630137        2.4476030524939928E-004  0.43221559388248182     
   4.0569846216004652        2.5103385068630011E-004  0.42043784257285505     
   4.0795825357945512        2.5715134460220875E-004  0.40792213081351075     
   4.1025450872452716        2.6310731629765663E-004  0.39484479370745484     
   4.1258722759526272        2.6889831200220424E-004  0.38141971909780031     
   4.1495641019166181        2.7452276775472169E-004  0.36787986793192412     
   4.1736205651372433        2.7998090542607590E-004  0.35445830675462126     
   4.1980416656145048        2.8527441337998667E-004  0.34137147384114847     
   4.2228274033484006        2.9040629514529313E-004  0.32880518296649991     
   4.2479777783389308        2.9538058870336495E-004  0.31690472676115433     
   4.2734927905860962        3.0020221704902948E-004  0.30576875077728383     
   4.2993724400898969        3.0487683722522295E-004  0.29544733147699670     
   4.3256167268503320        3.0941061780680960E-004  0.28594343911513265     
   4.3522256508674024        3.1381013878470089E-004  0.27721711763931101     
   4.3791992121411081        3.1808235211274632E-004  0.26919213592760460     
   4.4065374106714481        3.2223436772592053E-004  0.26176447729947028     
   4.4342402464584225        3.2627345775146740E-004  0.25481124894369067     
   4.4623077195020331        3.3020685951683552E-004  0.24820090697181438     
   4.4907398298022780        3.3404172446483701E-004  0.24180277266626685     
   4.5195365773591574        3.3778490561180792E-004  0.23549654743266624     
   4.5486979621726729        3.4144267282372806E-004  0.22918019070338086     
   4.5782239842428218        3.4502067037328030E-004  0.22277638665286928     
   4.6081146435696070        3.4852344086539204E-004  0.21623664342004673     
   4.6383699401530265        3.5195424526794893E-004  0.20954309028380982     
   4.6689898739930813        3.5531478529482263E-004  0.20270765139102498     
   4.6999744450897705        3.5860475354976257E-004  0.19576876190269937     
   4.7313236534430949        3.6182156099345830E-004  0.18878602554917662     
   4.7630374990530537        3.6496026597713214E-004  0.18183380503150209     
   4.7951159819196487        3.6801315986605815E-004  0.17499370042904164     
   4.8275591020428781        3.7096989117664595E-004  0.16834727108864500     
   4.8603668594227427        3.7381736855976011E-004  0.16196928180497622     
   4.8935392540592417        3.7653989790795161E-004  0.15592239166063435     
   4.9270762859523751        3.7911947345264875E-004  0.15025290652001944     
   4.9609779551021447        3.8153628307314449E-004  0.14498844727515273     
   4.9952442615085486        3.8376913719110923E-004  0.14013703755038329     
   5.0298752051715869        3.8579623804517568E-004  0.13568769088571789     
   5.0648707860912605        3.8759596479140287E-004  0.13161220190466585     
   5.1002310042675694        3.8914761175453966E-004  0.12786782350314488     
   5.1359558597005126        3.9043247098584708E-004  0.12440095936790092     
   5.1720453523900920        3.9143459515416035E-004  0.12115101656066496     
   5.2084994823363049        3.9214174702404233E-004  0.11805478860852145     
   5.2453182495391539        3.9254603544770263E-004  0.11505074495429740     
   5.2825016539986365        3.9264479598493730E-004  0.11208304733336481     
   5.3200496957147561        3.9244098619628867E-004  0.10910505500247153     
   5.3579623746875082        3.9194332772472497E-004  0.10608196416785372     
   5.3962396909168966        3.9116665491072144E-004  0.10299248628665804     
   5.4348816444029193        3.9013159655777388E-004   9.9829212510235035E-002
   5.4738882351455782        3.8886430732664910E-004   9.6597694982944210E-002
   5.5132594631448706        3.8739575769944931E-004   9.3314246401646012E-002
   5.5529953284007991        3.8576108330494311E-004   9.0002252342468905E-002
   5.5930958309133612        3.8399836720200402E-004   8.6686904738380643E-002
   5.6335609706825593        3.8214759953731866E-004   8.3387118658671960E-002
   5.6743907477083919        3.8024951036014969E-004   8.0100979441296627E-002
   5.7155851619908589        3.7834392676125319E-004   7.6771436742240337E-002
   5.7571442135299629        3.7646868735433504E-004   7.3177267706508037E-002
   5.7990679023256995        3.7465809752038764E-004   6.8442580659402771E-002
   5.8413562283780713        3.7294177192592596E-004   5.7373849974327804E-002
   5.8840091916870794        3.7134332761360291E-004   1.8933066018211070E-003
   5.9270267922527218        3.6987949572847600E-004   5.1310014401838293E-002
   5.9704090300749995        3.6855938561567244E-004   6.0732054279350758E-002
   6.0141559051539115        3.6738383542369993E-004   6.1360579452954186E-002
   6.0582674174894589        3.6634529038062570E-004   6.0613687192266882E-002
   6.1027435670816406        3.6542788608351107E-004   5.9531078741027449E-002
   6.1475843539304567        3.6460763945897012E-004   5.8346870918776689E-002
   6.1927897780359089        3.6385347462867694E-004   5.7120582826021095E-002
   6.2383598393979955        3.6312789399337508E-004   5.5862188482882144E-002
   6.2842945380167183        3.6238837640685507E-004   5.4567308594404264E-002
   6.3305938738920746        3.6158888457064604E-004   5.3229626025010308E-002
   6.3772578470240662        3.6068148289803976E-004   5.1846088346820182E-002
   6.4242864574126930        3.5961809259613429E-004   5.0418908676944138E-002
   6.4716797050579533        3.5835230481625442E-004   4.8956095477411615E-002
   6.5194375899598498        3.5684141856133451E-004   4.7470895622527334E-002
   6.5675601121183824        3.5504790773713865E-004   4.5980689729999046E-002
   6.6160472715335477        3.5294142584657025E-004   4.4505507844945676E-002
   6.6648990682053491        3.5049989101693633E-004   4.3066542572940146E-002
   6.7141155021337848        3.4771106446764737E-004   4.1685376384614108E-002
   6.7636965733188568        3.4457320305553466E-004   4.0374404759382421E-002
   6.8136422817605631        3.4109572167230013E-004   3.9115604389860344E-002
   6.8639526274589038        3.3729945953284878E-004   3.7933484044103703E-002
   6.9146276104138789        3.3321634563804255E-004   3.6837741959256216E-002
   6.9656672306254901        3.2888881864447599E-004   3.5830077784551155E-002
   7.0170714880937357        3.2436874826424956E-004   3.4906405749563038E-002
   7.0688403828186175        3.1971589629779996E-004   3.4057862725146368E-002
   7.1209739148001319        3.1499605340442932E-004   3.3271954282823542E-002
   7.1734720840382833        3.1027884612014480E-004   3.2533825473192654E-002
   7.2263348905330691        3.0563521359435088E-004   3.1827635116655796E-002
   7.2795623342844902        3.0113478467108120E-004   3.1137829441815736E-002
   7.3331544152925439        2.9684322198985285E-004   3.0450343005072881E-002
   7.3871111335572337        2.9281944002287159E-004   2.9753583077124880E-002
   7.4414324890785597        2.8911320932367278E-004   2.9039186089762210E-002
   7.4961184818565201        2.8576294266552442E-004   2.8302517512691503E-002
   7.5511691118911166        2.8279378272427362E-004   2.7542841337907995E-002
   7.6065843791823458        2.8021637003570397E-004   2.6763158659902413E-002
   7.6623642837302111        2.7802594869179509E-004   2.5969743197001700E-002
   7.7185088255347107        2.7620223404350720E-004   2.5171433770006451E-002
   7.7750180045958448        2.7470982330683003E-004   2.4378701828488013E-002
   7.8318918209136150        2.7349924486809321E-004   2.3602657517329453E-002
   7.8891302744880196        2.7250858786908509E-004   2.2854061704772277E-002
   7.9467333653190604        2.7166578084150960E-004   2.2142414387984175E-002
   8.0047010934067337        2.7089114916840733E-004   2.1475228860007939E-002
   8.0630334587510433        2.7010061368060092E-004   2.0857498676025862E-002
   8.1217304613519872        2.6920895385101407E-004   2.0291401298823345E-002
   8.1807921012095672        2.6813330309785876E-004   1.9776225577210739E-002
   8.2402183783237799        2.6679674925957851E-004   1.9308507318477799E-002
   8.3000092926946287        2.6513157317231603E-004   1.8882363214036295E-002
   8.3601648443221137        2.6308244697852520E-004   1.8489972559745823E-002
   8.4206850332062331        2.6060902350306719E-004   1.8122184567967031E-002
   8.4815698593469886        2.5768803818916369E-004   1.7769227375394134E-002
   8.5428193227443767        2.5431453359861674E-004   1.7421445677231532E-002
   8.6044334233984010        2.5050259870192370E-004   1.7070043656784200E-002
   8.6664121613090597        2.4628498444163557E-004   1.6707751815380995E-002
   8.7287555364763527        2.4171194581845622E-004   1.6329382354880968E-002
   8.7914635489002819        2.3684931229024357E-004   1.5932199793605380E-002
   8.8545361985808455        2.3177576137843641E-004   1.5516082118178131E-002
   8.9179734855180435        2.2657944655822603E-004   1.5083453178598039E-002
   8.9817754097118776        2.2135426226431738E-004   1.4638982674209405E-002
   9.0459419711623479        2.1619571667065164E-004   1.4189107921353358E-002
   9.1104731698694472        2.1119682956495205E-004   1.3741414840929901E-002
   9.1753690058331880        2.0644408975426694E-004   1.3303944390331486E-002
   9.2406294790535615        2.0201370151346322E-004   1.2884506120049297E-002
   9.3062545895305675        1.9796840203515414E-004   1.2490056656396105E-002
   9.3722443372642115        1.9435474999646100E-004   1.2126163493928071E-002
   9.4385987222544916        1.9120136259941648E-004   1.1796628036056840E-002
   9.5053177445014043        1.8851770211525648E-004   1.1503245537317941E-002
   9.5724014040049497        1.8629389866248080E-004   1.1245711544153448E-002
   9.6398497007651329        1.8450136494067390E-004   1.1021664487201941E-002
   9.7076626347819523        1.8309427837319222E-004   1.0826863572009904E-002
   9.7758402060554026        1.8201174481537622E-004   1.0655467703156386E-002
   9.8443824145854926        1.8118079635815097E-004   1.0500428122245773E-002
   9.9132892603722151        1.8051978100788572E-004   1.0353965508455578E-002
   9.9825607434155703        1.7994229285375914E-004   1.0208109969156777E-002
   10.052196863715563        1.7936121737885787E-004   1.0055286731135338E-002
   10.122197621272193        1.7869287101810187E-004   9.8888876337927967E-003
   10.192563016085455        1.7786088272956727E-004   9.7037929081490552E-003
   10.263293048155351        1.7679975751309657E-004   9.4967886733738072E-003
   10.334387717481883        1.7545784409067961E-004   9.2668185636452082E-003
   10.405847024065050        1.7379952940752095E-004   9.0150606219418332E-003
   10.477670967904851        1.7180656307970511E-004   8.7447921346744395E-003
   10.549859549001290        1.6947845807008927E-004   8.4610816536853199E-003
   10.622412767354360        1.6683204584055957E-004   8.1703213448092137E-003
   10.695330622964068        1.6389998782180280E-004   7.8796682687905326E-003
   10.768613115830410        1.6072861137137354E-004   7.5964572669068049E-003
   10.842260245953385        1.5737502168968430E-004   7.3276279772607703E-003
   10.916272013332998        1.5390379170241000E-004   7.0792494435913877E-003
   10.990648417969242        1.5038335604322954E-004   6.8561310289662171E-003
   11.065389459862125        1.4688231598696796E-004   6.6615720381132202E-003
   11.140495139011641        1.4346591417357078E-004   6.4972155268030324E-003
   11.215965455417795        1.4019272280181059E-004   6.3630135590946324E-003
   11.291800409080578        1.3711185925398029E-004   6.2572780155462698E-003
   11.368000000000002        1.3426079244788350E-004   6.1768035109141433E-003
 &
