  0.0100   -0.009342
  0.0123   -0.000108
  0.0148    0.000034
  0.0175    0.000051
  0.0204    0.000076
  0.0236    0.000109
  0.0271    0.000153
  0.0307    0.000211
  0.0346    0.000284
  0.0387    0.000376
  0.0430    0.000491
  0.0476    0.000633
  0.0524    0.000805
  0.0575    0.001013
  0.0627    0.001262
  0.0682    0.001559
  0.0739    0.001909
  0.0799    0.002319
  0.0861    0.002797
  0.0925    0.003351
  0.0992    0.003990
  0.1060    0.004724
  0.1132    0.005562
  0.1205    0.006517
  0.1281    0.007599
  0.1359    0.008821
  0.1439    0.010196
  0.1522    0.011740
  0.1607    0.013467
  0.1694    0.015393
  0.1784    0.017535
  0.1876    0.019913
  0.1970    0.022544
  0.2067    0.025450
  0.2165    0.028652
  0.2267    0.032172
  0.2370    0.036035
  0.2476    0.040267
  0.2584    0.044893
  0.2694    0.049943
  0.2807    0.055445
  0.2922    0.061431
  0.3039    0.067933
  0.3159    0.074987
  0.3281    0.082628
  0.3405    0.090894
  0.3532    0.099825
  0.3661    0.109463
  0.3792    0.119852
  0.3925    0.131038
  0.4061    0.143069
  0.4199    0.155997
  0.4340    0.169875
  0.4482    0.184758
  0.4627    0.200704
  0.4775    0.217777
  0.4924    0.236039
  0.5076    0.255558
  0.5231    0.276406
  0.5387    0.298657
  0.5546    0.322388
  0.5707    0.347682
  0.5871    0.374625
  0.6037    0.403306
  0.6205    0.433822
  0.6375    0.466270
  0.6548    0.500757
  0.6723    0.537391
  0.6900    0.576288
  0.7080    0.617570
  0.7262    0.661366
  0.7446    0.707809
  0.7633    0.757041
  0.7822    0.809212
  0.8013    0.864479
  0.8206    0.923009
  0.8402    0.984977
  0.8600    1.050568
  0.8801    1.119978
  0.9004    1.193413
  0.9209    1.271092
  0.9416    1.353247
  0.9626    1.440123
  0.9838    1.531980
  1.0052    1.629094
  1.0269    1.731758
  1.0488    1.840283
  1.0709    1.954999
  1.0932    2.076258
  1.1158    2.204437
  1.1386    2.339933
  1.1617    2.483175
  1.1850    2.634617
  1.2085    2.794747
  1.2322    2.964085
  1.2562    3.143190
  1.2804    3.332661
  1.3048    3.533141
  1.3295    3.745319
  1.3544    3.969940
  1.3795    4.207804
  1.4049    4.459773
  1.4305    4.726780
  1.4563    5.009832
  1.4823    5.310018
  1.5086    5.628521
  1.5351    5.966622
  1.5619    6.325713
  1.5888    6.707309
  1.6160    7.113059
  1.6435    7.544762
  1.6711    8.004383
  1.6990    8.494069
  1.7272    9.016171
  1.7555    9.573265
  1.7841   10.168178
  1.8129   10.804012
  1.8420   11.484180
  1.8713   12.212435
  1.9008   12.992907
  1.9305   13.830144
  1.9605   14.729152
  1.9907   15.695441
  2.0211   16.735072
  2.0518   17.854698
  2.0827   19.061608
  2.1138   20.363762
  2.1452   21.769814
  2.1768   23.289112
  2.2086   24.931673
  2.2407   26.708106
  2.2729   28.629477
  2.3055   30.707087
  2.3382   32.952138
  2.3712   35.375258
  2.4044   37.985859
  2.4378   40.791310
  2.4715   43.795934
  2.5054   46.999851
  2.5395   50.397771
  2.5739   53.977877
  2.6085   57.720992
  2.6433   61.600281
  2.6784   65.581688
  2.7136   69.625220
  2.7492   73.687041
  2.7849   77.722130
  2.8209   81.687123
  2.8571   85.542900
  2.8935   89.256551
  2.9302  -87.197477
  2.9671  -83.837083
  3.0042  -80.672921
  3.0416  -77.709284
  3.0792  -74.945263
  3.1170  -72.375944
  3.1551  -69.993550
  3.1934  -67.788411
  3.2319  -65.749762
  3.2706  -63.866358
  3.3096  -62.126915
  3.3488  -60.520433
  3.3883  -59.036395
  3.4280  -57.664893
  3.4679  -56.396696
  3.5080  -55.223267
  3.5484  -54.136763
  3.5890  -53.130002
  3.6298  -52.196436
  3.6708  -51.330101
  3.7121  -50.525575
  3.7537  -49.777931
  3.7954  -49.082696
  3.8374  -48.435806
  3.8796  -47.833568
  3.9221  -47.272625
  3.9647  -46.749923
  4.0076  -46.262679
  4.0508  -45.808358
  4.0941  -45.384644
  4.1377  -44.989422
  4.1816  -44.620758
  4.2256  -44.276879
  4.2699  -43.956159
  4.3144  -43.657106
  4.3592  -43.378346
  4.4042  -43.118616
  4.4494  -42.876751
  4.4948  -42.651674
  4.5405  -42.442393
  4.5864  -42.247986
  4.6326  -42.067602
  4.6789  -41.900451
  4.7255  -41.745797
  4.7724  -41.602959
  4.8194  -41.471301
  4.8667  -41.350231
  4.9143  -41.239197
  4.9620  -41.137683
  5.0100  -41.045206
