 0 0 1 1 0
  0.10         -44.81509128          -4.26163286
  0.20         -44.73823922          -4.26262650
  0.30         -44.60930499          -4.26417561
  0.40         -44.42704573          -4.26610500
  0.50         -44.18977796          -4.26814157
  0.60         -43.89543424          -4.26989023
  0.70         -43.54163569          -4.27080820
  0.80         -43.12578011          -4.27018104
  0.90         -42.64514496          -4.26710409
  1.00         -42.09700380          -4.26047303
  1.10         -41.47875447          -4.24898685
  1.20         -40.78805628          -4.23116590
  1.30         -40.02297305          -4.20538670
  1.40         -39.18211758          -4.16993387
  1.50         -38.26479300          -4.12306822
  1.60         -37.27112546          -4.06310850
  1.70         -36.20218231          -3.98852267
  1.80         -35.06007000          -3.89802353
  1.90         -33.84800595          -3.79066238
  2.00         -32.57035938          -3.66591392
  2.10         -31.23265697          -3.52374583
  2.20         -29.84155054          -3.36466680
  2.30         -28.40474555          -3.18974818
  2.40         -26.93089103          -3.00061616
  2.50         -25.42943336          -2.79941337
  2.60         -23.91043836          -2.58873098
  2.70         -22.38438754          -2.37151494
  2.80         -20.86195627          -2.15095150
  2.90         -19.35378201          -1.93033935
  3.00         -17.87023199          -1.71295617
  3.10         -16.42117928          -1.50192809
  3.20         -15.01579595          -1.30010998
  3.30         -13.66237106          -1.10998376
  3.40         -12.36815982          -0.93357991
  3.50         -11.13926868          -0.77242597
  3.60          -9.98057916          -0.62752336
  3.70          -8.89571132          -0.49935182
  3.80          -7.88702605          -0.38789905
  3.90          -6.95566338          -0.29271141
  4.00          -6.10161288          -0.21296062
  4.10          -5.32381091          -0.14752069
  4.20          -4.62025885          -0.09504955
  4.30          -3.98815605          -0.05406980
  4.40          -3.42404128          -0.02304432
  4.50          -2.92393665          -0.00044293
  4.60          -2.48348891           0.01520215
  4.70          -2.09810325           0.02525334
  4.80          -1.76306629           0.03093761
  4.90          -1.47365530           0.03332839
  5.00          -1.22523208           0.03333835
  5.10          -1.01332067           0.03172117
  5.20          -0.83366870           0.02908034
  5.30          -0.68229312           0.02588299
  5.40          -0.55551141           0.02247676
  5.50          -0.44995977           0.01910815
  5.60          -0.36259996           0.01594089
  5.70          -0.29071687           0.01307336
  5.80          -0.23190833           0.01055431
  5.90          -0.18406935           0.00839652
  6.00          -0.14537209           0.00658810
  6.10          -0.11424319           0.00510162
  6.20          -0.08933970           0.00390109
  6.30          -0.06952460           0.00294712
  6.40          -0.05384273           0.00220047
  6.50          -0.04149774           0.00162436
  6.60          -0.03183058           0.00118584
  6.70          -0.02429971           0.00085637
  6.80          -0.01846319           0.00061190
  6.90          -0.01396286           0.00043268
  7.00          -0.01051032           0.00030283
  7.10          -0.00787486           0.00020982
  7.20          -0.00587309           0.00014393
  7.30          -0.00436011           0.00009777
  7.40          -0.00322215           0.00006578
  7.50          -0.00237039           0.00004383
  7.60          -0.00173593           0.00002893
  7.70          -0.00126557           0.00001891
  7.80          -0.00091853           0.00001225
  7.90          -0.00066368           0.00000786
  8.00          -0.00047742           0.00000500
  8.10          -0.00034191           0.00000315
  8.20          -0.00024378           0.00000197
  8.30          -0.00017305           0.00000122
  8.40          -0.00012230           0.00000075
  8.50          -0.00008606           0.00000046
  8.60          -0.00006030           0.00000027
  8.70          -0.00004206           0.00000016
  8.80          -0.00002921           0.00000010
  8.90          -0.00002020           0.00000006
  9.00          -0.00001391           0.00000003
  9.10          -0.00000954           0.00000002
  9.20          -0.00000651           0.00000001
  9.30          -0.00000442           0.00000001
  9.40          -0.00000299           0.00000000
  9.50          -0.00000202           0.00000000
  9.60          -0.00000135           0.00000000
  9.70          -0.00000090           0.00000000
  9.80          -0.00000060           0.00000000
  9.90          -0.00000040           0.00000000
 10.00          -0.00000026           0.00000000
 &
 2 0 2 1 2
  0.10           0.02511976           0.00478062
  0.20           0.09998344           0.01906144
  0.30           0.22311582           0.04265875
  0.40           0.39209632           0.07526475
  0.50           0.60361489           0.11644519
  0.60           0.85354788           0.16563680
  0.70           1.13705152           0.22214477
  0.80           1.44867034           0.28514109
  0.90           1.78245754           0.35366463
  1.00           2.13210421           0.42662384
  1.10           2.49107401           0.50280313
  1.20           2.85274034           0.58087388
  1.30           3.21052293           0.65941110
  1.40           3.55802088           0.73691609
  1.50           3.88913963           0.81184560
  1.60           4.19820928           0.88264724
  1.70           4.48009201           0.94780027
  1.80           4.73027649           1.00586060
  1.90           4.94495731           1.05550799
  2.00           5.12109787           1.09559323
  2.10           5.25647501           1.12518253
  2.20           5.34970458           1.14359630
  2.30           5.40024694           1.15043973
  2.40           5.40839228           1.14562262
  2.50           5.37522601           1.12936683
  2.60           5.30257516           1.10220012
  2.70           5.19293726           1.06493639
  2.80           5.04939407           1.01864296
  2.90           4.87551270           0.96459666
  3.00           4.67523770           0.90423115
  3.10           4.45277741           0.83907850
  3.20           4.21248881           0.77070856
  3.30           3.95876436           0.70066937
  3.40           3.69592482           0.63043215
  3.50           3.42812118           0.56134345
  3.60           3.15924866           0.49458677
  3.70           2.89287493           0.43115503
  3.80           2.63218395           0.37183440
  3.90           2.37993627           0.31719940
  4.00           2.13844571           0.26761816
  4.10           1.90957160           0.22326656
  4.20           1.69472551           0.18414915
  4.30           1.49489043           0.15012490
  4.40           1.31065045           0.12093569
  4.50           1.14222854           0.09623545
  4.60           0.98953001           0.07561836
  4.70           0.85218948           0.05864470
  4.80           0.72961904           0.04486340
  4.90           0.62105580           0.03383067
  5.00           0.52560723           0.02512450
  5.10           0.44229305           0.01835512
  5.20           0.37008271           0.01317168
  5.30           0.30792796           0.00926572
  5.40           0.25479022           0.00637188
  5.50           0.20966267           0.00426655
  5.60           0.17158742           0.00276503
  5.70           0.13966792           0.00171765
  5.80           0.11307727           0.00100544
  5.90           0.09106292           0.00053566
  6.00           0.07294829           0.00023736
  6.10           0.05813197           0.00005739
  6.20           0.04608506          -0.00004326
  6.30           0.03634699          -0.00009259
  6.40           0.02852051          -0.00011018
  6.50           0.02226608          -0.00010935
  6.60           0.01729593          -0.00009889
  6.70           0.01336821          -0.00008432
  6.80           0.01028128          -0.00006896
  6.90           0.00786827          -0.00005460
  7.00           0.00599216          -0.00004212
  7.10           0.00454122          -0.00003178
  7.20           0.00342499          -0.00002351
  7.30           0.00257072          -0.00001710
  7.40           0.00192031          -0.00001224
  7.50           0.00142764          -0.00000864
  7.60           0.00105635          -0.00000601
  7.70           0.00077794          -0.00000413
  7.80           0.00057022          -0.00000280
  7.90           0.00041602          -0.00000188
  8.00           0.00030210          -0.00000125
  8.10           0.00021837          -0.00000082
  8.20           0.00015711          -0.00000053
  8.30           0.00011252          -0.00000034
  8.40           0.00008021          -0.00000022
  8.50           0.00005692          -0.00000014
  8.60           0.00004021          -0.00000008
  8.70           0.00002828          -0.00000005
  8.80           0.00001979          -0.00000003
  8.90           0.00001379          -0.00000002
  9.00           0.00000957          -0.00000001
  9.10           0.00000661          -0.00000001
  9.20           0.00000454           0.00000000
  9.30           0.00000311           0.00000000
  9.40           0.00000212           0.00000000
  9.50           0.00000144           0.00000000
  9.60           0.00000097           0.00000000
  9.70           0.00000065           0.00000000
  9.80           0.00000044           0.00000000
  9.90           0.00000029           0.00000000
 10.00           0.00000019           0.00000000
 &
 2 2 2 2 0
  0.10         -45.01712829          -4.32130459
  0.20         -44.93865781          -4.32170255
  0.30         -44.80703648          -4.32226029
  0.40         -44.62103678          -4.32280486
  0.50         -44.37899691          -4.32306650
  0.60         -44.07887744          -4.32265473
  0.70         -43.71833402          -4.32103299
  0.80         -43.29480572          -4.31749495
  0.90         -42.80561828          -4.31114646
  1.00         -42.24810088          -4.30089657
  1.10         -41.61971465          -4.28546116
  1.20         -40.91819024          -4.26338163
  1.30         -40.14167114          -4.23306031
  1.40         -39.28885835          -4.19281311
  1.50         -38.35915184          -4.14093817
  1.60         -37.35278297          -4.07579796
  1.70         -36.27093223          -3.99591079
  1.80         -35.11582625          -3.90004630
  1.90         -33.89080847          -3.78731862
  2.00         -32.60037822          -3.65727047
  2.10         -31.25019430          -3.50994134
  2.20         -29.84704014          -3.34591387
  2.30         -28.39874948          -3.16633337
  2.40         -26.91409323          -2.97289768
  2.50         -25.40263017          -2.76781616
  2.60         -23.87452590          -2.55373932
  2.70         -22.34034626          -2.33366256
  2.80         -20.81083296          -2.11080963
  2.90         -19.29666991          -1.88850305
  3.00         -17.80824947          -1.67002956
  3.10         -16.35544800          -1.45850913
  3.20         -14.94741908          -1.25677556
  3.30         -13.59241249          -1.06727561
  3.40         -12.29762502          -0.89199225
  3.50         -11.06908787          -0.73239517
  3.60          -9.91159327          -0.58942014
  3.70          -8.82866126          -0.46347625
  3.80          -7.82254530          -0.35447836
  3.90          -6.89427418          -0.26190051
  4.00          -6.04372575          -0.18484518
  4.10          -5.26972735          -0.12212235
  4.20          -4.57017680          -0.07233281
  4.30          -3.94217769          -0.03395017
  4.40          -3.38218265          -0.00539716
  4.50          -2.88613855           0.01488747
  4.60          -2.44962851           0.02839364
  4.70          -2.06800603           0.03649763
  4.80          -1.73651765           0.04043270
  4.90          -1.45041173           0.04127213
  5.00          -1.20503136           0.03992304
  5.10          -0.99589100           0.03712939
  5.20          -0.81873657           0.03348188
  5.30          -0.66958993           0.02943280
  5.40          -0.54477873           0.02531386
  5.50          -0.44095334           0.02135527
  5.60          -0.35509260           0.01770480
  5.70          -0.28450027           0.01444561
  5.80          -0.22679403           0.01161238
  5.90          -0.17988887           0.00920510
  6.00          -0.14197657           0.00720054
  6.10          -0.11150249           0.00556140
  6.20          -0.08714122           0.00424322
  6.30          -0.06777185           0.00319945
  6.40          -0.05245377           0.00238493
  6.50          -0.04040365           0.00175802
  6.60          -0.03097385           0.00128184
  6.70          -0.02363277           0.00092471
  6.80          -0.01794701           0.00066012
  6.90          -0.01356565           0.00046641
  7.00          -0.01020640           0.00032621
  7.10          -0.00764363           0.00022589
  7.20          -0.00569814           0.00015488
  7.30          -0.00422848           0.00010517
  7.40          -0.00312365           0.00007072
  7.50          -0.00229709           0.00004711
  7.60          -0.00168167           0.00003109
  7.70          -0.00122562           0.00002032
  7.80          -0.00088928           0.00001316
  7.90          -0.00064237           0.00000845
  8.00          -0.00046197           0.00000537
  8.10          -0.00033077           0.00000339
  8.20          -0.00023580           0.00000212
  8.30          -0.00016735           0.00000131
  8.40          -0.00011826           0.00000080
  8.50          -0.00008321           0.00000049
  8.60          -0.00005829           0.00000029
  8.70          -0.00004066           0.00000018
  8.80          -0.00002824           0.00000010
  8.90          -0.00001952           0.00000006
  9.00          -0.00001344           0.00000004
  9.10          -0.00000922           0.00000002
  9.20          -0.00000629           0.00000001
  9.30          -0.00000428           0.00000001
  9.40          -0.00000289           0.00000000
  9.50          -0.00000195           0.00000000
  9.60          -0.00000131           0.00000000
  9.70          -0.00000087           0.00000000
  9.80          -0.00000058           0.00000000
  9.90          -0.00000039           0.00000000
 10.00          -0.00000025           0.00000000
 &
 2 2 2 2 2
  0.10          -0.02622120          -0.00583716
  0.20          -0.10437496          -0.02327545
  0.30          -0.23294330          -0.05209469
  0.40          -0.40943469          -0.09192609
  0.50          -0.63044040          -0.14224973
  0.60          -0.89171094          -0.20239172
  0.70          -1.18825042          -0.27152140
  0.80          -1.51442615          -0.34864958
  0.90          -1.86409040          -0.43262859
  1.00          -2.23071138          -0.52215542
  1.10          -2.60751015          -0.61577888
  1.20          -2.98760045          -0.71191213
  1.30          -3.36412843          -0.80885153
  1.40          -3.73040943          -0.90480258
  1.50          -4.08005921          -0.99791328
  1.60          -4.40711707          -1.08631492
  1.70          -4.70615855          -1.16816919
  1.80          -4.97239549          -1.24172057
  1.90          -5.20176138          -1.30535162
  2.00          -5.39098008          -1.35763859
  2.10          -5.53761638          -1.39740439
  2.20          -5.64010678          -1.42376560
  2.30          -5.69776980          -1.43617026
  2.40          -5.71079513          -1.43442381
  2.50          -5.68021171          -1.41870078
  2.60          -5.60783562          -1.38954095
  2.70          -5.49619907          -1.34782956
  2.80          -5.34846274          -1.29476230
  2.90          -5.16831419          -1.23179676
  3.00          -4.95985583          -1.16059304
  3.10          -4.72748612          -1.08294702
  3.20          -4.47577824          -1.00071985
  3.30          -4.20936016          -0.91576805
  3.40          -3.93280032          -0.82987760
  3.50          -3.65050237          -0.74470575
  3.60          -3.36661221          -0.66173301
  3.70          -3.08493975          -0.58222721
  3.80          -2.80889706          -0.50722050
  3.90          -2.54145392          -0.43749934
  4.00          -2.28511067          -0.37360662
  4.10          -2.04188788          -0.31585423
  4.20          -1.81333145          -0.26434439
  4.30          -1.60053133          -0.21899713
  4.40          -1.40415157          -0.17958172
  4.50          -1.22446939          -0.14574971
  4.60          -1.06142056          -0.11706764
  4.70          -0.91464879          -0.09304769
  4.80          -0.78355662          -0.07317500
  4.90          -0.66735597          -0.05693097
  5.00          -0.56511647          -0.04381198
  5.10          -0.47581023          -0.03334363
  5.20          -0.39835211          -0.02509052
  5.30          -0.33163481          -0.01866232
  5.40          -0.27455836          -0.01371634
  5.50          -0.22605421          -0.00995762
  5.60          -0.18510382          -0.00713683
  5.70          -0.15075240          -0.00504693
  5.80          -0.12211807          -0.00351880
  5.90          -0.09839725          -0.00241653
  6.00          -0.07886660          -0.00163261
  6.10          -0.06288251          -0.00108332
  6.20          -0.04987834          -0.00070447
  6.30          -0.03936024          -0.00044757
  6.40          -0.03090187          -0.00027658
  6.50          -0.02413848          -0.00016510
  6.60          -0.01876072          -0.00009413
  6.70          -0.01450839          -0.00005021
  6.80          -0.01116436          -0.00002397
  6.90          -0.00854886          -0.00000900
  7.00          -0.00651411          -0.00000102
  7.10          -0.00493955           0.00000278
  7.20          -0.00372751           0.00000420
  7.30          -0.00279937           0.00000436
  7.40          -0.00209229           0.00000391
  7.50          -0.00155638           0.00000324
  7.60          -0.00115226           0.00000255
  7.70          -0.00084905           0.00000193
  7.80          -0.00062270           0.00000142
  7.90          -0.00045456           0.00000101
  8.00          -0.00033028           0.00000071
  8.10          -0.00023887           0.00000049
  8.20          -0.00017196           0.00000033
  8.30          -0.00012322           0.00000022
  8.40          -0.00008789           0.00000015
  8.50          -0.00006241           0.00000009
  8.60          -0.00004411           0.00000006
  8.70          -0.00003103           0.00000004
  8.80          -0.00002174           0.00000002
  8.90          -0.00001516           0.00000001
  9.00          -0.00001052           0.00000001
  9.10          -0.00000727           0.00000001
  9.20          -0.00000500           0.00000000
  9.30          -0.00000342           0.00000000
  9.40          -0.00000233           0.00000000
  9.50          -0.00000158           0.00000000
  9.60          -0.00000107           0.00000000
  9.70          -0.00000072           0.00000000
  9.80          -0.00000048           0.00000000
  9.90          -0.00000032           0.00000000
 10.00          -0.00000021           0.00000000
 &
