#  1 Channels, Eigenvalue: 1 Energy:  -2.2174
# J:0.00 parity: 1
 #  channel core Jc (l sn) jn
#  1 : 1 0.0 0 0.0 0.0
#  1200 points
   0.000        0.000000
   0.050        0.030037
   0.100        0.059953
   0.150        0.089630
   0.200        0.118949
   0.250        0.147796
   0.300        0.176061
   0.350        0.203637
   0.400        0.230425
   0.450        0.256333
   0.500        0.281276
   0.550        0.305179
   0.600        0.327974
   0.650        0.349606
   0.700        0.370030
   0.750        0.389212
   0.800        0.407126
   0.850        0.423761
   0.900        0.439112
   0.950        0.453187
   1.000        0.466002
   1.050        0.477579
   1.100        0.487951
   1.150        0.497153
   1.200        0.505228
   1.250        0.512224
   1.300        0.518190
   1.350        0.523179
   1.400        0.527245
   1.450        0.530442
   1.500        0.532828
   1.550        0.534456
   1.600        0.535380
   1.650        0.535655
   1.700        0.535330
   1.750        0.534456
   1.800        0.533080
   1.850        0.531247
   1.900        0.528999
   1.950        0.526379
   2.000        0.523423
   2.050        0.520167
   2.100        0.516644
   2.150        0.512885
   2.200        0.508920
   2.250        0.504774
   2.300        0.500472
   2.350        0.496036
   2.400        0.491487
   2.450        0.486844
   2.500        0.482123
   2.550        0.477340
   2.600        0.472510
   2.650        0.467644
   2.700        0.462754
   2.750        0.457850
   2.800        0.452942
   2.850        0.448037
   2.900        0.443142
   2.950        0.438263
   3.000        0.433407
   3.050        0.428577
   3.100        0.423778
   3.150        0.419013
   3.200        0.414286
   3.250        0.409598
   3.300        0.404952
   3.350        0.400350
   3.400        0.395792
   3.450        0.391281
   3.500        0.386816
   3.550        0.382398
   3.600        0.378028
   3.650        0.373706
   3.700        0.369431
   3.750        0.365204
   3.800        0.361025
   3.850        0.356893
   3.900        0.352808
   3.950        0.348769
   4.000        0.344776
   4.050        0.340828
   4.100        0.336926
   4.150        0.333067
   4.200        0.329253
   4.250        0.325481
   4.300        0.321753
   4.350        0.318066
   4.400        0.314421
   4.450        0.310816
   4.500        0.307252
   4.550        0.303728
   4.600        0.300244
   4.650        0.296798
   4.700        0.293391
   4.750        0.290021
   4.800        0.286690
   4.850        0.283395
   4.900        0.280137
   4.950        0.276915
   5.000        0.273730
   5.050        0.270580
   5.100        0.267465
   5.150        0.264385
   5.200        0.261340
   5.250        0.258329
   5.300        0.255352
   5.350        0.252409
   5.400        0.249499
   5.450        0.246622
   5.500        0.243778
   5.550        0.240966
   5.600        0.238187
   5.650        0.235439
   5.700        0.232723
   5.750        0.230039
   5.800        0.227385
   5.850        0.224763
   5.900        0.222171
   5.950        0.219609
   6.000        0.217077
   6.050        0.214574
   6.100        0.212101
   6.150        0.209657
   6.200        0.207241
   6.250        0.204854
   6.300        0.202496
   6.350        0.200164
   6.400        0.197861
   6.450        0.195584
   6.500        0.193335
   6.550        0.191112
   6.600        0.188915
   6.650        0.186744
   6.700        0.184599
   6.750        0.182479
   6.800        0.180384
   6.850        0.178313
   6.900        0.176267
   6.950        0.174245
   7.000        0.172247
   7.050        0.170272
   7.100        0.168320
   7.150        0.166391
   7.200        0.164484
   7.250        0.162600
   7.300        0.160737
   7.350        0.158896
   7.400        0.157076
   7.450        0.155277
   7.500        0.153499
   7.550        0.151741
   7.600        0.150004
   7.650        0.148286
   7.700        0.146588
   7.750        0.144909
   7.800        0.143249
   7.850        0.141608
   7.900        0.139986
   7.950        0.138382
   8.000        0.136796
   8.050        0.135228
   8.100        0.133678
   8.150        0.132145
   8.200        0.130629
   8.250        0.129131
   8.300        0.127649
   8.350        0.126183
   8.400        0.124735
   8.450        0.123302
   8.500        0.121885
   8.550        0.120484
   8.600        0.119099
   8.650        0.117730
   8.700        0.116375
   8.750        0.115036
   8.800        0.113712
   8.850        0.112403
   8.900        0.111108
   8.950        0.109828
   9.000        0.108562
   9.050        0.107310
   9.100        0.106073
   9.150        0.104849
   9.200        0.103640
   9.250        0.102443
   9.300        0.101261
   9.350        0.100092
   9.400        0.098936
   9.450        0.097793
   9.500        0.096664
   9.550        0.095547
   9.600        0.094443
   9.650        0.093352
   9.700        0.092273
   9.750        0.091206
   9.800        0.090152
   9.850        0.089110
   9.900        0.088080
   9.950        0.087062
  10.000        0.086056
  10.050        0.085062
  10.100        0.084079
  10.150        0.083108
  10.200        0.082148
  10.250        0.081199
  10.300        0.080261
  10.350        0.079335
  10.400        0.078419
  10.450        0.077514
  10.500        0.076620
  10.550        0.075736
  10.600        0.074863
  10.650        0.074000
  10.700        0.073148
  10.750        0.072305
  10.800        0.071473
  10.850        0.070650
  10.900        0.069837
  10.950        0.069034
  11.000        0.068240
  11.050        0.067456
  11.100        0.066681
  11.150        0.065915
  11.200        0.065158
  11.250        0.064411
  11.300        0.063672
  11.350        0.062942
  11.400        0.062220
  11.450        0.061508
  11.500        0.060803
  11.550        0.060107
  11.600        0.059419
  11.650        0.058739
  11.700        0.058067
  11.750        0.057403
  11.800        0.056747
  11.850        0.056099
  11.900        0.055458
  11.950        0.054825
  12.000        0.054199
  12.050        0.053580
  12.100        0.052968
  12.150        0.052364
  12.200        0.051767
  12.250        0.051176
  12.300        0.050592
  12.350        0.050015
  12.400        0.049445
  12.450        0.048881
  12.500        0.048323
  12.550        0.047772
  12.600        0.047227
  12.650        0.046689
  12.700        0.046156
  12.750        0.045629
  12.800        0.045109
  12.850        0.044594
  12.900        0.044085
  12.950        0.043581
  13.000        0.043084
  13.050        0.042592
  13.100        0.042105
  13.150        0.041624
  13.200        0.041148
  13.250        0.040677
  13.300        0.040212
  13.350        0.039751
  13.400        0.039296
  13.450        0.038846
  13.500        0.038401
  13.550        0.037960
  13.600        0.037525
  13.650        0.037094
  13.700        0.036668
  13.750        0.036247
  13.800        0.035830
  13.850        0.035418
  13.900        0.035010
  13.950        0.034607
  14.000        0.034208
  14.050        0.033814
  14.100        0.033424
  14.150        0.033038
  14.200        0.032657
  14.250        0.032280
  14.300        0.031907
  14.350        0.031538
  14.400        0.031173
  14.450        0.030812
  14.500        0.030455
  14.550        0.030102
  14.600        0.029753
  14.650        0.029408
  14.700        0.029067
  14.750        0.028729
  14.800        0.028395
  14.850        0.028066
  14.900        0.027739
  14.950        0.027417
  15.000        0.027098
  15.050        0.026783
  15.100        0.026471
  15.150        0.026163
  15.200        0.025858
  15.250        0.025557
  15.300        0.025259
  15.350        0.024965
  15.400        0.024674
  15.450        0.024387
  15.500        0.024102
  15.550        0.023822
  15.600        0.023544
  15.650        0.023270
  15.700        0.022999
  15.750        0.022731
  15.800        0.022466
  15.850        0.022204
  15.900        0.021946
  15.950        0.021690
  16.000        0.021438
  16.050        0.021189
  16.100        0.020942
  16.150        0.020699
  16.200        0.020458
  16.250        0.020221
  16.300        0.019986
  16.350        0.019754
  16.400        0.019525
  16.450        0.019298
  16.500        0.019075
  16.550        0.018854
  16.600        0.018636
  16.650        0.018421
  16.700        0.018208
  16.750        0.017997
  16.800        0.017790
  16.850        0.017585
  16.900        0.017382
  16.950        0.017182
  17.000        0.016985
  17.050        0.016789
  17.100        0.016597
  17.150        0.016406
  17.200        0.016218
  17.250        0.016033
  17.300        0.015849
  17.350        0.015668
  17.400        0.015489
  17.450        0.015312
  17.500        0.015138
  17.550        0.014965
  17.600        0.014795
  17.650        0.014627
  17.700        0.014461
  17.750        0.014297
  17.800        0.014135
  17.850        0.013974
  17.900        0.013816
  17.950        0.013660
  18.000        0.013505
  18.050        0.013353
  18.100        0.013202
  18.150        0.013053
  18.200        0.012906
  18.250        0.012761
  18.300        0.012617
  18.350        0.012475
  18.400        0.012335
  18.450        0.012197
  18.500        0.012060
  18.550        0.011924
  18.600        0.011790
  18.650        0.011658
  18.700        0.011528
  18.750        0.011398
  18.800        0.011271
  18.850        0.011144
  18.900        0.011020
  18.950        0.010896
  19.000        0.010774
  19.050        0.010653
  19.100        0.010534
  19.150        0.010416
  19.200        0.010299
  19.250        0.010184
  19.300        0.010070
  19.350        0.009957
  19.400        0.009845
  19.450        0.009735
  19.500        0.009626
  19.550        0.009518
  19.600        0.009411
  19.650        0.009305
  19.700        0.009200
  19.750        0.009097
  19.800        0.008994
  19.850        0.008893
  19.900        0.008792
  19.950        0.008693
  20.000        0.008595
  20.050        0.008498
  20.100        0.008401
  20.150        0.008306
  20.200        0.008212
  20.250        0.008118
  20.300        0.008026
  20.350        0.007935
  20.400        0.007844
  20.450        0.007755
  20.500        0.007666
  20.550        0.007578
  20.600        0.007491
  20.650        0.007405
  20.700        0.007320
  20.750        0.007236
  20.800        0.007152
  20.850        0.007069
  20.900        0.006988
  20.950        0.006907
  21.000        0.006826
  21.050        0.006747
  21.100        0.006668
  21.150        0.006591
  21.200        0.006514
  21.250        0.006437
  21.300        0.006362
  21.350        0.006287
  21.400        0.006213
  21.450        0.006140
  21.500        0.006068
  21.550        0.005996
  21.600        0.005925
  21.650        0.005855
  21.700        0.005785
  21.750        0.005717
  21.800        0.005649
  21.850        0.005581
  21.900        0.005515
  21.950        0.005449
  22.000        0.005384
  22.050        0.005319
  22.100        0.005255
  22.150        0.005192
  22.200        0.005130
  22.250        0.005068
  22.300        0.005007
  22.350        0.004946
  22.400        0.004887
  22.450        0.004828
  22.500        0.004769
  22.550        0.004711
  22.600        0.004654
  22.650        0.004598
  22.700        0.004542
  22.750        0.004487
  22.800        0.004433
  22.850        0.004379
  22.900        0.004326
  22.950        0.004273
  23.000        0.004221
  23.050        0.004170
  23.100        0.004119
  23.150        0.004069
  23.200        0.004020
  23.250        0.003971
  23.300        0.003923
  23.350        0.003875
  23.400        0.003828
  23.450        0.003782
  23.500        0.003736
  23.550        0.003690
  23.600        0.003646
  23.650        0.003602
  23.700        0.003558
  23.750        0.003515
  23.800        0.003473
  23.850        0.003431
  23.900        0.003390
  23.950        0.003349
  24.000        0.003309
  24.050        0.003270
  24.100        0.003231
  24.150        0.003192
  24.200        0.003154
  24.250        0.003117
  24.300        0.003080
  24.350        0.003044
  24.400        0.003008
  24.450        0.002973
  24.500        0.002938
  24.550        0.002903
  24.600        0.002870
  24.650        0.002836
  24.700        0.002803
  24.750        0.002771
  24.800        0.002739
  24.850        0.002708
  24.900        0.002677
  24.950        0.002646
  25.000        0.002616
  25.050        0.002586
  25.100        0.002557
  25.150        0.002528
  25.200        0.002500
  25.250        0.002472
  25.300        0.002444
  25.350        0.002417
  25.400        0.002390
  25.450        0.002364
  25.500        0.002338
  25.550        0.002312
  25.600        0.002287
  25.650        0.002262
  25.700        0.002238
  25.750        0.002214
  25.800        0.002190
  25.850        0.002167
  25.900        0.002143
  25.950        0.002121
  26.000        0.002098
  26.050        0.002076
  26.100        0.002054
  26.150        0.002033
  26.200        0.002011
  26.250        0.001991
  26.300        0.001970
  26.350        0.001950
  26.400        0.001929
  26.450        0.001910
  26.500        0.001890
  26.550        0.001871
  26.600        0.001852
  26.650        0.001833
  26.700        0.001814
  26.750        0.001796
  26.800        0.001778
  26.850        0.001760
  26.900        0.001742
  26.950        0.001725
  27.000        0.001708
  27.050        0.001691
  27.100        0.001674
  27.150        0.001657
  27.200        0.001641
  27.250        0.001624
  27.300        0.001608
  27.350        0.001592
  27.400        0.001577
  27.450        0.001561
  27.500        0.001545
  27.550        0.001530
  27.600        0.001515
  27.650        0.001500
  27.700        0.001485
  27.750        0.001470
  27.800        0.001456
  27.850        0.001441
  27.900        0.001427
  27.950        0.001413
  28.000        0.001399
  28.050        0.001385
  28.100        0.001371
  28.150        0.001357
  28.200        0.001343
  28.250        0.001330
  28.300        0.001316
  28.350        0.001303
  28.400        0.001290
  28.450        0.001276
  28.500        0.001263
  28.550        0.001250
  28.600        0.001237
  28.650        0.001224
  28.700        0.001212
  28.750        0.001199
  28.800        0.001186
  28.850        0.001174
  28.900        0.001161
  28.950        0.001149
  29.000        0.001137
  29.050        0.001124
  29.100        0.001112
  29.150        0.001100
  29.200        0.001088
  29.250        0.001076
  29.300        0.001064
  29.350        0.001052
  29.400        0.001040
  29.450        0.001028
  29.500        0.001017
  29.550        0.001005
  29.600        0.000993
  29.650        0.000982
  29.700        0.000970
  29.750        0.000959
  29.800        0.000948
  29.850        0.000936
  29.900        0.000925
  29.950        0.000914
  30.000        0.000903
  30.050        0.000892
  30.100        0.000881
  30.150        0.000870
  30.200        0.000859
  30.250        0.000848
  30.300        0.000837
  30.350        0.000826
  30.400        0.000816
  30.450        0.000805
  30.500        0.000794
  30.550        0.000784
  30.600        0.000773
  30.650        0.000763
  30.700        0.000753
  30.750        0.000743
  30.800        0.000732
  30.850        0.000722
  30.900        0.000712
  30.950        0.000702
  31.000        0.000692
  31.050        0.000683
  31.100        0.000673
  31.150        0.000663
  31.200        0.000653
  31.250        0.000644
  31.300        0.000634
  31.350        0.000625
  31.400        0.000616
  31.450        0.000607
  31.500        0.000597
  31.550        0.000588
  31.600        0.000579
  31.650        0.000570
  31.700        0.000562
  31.750        0.000553
  31.800        0.000544
  31.850        0.000536
  31.900        0.000527
  31.950        0.000519
  32.000        0.000511
  32.050        0.000502
  32.100        0.000494
  32.150        0.000486
  32.200        0.000478
  32.250        0.000471
  32.300        0.000463
  32.350        0.000455
  32.400        0.000448
  32.450        0.000440
  32.500        0.000433
  32.550        0.000426
  32.600        0.000418
  32.650        0.000411
  32.700        0.000405
  32.750        0.000398
  32.800        0.000391
  32.850        0.000384
  32.900        0.000378
  32.950        0.000371
  33.000        0.000365
  33.050        0.000359
  33.100        0.000353
  33.150        0.000347
  33.200        0.000341
  33.250        0.000335
  33.300        0.000329
  33.350        0.000324
  33.400        0.000318
  33.450        0.000313
  33.500        0.000308
  33.550        0.000303
  33.600        0.000298
  33.650        0.000293
  33.700        0.000288
  33.750        0.000283
  33.800        0.000279
  33.850        0.000274
  33.900        0.000270
  33.950        0.000265
  34.000        0.000261
  34.050        0.000257
  34.100        0.000253
  34.150        0.000249
  34.200        0.000245
  34.250        0.000242
  34.300        0.000238
  34.350        0.000235
  34.400        0.000231
  34.450        0.000228
  34.500        0.000225
  34.550        0.000222
  34.600        0.000219
  34.650        0.000216
  34.700        0.000213
  34.750        0.000210
  34.800        0.000208
  34.850        0.000205
  34.900        0.000203
  34.950        0.000200
  35.000        0.000198
  35.050        0.000196
  35.100        0.000194
  35.150        0.000192
  35.200        0.000190
  35.250        0.000188
  35.300        0.000186
  35.350        0.000185
  35.400        0.000183
  35.450        0.000181
  35.500        0.000180
  35.550        0.000179
  35.600        0.000177
  35.650        0.000176
  35.700        0.000175
  35.750        0.000174
  35.800        0.000173
  35.850        0.000172
  35.900        0.000171
  35.950        0.000170
  36.000        0.000169
  36.050        0.000168
  36.100        0.000168
  36.150        0.000167
  36.200        0.000167
  36.250        0.000166
  36.300        0.000166
  36.350        0.000165
  36.400        0.000165
  36.450        0.000164
  36.500        0.000164
  36.550        0.000164
  36.600        0.000164
  36.650        0.000163
  36.700        0.000163
  36.750        0.000163
  36.800        0.000163
  36.850        0.000163
  36.900        0.000163
  36.950        0.000163
  37.000        0.000163
  37.050        0.000163
  37.100        0.000163
  37.150        0.000163
  37.200        0.000163
  37.250        0.000163
  37.300        0.000164
  37.350        0.000164
  37.400        0.000164
  37.450        0.000164
  37.500        0.000164
  37.550        0.000165
  37.600        0.000165
  37.650        0.000165
  37.700        0.000165
  37.750        0.000165
  37.800        0.000166
  37.850        0.000166
  37.900        0.000166
  37.950        0.000166
  38.000        0.000167
  38.050        0.000167
  38.100        0.000167
  38.150        0.000167
  38.200        0.000167
  38.250        0.000168
  38.300        0.000168
  38.350        0.000168
  38.400        0.000168
  38.450        0.000168
  38.500        0.000168
  38.550        0.000168
  38.600        0.000168
  38.650        0.000168
  38.700        0.000168
  38.750        0.000168
  38.800        0.000168
  38.850        0.000168
  38.900        0.000168
  38.950        0.000168
  39.000        0.000168
  39.050        0.000168
  39.100        0.000168
  39.150        0.000168
  39.200        0.000167
  39.250        0.000167
  39.300        0.000167
  39.350        0.000167
  39.400        0.000166
  39.450        0.000166
  39.500        0.000165
  39.550        0.000165
  39.600        0.000165
  39.650        0.000164
  39.700        0.000164
  39.750        0.000163
  39.800        0.000162
  39.850        0.000162
  39.900        0.000161
  39.950        0.000160
  40.000        0.000160
  40.050        0.000159
  40.100        0.000158
  40.150        0.000157
  40.200        0.000156
  40.250        0.000155
  40.300        0.000155
  40.350        0.000154
  40.400        0.000153
  40.450        0.000151
  40.500        0.000150
  40.550        0.000149
  40.600        0.000148
  40.650        0.000147
  40.700        0.000146
  40.750        0.000144
  40.800        0.000143
  40.850        0.000142
  40.900        0.000140
  40.950        0.000139
  41.000        0.000138
  41.050        0.000136
  41.100        0.000135
  41.150        0.000133
  41.200        0.000132
  41.250        0.000130
  41.300        0.000128
  41.350        0.000127
  41.400        0.000125
  41.450        0.000123
  41.500        0.000122
  41.550        0.000120
  41.600        0.000118
  41.650        0.000116
  41.700        0.000115
  41.750        0.000113
  41.800        0.000111
  41.850        0.000109
  41.900        0.000107
  41.950        0.000105
  42.000        0.000103
  42.050        0.000101
  42.100        0.000099
  42.150        0.000097
  42.200        0.000095
  42.250        0.000093
  42.300        0.000091
  42.350        0.000089
  42.400        0.000087
  42.450        0.000085
  42.500        0.000082
  42.550        0.000080
  42.600        0.000078
  42.650        0.000076
  42.700        0.000074
  42.750        0.000072
  42.800        0.000069
  42.850        0.000067
  42.900        0.000065
  42.950        0.000063
  43.000        0.000060
  43.050        0.000058
  43.100        0.000056
  43.150        0.000054
  43.200        0.000052
  43.250        0.000049
  43.300        0.000047
  43.350        0.000045
  43.400        0.000043
  43.450        0.000040
  43.500        0.000038
  43.550        0.000036
  43.600        0.000034
  43.650        0.000032
  43.700        0.000029
  43.750        0.000027
  43.800        0.000025
  43.850        0.000023
  43.900        0.000021
  43.950        0.000018
  44.000        0.000016
  44.050        0.000014
  44.100        0.000012
  44.150        0.000010
  44.200        0.000008
  44.250        0.000006
  44.300        0.000004
  44.350        0.000002
  44.400       -0.000000
  44.450       -0.000002
  44.500       -0.000004
  44.550       -0.000006
  44.600       -0.000008
  44.650       -0.000010
  44.700       -0.000012
  44.750       -0.000014
  44.800       -0.000016
  44.850       -0.000017
  44.900       -0.000019
  44.950       -0.000021
  45.000       -0.000023
  45.050       -0.000024
  45.100       -0.000026
  45.150       -0.000028
  45.200       -0.000029
  45.250       -0.000031
  45.300       -0.000032
  45.350       -0.000034
  45.400       -0.000035
  45.450       -0.000037
  45.500       -0.000038
  45.550       -0.000040
  45.600       -0.000041
  45.650       -0.000042
  45.700       -0.000044
  45.750       -0.000045
  45.800       -0.000046
  45.850       -0.000048
  45.900       -0.000049
  45.950       -0.000050
  46.000       -0.000051
  46.050       -0.000052
  46.100       -0.000053
  46.150       -0.000054
  46.200       -0.000055
  46.250       -0.000056
  46.300       -0.000057
  46.350       -0.000058
  46.400       -0.000058
  46.450       -0.000059
  46.500       -0.000060
  46.550       -0.000061
  46.600       -0.000061
  46.650       -0.000062
  46.700       -0.000062
  46.750       -0.000063
  46.800       -0.000063
  46.850       -0.000064
  46.900       -0.000064
  46.950       -0.000065
  47.000       -0.000065
  47.050       -0.000065
  47.100       -0.000066
  47.150       -0.000066
  47.200       -0.000066
  47.250       -0.000066
  47.300       -0.000066
  47.350       -0.000066
  47.400       -0.000066
  47.450       -0.000066
  47.500       -0.000066
  47.550       -0.000066
  47.600       -0.000066
  47.650       -0.000066
  47.700       -0.000066
  47.750       -0.000066
  47.800       -0.000065
  47.850       -0.000065
  47.900       -0.000065
  47.950       -0.000064
  48.000       -0.000064
  48.050       -0.000063
  48.100       -0.000063
  48.150       -0.000063
  48.200       -0.000062
  48.250       -0.000061
  48.300       -0.000061
  48.350       -0.000060
  48.400       -0.000059
  48.450       -0.000059
  48.500       -0.000058
  48.550       -0.000057
  48.600       -0.000056
  48.650       -0.000056
  48.700       -0.000055
  48.750       -0.000054
  48.800       -0.000053
  48.850       -0.000052
  48.900       -0.000051
  48.950       -0.000050
  49.000       -0.000049
  49.050       -0.000048
  49.100       -0.000047
  49.150       -0.000046
  49.200       -0.000045
  49.250       -0.000043
  49.300       -0.000042
  49.350       -0.000041
  49.400       -0.000040
  49.450       -0.000039
  49.500       -0.000037
  49.550       -0.000036
  49.600       -0.000035
  49.650       -0.000033
  49.700       -0.000032
  49.750       -0.000031
  49.800       -0.000029
  49.850       -0.000028
  49.900       -0.000026
  49.950       -0.000025
  50.000       -0.000023
  50.050       -0.000022
  50.100       -0.000020
  50.150       -0.000019
  50.200       -0.000017
  50.250       -0.000016
  50.300       -0.000014
  50.350       -0.000013
  50.400       -0.000011
  50.450       -0.000010
  50.500       -0.000008
  50.550       -0.000006
  50.600       -0.000005
  50.650       -0.000003
  50.700       -0.000001
  50.750        0.000000
  50.800        0.000002
  50.850        0.000004
  50.900        0.000005
  50.950        0.000007
  51.000        0.000009
  51.050        0.000010
  51.100        0.000012
  51.150        0.000014
  51.200        0.000015
  51.250        0.000017
  51.300        0.000019
  51.350        0.000020
  51.400        0.000022
  51.450        0.000024
  51.500        0.000025
  51.550        0.000027
  51.600        0.000029
  51.650        0.000030
  51.700        0.000032
  51.750        0.000034
  51.800        0.000035
  51.850        0.000037
  51.900        0.000039
  51.950        0.000040
  52.000        0.000042
  52.050        0.000044
  52.100        0.000045
  52.150        0.000047
  52.200        0.000049
  52.250        0.000050
  52.300        0.000052
  52.350        0.000053
  52.400        0.000055
  52.450        0.000056
  52.500        0.000058
  52.550        0.000059
  52.600        0.000061
  52.650        0.000063
  52.700        0.000064
  52.750        0.000065
  52.800        0.000067
  52.850        0.000068
  52.900        0.000070
  52.950        0.000071
  53.000        0.000073
  53.050        0.000074
  53.100        0.000075
  53.150        0.000077
  53.200        0.000078
  53.250        0.000079
  53.300        0.000081
  53.350        0.000082
  53.400        0.000083
  53.450        0.000085
  53.500        0.000086
  53.550        0.000087
  53.600        0.000088
  53.650        0.000089
  53.700        0.000090
  53.750        0.000092
  53.800        0.000093
  53.850        0.000094
  53.900        0.000095
  53.950        0.000096
  54.000        0.000097
  54.050        0.000098
  54.100        0.000099
  54.150        0.000100
  54.200        0.000101
  54.250        0.000102
  54.300        0.000103
  54.350        0.000103
  54.400        0.000104
  54.450        0.000105
  54.500        0.000106
  54.550        0.000107
  54.600        0.000107
  54.650        0.000108
  54.700        0.000109
  54.750        0.000109
  54.800        0.000110
  54.850        0.000111
  54.900        0.000111
  54.950        0.000112
  55.000        0.000112
  55.050        0.000113
  55.100        0.000113
  55.150        0.000114
  55.200        0.000114
  55.250        0.000115
  55.300        0.000115
  55.350        0.000115
  55.400        0.000116
  55.450        0.000116
  55.500        0.000116
  55.550        0.000117
  55.600        0.000117
  55.650        0.000117
  55.700        0.000117
  55.750        0.000117
  55.800        0.000117
  55.850        0.000118
  55.900        0.000118
  55.950        0.000118
  56.000        0.000118
  56.050        0.000118
  56.100        0.000118
  56.150        0.000118
  56.200        0.000118
  56.250        0.000117
  56.300        0.000117
  56.350        0.000117
  56.400        0.000117
  56.450        0.000117
  56.500        0.000117
  56.550        0.000116
  56.600        0.000116
  56.650        0.000116
  56.700        0.000116
  56.750        0.000115
  56.800        0.000115
  56.850        0.000114
  56.900        0.000114
  56.950        0.000114
  57.000        0.000113
  57.050        0.000113
  57.100        0.000112
  57.150        0.000112
  57.200        0.000111
  57.250        0.000111
  57.300        0.000110
  57.350        0.000109
  57.400        0.000109
  57.450        0.000108
  57.500        0.000108
  57.550        0.000107
  57.600        0.000106
  57.650        0.000105
  57.700        0.000105
  57.750        0.000104
  57.800        0.000103
  57.850        0.000102
  57.900        0.000102
  57.950        0.000101
  58.000        0.000100
  58.050        0.000099
  58.100        0.000098
  58.150        0.000097
  58.200        0.000096
  58.250        0.000095
  58.300        0.000095
  58.350        0.000094
  58.400        0.000093
  58.450        0.000092
  58.500        0.000091
  58.550        0.000090
  58.600        0.000089
  58.650        0.000087
  58.700        0.000086
  58.750        0.000085
  58.800        0.000084
  58.850        0.000083
  58.900        0.000082
  58.950        0.000081
  59.000        0.000080
  59.050        0.000079
  59.100        0.000077
  59.150        0.000076
  59.200        0.000075
  59.250        0.000074
  59.300        0.000073
  59.350        0.000071
  59.400        0.000070
  59.450        0.000069
  59.500        0.000068
  59.550        0.000067
  59.600        0.000065
  59.650        0.000064
  59.700        0.000063
  59.750        0.000061
  59.800        0.000060
  59.850        0.000059
  59.900        0.000058
  59.950        0.000056
 & 
#  1 Channels, Eigenvalue: 1 Energy:   0.0000
# J:2.00 parity: 1
 #  channel core Jc (l sn) jn
#  1 : 1 0.0 2 0.0 2.0
#  1200 points
   0.000        0.000000
   0.050        0.000001
   0.100        0.000009
   0.150        0.000030
   0.200        0.000067
   0.250        0.000122
   0.300        0.000193
   0.350        0.000276
   0.400        0.000363
   0.450        0.000447
   0.500        0.000518
   0.550        0.000568
   0.600        0.000590
   0.650        0.000580
   0.700        0.000535
   0.750        0.000456
   0.800        0.000348
   0.850        0.000216
   0.900        0.000070
   0.950       -0.000081
   1.000       -0.000227
   1.050       -0.000358
   1.100       -0.000465
   1.150       -0.000543
   1.200       -0.000587
   1.250       -0.000594
   1.300       -0.000564
   1.350       -0.000501
   1.400       -0.000409
   1.450       -0.000292
   1.500       -0.000160
   1.550       -0.000018
   1.600        0.000124
   1.650        0.000261
   1.700        0.000384
   1.750        0.000489
   1.800        0.000571
   1.850        0.000626
   1.900        0.000653
   1.950        0.000652
   2.000        0.000622
   2.050        0.000567
   2.100        0.000489
   2.150        0.000391
   2.200        0.000279
   2.250        0.000156
   2.300        0.000027
   2.350       -0.000104
   2.400       -0.000231
   2.450       -0.000350
   2.500       -0.000459
   2.550       -0.000553
   2.600       -0.000630
   2.650       -0.000689
   2.700       -0.000728
   2.750       -0.000746
   2.800       -0.000743
   2.850       -0.000721
   2.900       -0.000680
   2.950       -0.000621
   3.000       -0.000546
   3.050       -0.000458
   3.100       -0.000358
   3.150       -0.000251
   3.200       -0.000137
   3.250       -0.000020
   3.300        0.000098
   3.350        0.000214
   3.400        0.000326
   3.450        0.000431
   3.500        0.000528
   3.550        0.000615
   3.600        0.000690
   3.650        0.000752
   3.700        0.000801
   3.750        0.000836
   3.800        0.000855
   3.850        0.000860
   3.900        0.000850
   3.950        0.000826
   4.000        0.000789
   4.050        0.000738
   4.100        0.000676
   4.150        0.000603
   4.200        0.000521
   4.250        0.000431
   4.300        0.000334
   4.350        0.000232
   4.400        0.000127
   4.450        0.000019
   4.500       -0.000089
   4.550       -0.000197
   4.600       -0.000302
   4.650       -0.000403
   4.700       -0.000500
   4.750       -0.000590
   4.800       -0.000674
   4.850       -0.000750
   4.900       -0.000816
   4.950       -0.000874
   5.000       -0.000921
   5.050       -0.000958
   5.100       -0.000984
   5.150       -0.000999
   5.200       -0.001003
   5.250       -0.000997
   5.300       -0.000980
   5.350       -0.000952
   5.400       -0.000915
   5.450       -0.000868
   5.500       -0.000812
   5.550       -0.000748
   5.600       -0.000677
   5.650       -0.000598
   5.700       -0.000514
   5.750       -0.000426
   5.800       -0.000333
   5.850       -0.000236
   5.900       -0.000138
   5.950       -0.000038
   6.000        0.000062
   6.050        0.000161
   6.100        0.000259
   6.150        0.000355
   6.200        0.000448
   6.250        0.000537
   6.300        0.000622
   6.350        0.000701
   6.400        0.000774
   6.450        0.000841
   6.500        0.000901
   6.550        0.000954
   6.600        0.000999
   6.650        0.001037
   6.700        0.001066
   6.750        0.001086
   6.800        0.001098
   6.850        0.001102
   6.900        0.001097
   6.950        0.001084
   7.000        0.001063
   7.050        0.001034
   7.100        0.000997
   7.150        0.000952
   7.200        0.000901
   7.250        0.000843
   7.300        0.000779
   7.350        0.000709
   7.400        0.000634
   7.450        0.000554
   7.500        0.000470
   7.550        0.000383
   7.600        0.000293
   7.650        0.000201
   7.700        0.000106
   7.750        0.000011
   7.800       -0.000084
   7.850       -0.000180
   7.900       -0.000275
   7.950       -0.000368
   8.000       -0.000459
   8.050       -0.000549
   8.100       -0.000635
   8.150       -0.000717
   8.200       -0.000796
   8.250       -0.000871
   8.300       -0.000940
   8.350       -0.001005
   8.400       -0.001064
   8.450       -0.001117
   8.500       -0.001165
   8.550       -0.001206
   8.600       -0.001240
   8.650       -0.001268
   8.700       -0.001289
   8.750       -0.001304
   8.800       -0.001311
   8.850       -0.001312
   8.900       -0.001306
   8.950       -0.001294
   9.000       -0.001274
   9.050       -0.001248
   9.100       -0.001216
   9.150       -0.001178
   9.200       -0.001134
   9.250       -0.001085
   9.300       -0.001030
   9.350       -0.000970
   9.400       -0.000905
   9.450       -0.000836
   9.500       -0.000763
   9.550       -0.000687
   9.600       -0.000607
   9.650       -0.000525
   9.700       -0.000440
   9.750       -0.000353
   9.800       -0.000265
   9.850       -0.000176
   9.900       -0.000086
   9.950        0.000004
  10.000        0.000094
  10.050        0.000183
  10.100        0.000271
  10.150        0.000358
  10.200        0.000443
  10.250        0.000525
  10.300        0.000605
  10.350        0.000682
  10.400        0.000756
  10.450        0.000827
  10.500        0.000893
  10.550        0.000955
  10.600        0.001013
  10.650        0.001066
  10.700        0.001115
  10.750        0.001158
  10.800        0.001196
  10.850        0.001229
  10.900        0.001256
  10.950        0.001278
  11.000        0.001294
  11.050        0.001304
  11.100        0.001309
  11.150        0.001307
  11.200        0.001301
  11.250        0.001288
  11.300        0.001270
  11.350        0.001246
  11.400        0.001217
  11.450        0.001183
  11.500        0.001144
  11.550        0.001099
  11.600        0.001050
  11.650        0.000996
  11.700        0.000938
  11.750        0.000876
  11.800        0.000810
  11.850        0.000740
  11.900        0.000667
  11.950        0.000591
  12.000        0.000512
  12.050        0.000431
  12.100        0.000347
  12.150        0.000262
  12.200        0.000175
  12.250        0.000086
  12.300       -0.000003
  12.350       -0.000093
  12.400       -0.000183
  12.450       -0.000273
  12.500       -0.000363
  12.550       -0.000453
  12.600       -0.000541
  12.650       -0.000628
  12.700       -0.000714
  12.750       -0.000798
  12.800       -0.000879
  12.850       -0.000959
  12.900       -0.001036
  12.950       -0.001110
  13.000       -0.001181
  13.050       -0.001249
  13.100       -0.001313
  13.150       -0.001373
  13.200       -0.001430
  13.250       -0.001482
  13.300       -0.001531
  13.350       -0.001575
  13.400       -0.001614
  13.450       -0.001649
  13.500       -0.001680
  13.550       -0.001706
  13.600       -0.001726
  13.650       -0.001742
  13.700       -0.001753
  13.750       -0.001760
  13.800       -0.001761
  13.850       -0.001758
  13.900       -0.001749
  13.950       -0.001736
  14.000       -0.001718
  14.050       -0.001696
  14.100       -0.001669
  14.150       -0.001637
  14.200       -0.001601
  14.250       -0.001561
  14.300       -0.001517
  14.350       -0.001469
  14.400       -0.001417
  14.450       -0.001361
  14.500       -0.001302
  14.550       -0.001240
  14.600       -0.001174
  14.650       -0.001106
  14.700       -0.001035
  14.750       -0.000962
  14.800       -0.000887
  14.850       -0.000809
  14.900       -0.000730
  14.950       -0.000650
  15.000       -0.000568
  15.050       -0.000485
  15.100       -0.000401
  15.150       -0.000317
  15.200       -0.000232
  15.250       -0.000148
  15.300       -0.000063
  15.350        0.000021
  15.400        0.000104
  15.450        0.000187
  15.500        0.000268
  15.550        0.000348
  15.600        0.000427
  15.650        0.000504
  15.700        0.000579
  15.750        0.000651
  15.800        0.000722
  15.850        0.000789
  15.900        0.000854
  15.950        0.000916
  16.000        0.000975
  16.050        0.001031
  16.100        0.001084
  16.150        0.001133
  16.200        0.001178
  16.250        0.001220
  16.300        0.001257
  16.350        0.001291
  16.400        0.001321
  16.450        0.001347
  16.500        0.001368
  16.550        0.001386
  16.600        0.001399
  16.650        0.001408
  16.700        0.001412
  16.750        0.001412
  16.800        0.001408
  16.850        0.001400
  16.900        0.001387
  16.950        0.001370
  17.000        0.001349
  17.050        0.001324
  17.100        0.001295
  17.150        0.001261
  17.200        0.001224
  17.250        0.001183
  17.300        0.001138
  17.350        0.001089
  17.400        0.001037
  17.450        0.000981
  17.500        0.000923
  17.550        0.000861
  17.600        0.000796
  17.650        0.000728
  17.700        0.000657
  17.750        0.000584
  17.800        0.000508
  17.850        0.000430
  17.900        0.000350
  17.950        0.000269
  18.000        0.000185
  18.050        0.000100
  18.100        0.000014
  18.150       -0.000074
  18.200       -0.000162
  18.250       -0.000251
  18.300       -0.000341
  18.350       -0.000432
  18.400       -0.000522
  18.450       -0.000613
  18.500       -0.000703
  18.550       -0.000793
  18.600       -0.000882
  18.650       -0.000971
  18.700       -0.001059
  18.750       -0.001145
  18.800       -0.001231
  18.850       -0.001315
  18.900       -0.001398
  18.950       -0.001478
  19.000       -0.001557
  19.050       -0.001634
  19.100       -0.001708
  19.150       -0.001781
  19.200       -0.001850
  19.250       -0.001917
  19.300       -0.001982
  19.350       -0.002043
  19.400       -0.002102
  19.450       -0.002157
  19.500       -0.002209
  19.550       -0.002258
  19.600       -0.002304
  19.650       -0.002346
  19.700       -0.002385
  19.750       -0.002420
  19.800       -0.002451
  19.850       -0.002479
  19.900       -0.002503
  19.950       -0.002524
  20.000       -0.002540
  20.050       -0.002553
  20.100       -0.002562
  20.150       -0.002567
  20.200       -0.002568
  20.250       -0.002566
  20.300       -0.002560
  20.350       -0.002550
  20.400       -0.002536
  20.450       -0.002518
  20.500       -0.002497
  20.550       -0.002473
  20.600       -0.002445
  20.650       -0.002413
  20.700       -0.002378
  20.750       -0.002340
  20.800       -0.002298
  20.850       -0.002254
  20.900       -0.002206
  20.950       -0.002156
  21.000       -0.002102
  21.050       -0.002046
  21.100       -0.001987
  21.150       -0.001926
  21.200       -0.001863
  21.250       -0.001797
  21.300       -0.001729
  21.350       -0.001659
  21.400       -0.001587
  21.450       -0.001514
  21.500       -0.001439
  21.550       -0.001363
  21.600       -0.001285
  21.650       -0.001206
  21.700       -0.001127
  21.750       -0.001046
  21.800       -0.000965
  21.850       -0.000884
  21.900       -0.000802
  21.950       -0.000719
  22.000       -0.000637
  22.050       -0.000555
  22.100       -0.000473
  22.150       -0.000392
  22.200       -0.000311
  22.250       -0.000231
  22.300       -0.000151
  22.350       -0.000073
  22.400        0.000004
  22.450        0.000080
  22.500        0.000155
  22.550        0.000228
  22.600        0.000300
  22.650        0.000369
  22.700        0.000437
  22.750        0.000503
  22.800        0.000566
  22.850        0.000627
  22.900        0.000686
  22.950        0.000743
  23.000        0.000796
  23.050        0.000848
  23.100        0.000896
  23.150        0.000941
  23.200        0.000984
  23.250        0.001024
  23.300        0.001060
  23.350        0.001094
  23.400        0.001124
  23.450        0.001151
  23.500        0.001174
  23.550        0.001195
  23.600        0.001212
  23.650        0.001225
  23.700        0.001235
  23.750        0.001242
  23.800        0.001245
  23.850        0.001244
  23.900        0.001240
  23.950        0.001233
  24.000        0.001222
  24.050        0.001208
  24.100        0.001190
  24.150        0.001168
  24.200        0.001144
  24.250        0.001115
  24.300        0.001084
  24.350        0.001049
  24.400        0.001011
  24.450        0.000969
  24.500        0.000925
  24.550        0.000877
  24.600        0.000827
  24.650        0.000773
  24.700        0.000716
  24.750        0.000657
  24.800        0.000595
  24.850        0.000530
  24.900        0.000462
  24.950        0.000392
  25.000        0.000320
  25.050        0.000245
  25.100        0.000169
  25.150        0.000090
  25.200        0.000009
  25.250       -0.000074
  25.300       -0.000159
  25.350       -0.000245
  25.400       -0.000333
  25.450       -0.000422
  25.500       -0.000512
  25.550       -0.000604
  25.600       -0.000697
  25.650       -0.000790
  25.700       -0.000885
  25.750       -0.000980
  25.800       -0.001076
  25.850       -0.001172
  25.900       -0.001269
  25.950       -0.001366
  26.000       -0.001462
  26.050       -0.001559
  26.100       -0.001656
  26.150       -0.001752
  26.200       -0.001848
  26.250       -0.001944
  26.300       -0.002038
  26.350       -0.002132
  26.400       -0.002225
  26.450       -0.002317
  26.500       -0.002408
  26.550       -0.002498
  26.600       -0.002586
  26.650       -0.002673
  26.700       -0.002759
  26.750       -0.002842
  26.800       -0.002924
  26.850       -0.003004
  26.900       -0.003082
  26.950       -0.003158
  27.000       -0.003232
  27.050       -0.003304
  27.100       -0.003373
  27.150       -0.003440
  27.200       -0.003505
  27.250       -0.003567
  27.300       -0.003626
  27.350       -0.003683
  27.400       -0.003737
  27.450       -0.003788
  27.500       -0.003837
  27.550       -0.003882
  27.600       -0.003925
  27.650       -0.003964
  27.700       -0.004001
  27.750       -0.004034
  27.800       -0.004065
  27.850       -0.004092
  27.900       -0.004116
  27.950       -0.004137
  28.000       -0.004155
  28.050       -0.004169
  28.100       -0.004181
  28.150       -0.004189
  28.200       -0.004194
  28.250       -0.004196
  28.300       -0.004195
  28.350       -0.004190
  28.400       -0.004183
  28.450       -0.004172
  28.500       -0.004158
  28.550       -0.004141
  28.600       -0.004121
  28.650       -0.004099
  28.700       -0.004073
  28.750       -0.004044
  28.800       -0.004012
  28.850       -0.003978
  28.900       -0.003941
  28.950       -0.003901
  29.000       -0.003858
  29.050       -0.003813
  29.100       -0.003765
  29.150       -0.003715
  29.200       -0.003663
  29.250       -0.003608
  29.300       -0.003551
  29.350       -0.003491
  29.400       -0.003430
  29.450       -0.003367
  29.500       -0.003302
  29.550       -0.003235
  29.600       -0.003166
  29.650       -0.003096
  29.700       -0.003024
  29.750       -0.002950
  29.800       -0.002876
  29.850       -0.002800
  29.900       -0.002723
  29.950       -0.002644
  30.000       -0.002565
  30.050       -0.002485
  30.100       -0.002405
  30.150       -0.002323
  30.200       -0.002241
  30.250       -0.002159
  30.300       -0.002076
  30.350       -0.001994
  30.400       -0.001910
  30.450       -0.001827
  30.500       -0.001744
  30.550       -0.001662
  30.600       -0.001579
  30.650       -0.001497
  30.700       -0.001415
  30.750       -0.001334
  30.800       -0.001254
  30.850       -0.001175
  30.900       -0.001096
  30.950       -0.001018
  31.000       -0.000942
  31.050       -0.000867
  31.100       -0.000793
  31.150       -0.000720
  31.200       -0.000649
  31.250       -0.000579
  31.300       -0.000511
  31.350       -0.000445
  31.400       -0.000380
  31.450       -0.000317
  31.500       -0.000257
  31.550       -0.000198
  31.600       -0.000142
  31.650       -0.000087
  31.700       -0.000035
  31.750        0.000014
  31.800        0.000062
  31.850        0.000107
  31.900        0.000149
  31.950        0.000189
  32.000        0.000226
  32.050        0.000261
  32.100        0.000293
  32.150        0.000322
  32.200        0.000348
  32.250        0.000371
  32.300        0.000392
  32.350        0.000409
  32.400        0.000424
  32.450        0.000436
  32.500        0.000445
  32.550        0.000450
  32.600        0.000453
  32.650        0.000453
  32.700        0.000449
  32.750        0.000443
  32.800        0.000433
  32.850        0.000420
  32.900        0.000405
  32.950        0.000386
  33.000        0.000364
  33.050        0.000339
  33.100        0.000311
  33.150        0.000280
  33.200        0.000246
  33.250        0.000209
  33.300        0.000169
  33.350        0.000126
  33.400        0.000080
  33.450        0.000032
  33.500       -0.000020
  33.550       -0.000074
  33.600       -0.000131
  33.650       -0.000191
  33.700       -0.000254
  33.750       -0.000319
  33.800       -0.000387
  33.850       -0.000457
  33.900       -0.000530
  33.950       -0.000605
  34.000       -0.000682
  34.050       -0.000762
  34.100       -0.000844
  34.150       -0.000929
  34.200       -0.001015
  34.250       -0.001103
  34.300       -0.001194
  34.350       -0.001286
  34.400       -0.001380
  34.450       -0.001476
  34.500       -0.001573
  34.550       -0.001672
  34.600       -0.001772
  34.650       -0.001874
  34.700       -0.001978
  34.750       -0.002082
  34.800       -0.002188
  34.850       -0.002295
  34.900       -0.002402
  34.950       -0.002511
  35.000       -0.002621
  35.050       -0.002731
  35.100       -0.002842
  35.150       -0.002953
  35.200       -0.003065
  35.250       -0.003178
  35.300       -0.003290
  35.350       -0.003403
  35.400       -0.003516
  35.450       -0.003629
  35.500       -0.003742
  35.550       -0.003855
  35.600       -0.003967
  35.650       -0.004080
  35.700       -0.004191
  35.750       -0.004303
  35.800       -0.004413
  35.850       -0.004523
  35.900       -0.004633
  35.950       -0.004741
  36.000       -0.004848
  36.050       -0.004955
  36.100       -0.005060
  36.150       -0.005164
  36.200       -0.005267
  36.250       -0.005369
  36.300       -0.005469
  36.350       -0.005568
  36.400       -0.005665
  36.450       -0.005761
  36.500       -0.005854
  36.550       -0.005946
  36.600       -0.006037
  36.650       -0.006125
  36.700       -0.006211
  36.750       -0.006295
  36.800       -0.006378
  36.850       -0.006458
  36.900       -0.006535
  36.950       -0.006611
  37.000       -0.006684
  37.050       -0.006755
  37.100       -0.006823
  37.150       -0.006889
  37.200       -0.006953
  37.250       -0.007014
  37.300       -0.007072
  37.350       -0.007128
  37.400       -0.007181
  37.450       -0.007231
  37.500       -0.007279
  37.550       -0.007323
  37.600       -0.007366
  37.650       -0.007405
  37.700       -0.007441
  37.750       -0.007475
  37.800       -0.007505
  37.850       -0.007533
  37.900       -0.007558
  37.950       -0.007580
  38.000       -0.007599
  38.050       -0.007615
  38.100       -0.007629
  38.150       -0.007639
  38.200       -0.007646
  38.250       -0.007651
  38.300       -0.007652
  38.350       -0.007651
  38.400       -0.007647
  38.450       -0.007640
  38.500       -0.007630
  38.550       -0.007617
  38.600       -0.007601
  38.650       -0.007583
  38.700       -0.007562
  38.750       -0.007538
  38.800       -0.007511
  38.850       -0.007482
  38.900       -0.007450
  38.950       -0.007416
  39.000       -0.007378
  39.050       -0.007339
  39.100       -0.007297
  39.150       -0.007252
  39.200       -0.007205
  39.250       -0.007156
  39.300       -0.007104
  39.350       -0.007050
  39.400       -0.006994
  39.450       -0.006935
  39.500       -0.006875
  39.550       -0.006813
  39.600       -0.006748
  39.650       -0.006682
  39.700       -0.006614
  39.750       -0.006544
  39.800       -0.006472
  39.850       -0.006399
  39.900       -0.006324
  39.950       -0.006247
  40.000       -0.006169
  40.050       -0.006090
  40.100       -0.006009
  40.150       -0.005927
  40.200       -0.005844
  40.250       -0.005760
  40.300       -0.005675
  40.350       -0.005588
  40.400       -0.005501
  40.450       -0.005414
  40.500       -0.005325
  40.550       -0.005236
  40.600       -0.005146
  40.650       -0.005056
  40.700       -0.004965
  40.750       -0.004874
  40.800       -0.004783
  40.850       -0.004692
  40.900       -0.004600
  40.950       -0.004509
  41.000       -0.004417
  41.050       -0.004326
  41.100       -0.004235
  41.150       -0.004145
  41.200       -0.004054
  41.250       -0.003964
  41.300       -0.003875
  41.350       -0.003787
  41.400       -0.003699
  41.450       -0.003612
  41.500       -0.003525
  41.550       -0.003440
  41.600       -0.003356
  41.650       -0.003273
  41.700       -0.003191
  41.750       -0.003110
  41.800       -0.003030
  41.850       -0.002952
  41.900       -0.002875
  41.950       -0.002800
  42.000       -0.002727
  42.050       -0.002655
  42.100       -0.002585
  42.150       -0.002516
  42.200       -0.002450
  42.250       -0.002385
  42.300       -0.002323
  42.350       -0.002262
  42.400       -0.002204
  42.450       -0.002147
  42.500       -0.002093
  42.550       -0.002041
  42.600       -0.001992
  42.650       -0.001945
  42.700       -0.001900
  42.750       -0.001857
  42.800       -0.001818
  42.850       -0.001780
  42.900       -0.001746
  42.950       -0.001714
  43.000       -0.001685
  43.050       -0.001658
  43.100       -0.001634
  43.150       -0.001613
  43.200       -0.001595
  43.250       -0.001579
  43.300       -0.001567
  43.350       -0.001557
  43.400       -0.001551
  43.450       -0.001547
  43.500       -0.001546
  43.550       -0.001549
  43.600       -0.001554
  43.650       -0.001562
  43.700       -0.001574
  43.750       -0.001588
  43.800       -0.001606
  43.850       -0.001626
  43.900       -0.001650
  43.950       -0.001676
  44.000       -0.001706
  44.050       -0.001739
  44.100       -0.001775
  44.150       -0.001814
  44.200       -0.001856
  44.250       -0.001901
  44.300       -0.001950
  44.350       -0.002001
  44.400       -0.002055
  44.450       -0.002112
  44.500       -0.002173
  44.550       -0.002236
  44.600       -0.002302
  44.650       -0.002371
  44.700       -0.002443
  44.750       -0.002518
  44.800       -0.002596
  44.850       -0.002677
  44.900       -0.002760
  44.950       -0.002846
  45.000       -0.002935
  45.050       -0.003027
  45.100       -0.003121
  45.150       -0.003218
  45.200       -0.003317
  45.250       -0.003419
  45.300       -0.003524
  45.350       -0.003630
  45.400       -0.003740
  45.450       -0.003851
  45.500       -0.003965
  45.550       -0.004081
  45.600       -0.004199
  45.650       -0.004319
  45.700       -0.004442
  45.750       -0.004566
  45.800       -0.004692
  45.850       -0.004821
  45.900       -0.004951
  45.950       -0.005083
  46.000       -0.005216
  46.050       -0.005351
  46.100       -0.005488
  46.150       -0.005626
  46.200       -0.005766
  46.250       -0.005907
  46.300       -0.006049
  46.350       -0.006192
  46.400       -0.006337
  46.450       -0.006483
  46.500       -0.006630
  46.550       -0.006777
  46.600       -0.006926
  46.650       -0.007075
  46.700       -0.007226
  46.750       -0.007376
  46.800       -0.007528
  46.850       -0.007680
  46.900       -0.007832
  46.950       -0.007984
  47.000       -0.008137
  47.050       -0.008290
  47.100       -0.008443
  47.150       -0.008597
  47.200       -0.008750
  47.250       -0.008903
  47.300       -0.009056
  47.350       -0.009208
  47.400       -0.009360
  47.450       -0.009512
  47.500       -0.009664
  47.550       -0.009814
  47.600       -0.009964
  47.650       -0.010114
  47.700       -0.010262
  47.750       -0.010410
  47.800       -0.010556
  47.850       -0.010702
  47.900       -0.010847
  47.950       -0.010990
  48.000       -0.011132
  48.050       -0.011273
  48.100       -0.011412
  48.150       -0.011550
  48.200       -0.011686
  48.250       -0.011821
  48.300       -0.011954
  48.350       -0.012086
  48.400       -0.012215
  48.450       -0.012343
  48.500       -0.012469
  48.550       -0.012592
  48.600       -0.012714
  48.650       -0.012833
  48.700       -0.012951
  48.750       -0.013066
  48.800       -0.013179
  48.850       -0.013289
  48.900       -0.013397
  48.950       -0.013502
  49.000       -0.013605
  49.050       -0.013706
  49.100       -0.013804
  49.150       -0.013899
  49.200       -0.013991
  49.250       -0.014080
  49.300       -0.014167
  49.350       -0.014251
  49.400       -0.014332
  49.450       -0.014410
  49.500       -0.014485
  49.550       -0.014557
  49.600       -0.014626
  49.650       -0.014692
  49.700       -0.014754
  49.750       -0.014814
  49.800       -0.014870
  49.850       -0.014923
  49.900       -0.014973
  49.950       -0.015019
  50.000       -0.015062
  50.050       -0.015102
  50.100       -0.015139
  50.150       -0.015172
  50.200       -0.015202
  50.250       -0.015228
  50.300       -0.015251
  50.350       -0.015271
  50.400       -0.015287
  50.450       -0.015300
  50.500       -0.015309
  50.550       -0.015315
  50.600       -0.015317
  50.650       -0.015316
  50.700       -0.015312
  50.750       -0.015304
  50.800       -0.015293
  50.850       -0.015278
  50.900       -0.015260
  50.950       -0.015238
  51.000       -0.015213
  51.050       -0.015185
  51.100       -0.015153
  51.150       -0.015118
  51.200       -0.015079
  51.250       -0.015038
  51.300       -0.014993
  51.350       -0.014944
  51.400       -0.014893
  51.450       -0.014838
  51.500       -0.014780
  51.550       -0.014719
  51.600       -0.014655
  51.650       -0.014588
  51.700       -0.014518
  51.750       -0.014445
  51.800       -0.014369
  51.850       -0.014289
  51.900       -0.014208
  51.950       -0.014123
  52.000       -0.014035
  52.050       -0.013945
  52.100       -0.013852
  52.150       -0.013757
  52.200       -0.013659
  52.250       -0.013558
  52.300       -0.013455
  52.350       -0.013350
  52.400       -0.013242
  52.450       -0.013132
  52.500       -0.013020
  52.550       -0.012906
  52.600       -0.012790
  52.650       -0.012671
  52.700       -0.012551
  52.750       -0.012429
  52.800       -0.012305
  52.850       -0.012180
  52.900       -0.012052
  52.950       -0.011924
  53.000       -0.011793
  53.050       -0.011662
  53.100       -0.011529
  53.150       -0.011394
  53.200       -0.011259
  53.250       -0.011122
  53.300       -0.010985
  53.350       -0.010846
  53.400       -0.010707
  53.450       -0.010567
  53.500       -0.010427
  53.550       -0.010286
  53.600       -0.010144
  53.650       -0.010002
  53.700       -0.009860
  53.750       -0.009717
  53.800       -0.009575
  53.850       -0.009432
  53.900       -0.009290
  53.950       -0.009147
  54.000       -0.009005
  54.050       -0.008864
  54.100       -0.008723
  54.150       -0.008582
  54.200       -0.008442
  54.250       -0.008303
  54.300       -0.008165
  54.350       -0.008028
  54.400       -0.007891
  54.450       -0.007757
  54.500       -0.007623
  54.550       -0.007491
  54.600       -0.007360
  54.650       -0.007231
  54.700       -0.007103
  54.750       -0.006977
  54.800       -0.006853
  54.850       -0.006732
  54.900       -0.006612
  54.950       -0.006495
  55.000       -0.006379
  55.050       -0.006267
  55.100       -0.006156
  55.150       -0.006049
  55.200       -0.005944
  55.250       -0.005842
  55.300       -0.005743
  55.350       -0.005647
  55.400       -0.005554
  55.450       -0.005464
  55.500       -0.005378
  55.550       -0.005295
  55.600       -0.005216
  55.650       -0.005140
  55.700       -0.005068
  55.750       -0.005000
  55.800       -0.004936
  55.850       -0.004876
  55.900       -0.004820
  55.950       -0.004769
  56.000       -0.004722
  56.050       -0.004679
  56.100       -0.004641
  56.150       -0.004607
  56.200       -0.004578
  56.250       -0.004554
  56.300       -0.004535
  56.350       -0.004521
  56.400       -0.004513
  56.450       -0.004509
  56.500       -0.004510
  56.550       -0.004518
  56.600       -0.004530
  56.650       -0.004548
  56.700       -0.004572
  56.750       -0.004601
  56.800       -0.004637
  56.850       -0.004678
  56.900       -0.004725
  56.950       -0.004779
  57.000       -0.004838
  57.050       -0.004904
  57.100       -0.004976
  57.150       -0.005055
  57.200       -0.005140
  57.250       -0.005231
  57.300       -0.005329
  57.350       -0.005434
  57.400       -0.005546
  57.450       -0.005664
  57.500       -0.005790
  57.550       -0.005922
  57.600       -0.006062
  57.650       -0.006208
  57.700       -0.006362
  57.750       -0.006523
  57.800       -0.006692
  57.850       -0.006868
  57.900       -0.007051
  57.950       -0.007241
  58.000       -0.007440
  58.050       -0.007646
  58.100       -0.007859
  58.150       -0.008080
  58.200       -0.008309
  58.250       -0.008546
  58.300       -0.008791
  58.350       -0.009044
  58.400       -0.009304
  58.450       -0.009573
  58.500       -0.009849
  58.550       -0.010134
  58.600       -0.010427
  58.650       -0.010728
  58.700       -0.011037
  58.750       -0.011354
  58.800       -0.011680
  58.850       -0.012013
  58.900       -0.012356
  58.950       -0.012706
  59.000       -0.013065
  59.050       -0.013432
  59.100       -0.013808
  59.150       -0.014192
  59.200       -0.014585
  59.250       -0.014986
  59.300       -0.015395
  59.350       -0.015813
  59.400       -0.016240
  59.450       -0.016675
  59.500       -0.017119
  59.550       -0.017571
  59.600       -0.018032
  59.650       -0.018501
  59.700       -0.018979
  59.750       -0.019465
  59.800       -0.019960
  59.850       -0.020464
  59.900       -0.020976
  59.950       -0.021497
 & 
