#  1 Channels, Eigenvalue: 2 Energy:   0.1209
# J:1.50 parity:-1
 #  channel core Jc (l sn) jn
#  1 : 1 0.0 1 0.5 1.5
#  1 Channels, Eigenvalue: 2 Energy:   0.1248
# J:2.50 parity: 1
 #  channel core Jc (l sn) jn
#  1 : 1 0.0 2 0.5 2.5
#  1500 points
   0.000     0.00000    
   0.100    0.946943E-05
   0.200    0.647032E-04
   0.300    0.165871E-03
   0.400    0.259179E-03
   0.500    0.273849E-03
   0.600    0.177281E-03
   0.700    0.691312E-05
   0.800   -0.145789E-03
   0.900   -0.189421E-03
   1.000   -0.888338E-04
   1.100    0.112819E-03
   1.200    0.318862E-03
   1.300    0.433698E-03
   1.400    0.413983E-03
   1.500    0.288340E-03
   1.600    0.138086E-03
   1.700    0.531221E-04
   1.800    0.879299E-04
   1.900    0.238885E-03
   2.000    0.450594E-03
   2.100    0.644340E-03
   2.200    0.753058E-03
   2.300    0.747250E-03
   2.400    0.642775E-03
   2.500    0.490365E-03
   2.600    0.353714E-03
   2.700    0.285904E-03
   2.800    0.312619E-03
   2.900    0.426652E-03
   3.000    0.593575E-03
   3.100    0.764972E-03
   3.200    0.894002E-03
   3.300    0.948433E-03
   3.400    0.917935E-03
   3.500    0.814628E-03
   3.600    0.667853E-03
   3.700    0.515399E-03
   3.800    0.393865E-03
   3.900    0.330537E-03
   4.000    0.338349E-03
   4.100    0.414537E-03
   4.200    0.542707E-03
   4.300    0.697359E-03
   4.400    0.849630E-03
   4.500    0.972976E-03
   4.600    0.104776E-02
   4.700    0.106408E-02
   4.800    0.102266E-02
   4.900    0.933800E-03
   5.000    0.814987E-03
   5.100    0.687578E-03
   5.200    0.573284E-03
   5.300    0.490966E-03
   5.400    0.454165E-03
   5.500    0.469629E-03
   5.600    0.536913E-03
   5.700    0.648966E-03
   5.800    0.793517E-03
   5.900    0.954982E-03
   6.000    0.111660E-02
   6.100    0.126251E-02
   6.200    0.137956E-02
   6.300    0.145858E-02
   6.400    0.149518E-02
   6.500    0.148992E-02
   6.600    0.144792E-02
   6.700    0.137805E-02
   6.800    0.129181E-02
   6.900    0.120204E-02
   7.000    0.112155E-02
   7.100    0.106194E-02
   7.200    0.103257E-02
   7.300    0.103980E-02
   7.400    0.108664E-02
   7.500    0.117262E-02
   7.600    0.129404E-02
   7.700    0.144444E-02
   7.800    0.161532E-02
   7.900    0.179689E-02
   8.000    0.197896E-02
   8.100    0.215176E-02
   8.200    0.230667E-02
   8.300    0.243684E-02
   8.400    0.253761E-02
   8.500    0.260676E-02
   8.600    0.264456E-02
   8.700    0.265360E-02
   8.800    0.263860E-02
   8.900    0.260586E-02
   9.000    0.256288E-02
   9.100    0.251774E-02
   9.200    0.247853E-02
   9.300    0.245287E-02
   9.400    0.244742E-02
   9.500    0.246748E-02
   9.600    0.251673E-02
   9.700    0.259706E-02
   9.800    0.270855E-02
   9.900    0.284952E-02
  10.000    0.301666E-02
  10.100    0.320537E-02
  10.200    0.340999E-02
  10.300    0.362422E-02
  10.400    0.384145E-02
  10.500    0.405519E-02
  10.600    0.425937E-02
  10.700    0.444869E-02
  10.800    0.461886E-02
  10.900    0.476680E-02
  11.000    0.489074E-02
  11.100    0.499029E-02
  11.200    0.506641E-02
  11.300    0.512131E-02
  11.400    0.515831E-02
  11.500    0.518162E-02
  11.600    0.519614E-02
  11.700    0.520717E-02
  11.800    0.522018E-02
  11.900    0.524053E-02
  12.000    0.527320E-02
  12.100    0.532265E-02
  12.200    0.539253E-02
  12.300    0.548563E-02
  12.400    0.560373E-02
  12.500    0.574758E-02
  12.600    0.591687E-02
  12.700    0.611031E-02
  12.800    0.632566E-02
  12.900    0.655992E-02
  13.000    0.680942E-02
  13.100    0.707001E-02
  13.200    0.733726E-02
  13.300    0.760662E-02
  13.400    0.787363E-02
  13.500    0.813407E-02
  13.600    0.838416E-02
  13.700    0.862064E-02
  13.800    0.884094E-02
  13.900    0.904323E-02
  14.000    0.922647E-02
  14.100    0.939044E-02
  14.200    0.953573E-02
  14.300    0.966368E-02
  14.400    0.977632E-02
  14.500    0.987632E-02
  14.600    0.996680E-02
  14.700    0.100513E-01
  14.800    0.101335E-01
  14.900    0.102173E-01
  15.000    0.103065E-01
  15.100    0.104047E-01
  15.200    0.105153E-01
  15.300    0.106413E-01
  15.400    0.107851E-01
  15.500    0.109487E-01
  15.600    0.111334E-01
  15.700    0.113398E-01
  15.800    0.115681E-01
  15.900    0.118175E-01
  16.000    0.120869E-01
  16.100    0.123747E-01
  16.200    0.126784E-01
  16.300    0.129956E-01
  16.400    0.133233E-01
  16.500    0.136584E-01
  16.600    0.139975E-01
  16.700    0.143375E-01
  16.800    0.146752E-01
  16.900    0.150074E-01
  17.000    0.153316E-01
  17.100    0.156453E-01
  17.200    0.159465E-01
  17.300    0.162336E-01
  17.400    0.165057E-01
  17.500    0.167622E-01
  17.600    0.170031E-01
  17.700    0.172288E-01
  17.800    0.174402E-01
  17.900    0.176390E-01
  18.000    0.178267E-01
  18.100    0.180056E-01
  18.200    0.181781E-01
  18.300    0.183468E-01
  18.400    0.185144E-01
  18.500    0.186839E-01
  18.600    0.188580E-01
  18.700    0.190394E-01
  18.800    0.192306E-01
  18.900    0.194340E-01
  19.000    0.196515E-01
  19.100    0.198850E-01
  19.200    0.201357E-01
  19.300    0.204046E-01
  19.400    0.206922E-01
  19.500    0.209987E-01
  19.600    0.213237E-01
  19.700    0.216666E-01
  19.800    0.220264E-01
  19.900    0.224015E-01
  20.000    0.227904E-01
  20.100    0.231910E-01
  20.200    0.236012E-01
  20.300    0.240186E-01
  20.400    0.244409E-01
  20.500    0.248656E-01
  20.600    0.252903E-01
  20.700    0.257126E-01
  20.800    0.261303E-01
  20.900    0.265413E-01
  21.000    0.269439E-01
  21.100    0.273364E-01
  21.200    0.277176E-01
  21.300    0.280866E-01
  21.400    0.284426E-01
  21.500    0.287854E-01
  21.600    0.291151E-01
  21.700    0.294319E-01
  21.800    0.297366E-01
  21.900    0.300302E-01
  22.000    0.303139E-01
  22.100    0.305893E-01
  22.200    0.308580E-01
  22.300    0.311220E-01
  22.400    0.313831E-01
  22.500    0.316436E-01
  22.600    0.319055E-01
  22.700    0.321710E-01
  22.800    0.324420E-01
  22.900    0.327206E-01
  23.000    0.330087E-01
  23.100    0.333078E-01
  23.200    0.336194E-01
  23.300    0.339449E-01
  23.400    0.342853E-01
  23.500    0.346412E-01
  23.600    0.350131E-01
  23.700    0.354014E-01
  23.800    0.358058E-01
  23.900    0.362260E-01
  24.000    0.366614E-01
  24.100    0.371112E-01
  24.200    0.375742E-01
  24.300    0.380493E-01
  24.400    0.385348E-01
  24.500    0.390292E-01
  24.600    0.395307E-01
  24.700    0.400376E-01
  24.800    0.405479E-01
  24.900    0.410598E-01
  25.000    0.415714E-01
  25.100    0.420809E-01
  25.200    0.425866E-01
  25.300    0.430868E-01
  25.400    0.435801E-01
  25.500    0.440652E-01
  25.600    0.445410E-01
  25.700    0.450065E-01
  25.800    0.454610E-01
  25.900    0.459040E-01
  26.000    0.463353E-01
  26.100    0.467548E-01
  26.200    0.471628E-01
  26.300    0.475596E-01
  26.400    0.479460E-01
  26.500    0.483226E-01
  26.600    0.486906E-01
  26.700    0.490511E-01
  26.800    0.494054E-01
  26.900    0.497549E-01
  27.000    0.501011E-01
  27.100    0.504456E-01
  27.200    0.507901E-01
  27.300    0.511362E-01
  27.400    0.514854E-01
  27.500    0.518394E-01
  27.600    0.521996E-01
  27.700    0.525675E-01
  27.800    0.529444E-01
  27.900    0.533314E-01
  28.000    0.537296E-01
  28.100    0.541399E-01
  28.200    0.545629E-01
  28.300    0.549992E-01
  28.400    0.554490E-01
  28.500    0.559126E-01
  28.600    0.563899E-01
  28.700    0.568805E-01
  28.800    0.573842E-01
  28.900    0.579003E-01
  29.000    0.584279E-01
  29.100    0.589663E-01
  29.200    0.595144E-01
  29.300    0.600709E-01
  29.400    0.606346E-01
  29.500    0.612042E-01
  29.600    0.617783E-01
  29.700    0.623553E-01
  29.800    0.629339E-01
  29.900    0.635124E-01
  30.000    0.640896E-01
  30.100    0.646640E-01
  30.200    0.652341E-01
  30.300    0.657989E-01
  30.400    0.663570E-01
  30.500    0.669074E-01
  30.600    0.674492E-01
  30.700    0.679815E-01
  30.800    0.685038E-01
  30.900    0.690154E-01
  31.000    0.695161E-01
  31.100    0.700056E-01
  31.200    0.704840E-01
  31.300    0.709512E-01
  31.400    0.714076E-01
  31.500    0.718537E-01
  31.600    0.722899E-01
  31.700    0.727170E-01
  31.800    0.731358E-01
  31.900    0.735472E-01
  32.000    0.739522E-01
  32.100    0.743520E-01
  32.200    0.747476E-01
  32.300    0.751404E-01
  32.400    0.755316E-01
  32.500    0.759224E-01
  32.600    0.763141E-01
  32.700    0.767080E-01
  32.800    0.771052E-01
  32.900    0.775069E-01
  33.000    0.779143E-01
  33.100    0.783284E-01
  33.200    0.787500E-01
  33.300    0.791802E-01
  33.400    0.796196E-01
  33.500    0.800687E-01
  33.600    0.805282E-01
  33.700    0.809985E-01
  33.800    0.814796E-01
  33.900    0.819718E-01
  34.000    0.824750E-01
  34.100    0.829891E-01
  34.200    0.835137E-01
  34.300    0.840485E-01
  34.400    0.845929E-01
  34.500    0.851463E-01
  34.600    0.857079E-01
  34.700    0.862769E-01
  34.800    0.868524E-01
  34.900    0.874334E-01
  35.000    0.880187E-01
  35.100    0.886073E-01
  35.200    0.891981E-01
  35.300    0.897898E-01
  35.400    0.903814E-01
  35.500    0.909716E-01
  35.600    0.915592E-01
  35.700    0.921432E-01
  35.800    0.927225E-01
  35.900    0.932960E-01
  36.000    0.938627E-01
  36.100    0.944218E-01
  36.200    0.949723E-01
  36.300    0.955137E-01
  36.400    0.960453E-01
  36.500    0.965664E-01
  36.600    0.970768E-01
  36.700    0.975761E-01
  36.800    0.980640E-01
  36.900    0.985405E-01
  37.000    0.990055E-01
  37.100    0.994593E-01
  37.200    0.999021E-01
  37.300    0.100334    
  37.400    0.100756    
  37.500    0.101168    
  37.600    0.101571    
  37.700    0.101965    
  37.800    0.102352    
  37.900    0.102732    
  38.000    0.103106    
  38.100    0.103475    
  38.200    0.103840    
  38.300    0.104202    
  38.400    0.104562    
  38.500    0.104920    
  38.600    0.105279    
  38.700    0.105638    
  38.800    0.106000    
  38.900    0.106364    
  39.000    0.106731    
  39.100    0.107103    
  39.200    0.107480    
  39.300    0.107863    
  39.400    0.108253    
  39.500    0.108649    
  39.600    0.109053    
  39.700    0.109464    
  39.800    0.109884    
  39.900    0.110311    
  40.000    0.110747    
  40.100    0.111191    
  40.200    0.111643    
  40.300    0.112103    
  40.400    0.112570    
  40.500    0.113045    
  40.600    0.113526    
  40.700    0.114014    
  40.800    0.114507    
  40.900    0.115005    
  41.000    0.115507    
  41.100    0.116013    
  41.200    0.116521    
  41.300    0.117031    
  41.400    0.117541    
  41.500    0.118051    
  41.600    0.118560    
  41.700    0.119067    
  41.800    0.119571    
  41.900    0.120071    
  42.000    0.120566    
  42.100    0.121056    
  42.200    0.121539    
  42.300    0.122014    
  42.400    0.122481    
  42.500    0.122940    
  42.600    0.123389    
  42.700    0.123827    
  42.800    0.124255    
  42.900    0.124672    
  43.000    0.125078    
  43.100    0.125472    
  43.200    0.125853    
  43.300    0.126223    
  43.400    0.126581    
  43.500    0.126926    
  43.600    0.127259    
  43.700    0.127580    
  43.800    0.127890    
  43.900    0.128188    
  44.000    0.128476    
  44.100    0.128753    
  44.200    0.129020    
  44.300    0.129277    
  44.400    0.129526    
  44.500    0.129766    
  44.600    0.129999    
  44.700    0.130226    
  44.800    0.130446    
  44.900    0.130661    
  45.000    0.130872    
  45.100    0.131079    
  45.200    0.131283    
  45.300    0.131485    
  45.400    0.131686    
  45.500    0.131887    
  45.600    0.132087    
  45.700    0.132289    
  45.800    0.132492    
  45.900    0.132698    
  46.000    0.132906    
  46.100    0.133118    
  46.200    0.133333    
  46.300    0.133553    
  46.400    0.133778    
  46.500    0.134007    
  46.600    0.134241    
  46.700    0.134481    
  46.800    0.134727    
  46.900    0.134977    
  47.000    0.135234    
  47.100    0.135495    
  47.200    0.135762    
  47.300    0.136034    
  47.400    0.136311    
  47.500    0.136592    
  47.600    0.136877    
  47.700    0.137166    
  47.800    0.137458    
  47.900    0.137752    
  48.000    0.138048    
  48.100    0.138345    
  48.200    0.138643    
  48.300    0.138941    
  48.400    0.139239    
  48.500    0.139534    
  48.600    0.139828    
  48.700    0.140118    
  48.800    0.140405    
  48.900    0.140687    
  49.000    0.140964    
  49.100    0.141235    
  49.200    0.141500    
  49.300    0.141757    
  49.400    0.142005    
  49.500    0.142246    
  49.600    0.142476    
  49.700    0.142697    
  49.800    0.142908    
  49.900    0.143108    
  50.000    0.143296    
  50.100    0.143472    
  50.200    0.143637    
  50.300    0.143789    
  50.400    0.143929    
  50.500    0.144056    
  50.600    0.144170    
  50.700    0.144271    
  50.800    0.144359    
  50.900    0.144434    
  51.000    0.144496    
  51.100    0.144546    
  51.200    0.144583    
  51.300    0.144608    
  51.400    0.144622    
  51.500    0.144624    
  51.600    0.144614    
  51.700    0.144594    
  51.800    0.144564    
  51.900    0.144524    
  52.000    0.144475    
  52.100    0.144418    
  52.200    0.144352    
  52.300    0.144279    
  52.400    0.144200    
  52.500    0.144114    
  52.600    0.144023    
  52.700    0.143927    
  52.800    0.143826    
  52.900    0.143723    
  53.000    0.143616    
  53.100    0.143507    
  53.200    0.143396    
  53.300    0.143285    
  53.400    0.143172    
  53.500    0.143060    
  53.600    0.142948    
  53.700    0.142837    
  53.800    0.142728    
  53.900    0.142620    
  54.000    0.142515    
  54.100    0.142412    
  54.200    0.142312    
  54.300    0.142215    
  54.400    0.142121    
  54.500    0.142030    
  54.600    0.141943    
  54.700    0.141859    
  54.800    0.141779    
  54.900    0.141702    
  55.000    0.141629    
  55.100    0.141559    
  55.200    0.141492    
  55.300    0.141428    
  55.400    0.141366    
  55.500    0.141306    
  55.600    0.141249    
  55.700    0.141193    
  55.800    0.141138    
  55.900    0.141084    
  56.000    0.141030    
  56.100    0.140976    
  56.200    0.140921    
  56.300    0.140865    
  56.400    0.140807    
  56.500    0.140747    
  56.600    0.140683    
  56.700    0.140616    
  56.800    0.140545    
  56.900    0.140469    
  57.000    0.140387    
  57.100    0.140300    
  57.200    0.140206    
  57.300    0.140104    
  57.400    0.139996    
  57.500    0.139879    
  57.600    0.139753    
  57.700    0.139618    
  57.800    0.139473    
  57.900    0.139319    
  58.000    0.139153    
  58.100    0.138977    
  58.200    0.138790    
  58.300    0.138590    
  58.400    0.138379    
  58.500    0.138156    
  58.600    0.137920    
  58.700    0.137672    
  58.800    0.137411    
  58.900    0.137138    
  59.000    0.136851    
  59.100    0.136552    
  59.200    0.136240    
  59.300    0.135915    
  59.400    0.135577    
  59.500    0.135227    
  59.600    0.134864    
  59.700    0.134490    
  59.800    0.134103    
  59.900    0.133705    
  60.000    0.133295    
  60.100    0.132875    
  60.200    0.132443    
  60.300    0.132002    
  60.400    0.131551    
  60.500    0.131090    
  60.600    0.130620    
  60.700    0.130142    
  60.800    0.129656    
  60.900    0.129163    
  61.000    0.128663    
  61.100    0.128156    
  61.200    0.127643    
  61.300    0.127125    
  61.400    0.126603    
  61.500    0.126076    
  61.600    0.125545    
  61.700    0.125011    
  61.800    0.124475    
  61.900    0.123936    
  62.000    0.123395    
  62.100    0.122854    
  62.200    0.122311    
  62.300    0.121769    
  62.400    0.121226    
  62.500    0.120684    
  62.600    0.120143    
  62.700    0.119603    
  62.800    0.119064    
  62.900    0.118528    
  63.000    0.117994    
  63.100    0.117462    
  63.200    0.116932    
  63.300    0.116406    
  63.400    0.115882    
  63.500    0.115361    
  63.600    0.114844    
  63.700    0.114329    
  63.800    0.113818    
  63.900    0.113310    
  64.000    0.112805    
  64.100    0.112303    
  64.200    0.111804    
  64.300    0.111308    
  64.400    0.110814    
  64.500    0.110323    
  64.600    0.109834    
  64.700    0.109347    
  64.800    0.108861    
  64.900    0.108377    
  65.000    0.107894    
  65.100    0.107412    
  65.200    0.106930    
  65.300    0.106448    
  65.400    0.105966    
  65.500    0.105483    
  65.600    0.104999    
  65.700    0.104513    
  65.800    0.104025    
  65.900    0.103534    
  66.000    0.103040    
  66.100    0.102543    
  66.200    0.102043    
  66.300    0.101537    
  66.400    0.101027    
  66.500    0.100512    
  66.600    0.999911E-01
  66.700    0.994642E-01
  66.800    0.989307E-01
  66.900    0.983903E-01
  67.000    0.978426E-01
  67.100    0.972872E-01
  67.200    0.967237E-01
  67.300    0.961519E-01
  67.400    0.955713E-01
  67.500    0.949817E-01
  67.600    0.943828E-01
  67.700    0.937743E-01
  67.800    0.931559E-01
  67.900    0.925275E-01
  68.000    0.918888E-01
  68.100    0.912397E-01
  68.200    0.905801E-01
  68.300    0.899097E-01
  68.400    0.892286E-01
  68.500    0.885367E-01
  68.600    0.878338E-01
  68.700    0.871201E-01
  68.800    0.863955E-01
  68.900    0.856600E-01
  69.000    0.849138E-01
  69.100    0.841569E-01
  69.200    0.833895E-01
  69.300    0.826117E-01
  69.400    0.818236E-01
  69.500    0.810255E-01
  69.600    0.802175E-01
  69.700    0.794000E-01
  69.800    0.785732E-01
  69.900    0.777373E-01
  70.000    0.768927E-01
  70.100    0.760397E-01
  70.200    0.751786E-01
  70.300    0.743098E-01
  70.400    0.734337E-01
  70.500    0.725506E-01
  70.600    0.716610E-01
  70.700    0.707652E-01
  70.800    0.698636E-01
  70.900    0.689568E-01
  71.000    0.680451E-01
  71.100    0.671290E-01
  71.200    0.662089E-01
  71.300    0.652853E-01
  71.400    0.643586E-01
  71.500    0.634293E-01
  71.600    0.624977E-01
  71.700    0.615645E-01
  71.800    0.606299E-01
  71.900    0.596945E-01
  72.000    0.587587E-01
  72.100    0.578228E-01
  72.200    0.568874E-01
  72.300    0.559528E-01
  72.400    0.550194E-01
  72.500    0.540876E-01
  72.600    0.531577E-01
  72.700    0.522302E-01
  72.800    0.513053E-01
  72.900    0.503834E-01
  73.000    0.494647E-01
  73.100    0.485496E-01
  73.200    0.476384E-01
  73.300    0.467312E-01
  73.400    0.458283E-01
  73.500    0.449300E-01
  73.600    0.440363E-01
  73.700    0.431476E-01
  73.800    0.422638E-01
  73.900    0.413853E-01
  74.000    0.405119E-01
  74.100    0.396440E-01
  74.200    0.387814E-01
  74.300    0.379242E-01
  74.400    0.370726E-01
  74.500    0.362263E-01
  74.600    0.353855E-01
  74.700    0.345502E-01
  74.800    0.337201E-01
  74.900    0.328953E-01
  75.000    0.320756E-01
  75.100    0.312609E-01
  75.200    0.304511E-01
  75.300    0.296461E-01
  75.400    0.288455E-01
  75.500    0.280493E-01
  75.600    0.272573E-01
  75.700    0.264692E-01
  75.800    0.256847E-01
  75.900    0.249037E-01
  76.000    0.241259E-01
  76.100    0.233509E-01
  76.200    0.225786E-01
  76.300    0.218086E-01
  76.400    0.210406E-01
  76.500    0.202743E-01
  76.600    0.195094E-01
  76.700    0.187456E-01
  76.800    0.179825E-01
  76.900    0.172198E-01
  77.000    0.164573E-01
  77.100    0.156944E-01
  77.200    0.149311E-01
  77.300    0.141668E-01
  77.400    0.134012E-01
  77.500    0.126341E-01
  77.600    0.118652E-01
  77.700    0.110940E-01
  77.800    0.103203E-01
  77.900    0.954374E-02
  78.000    0.876408E-02
  78.100    0.798101E-02
  78.200    0.719423E-02
  78.300    0.640349E-02
  78.400    0.560851E-02
  78.500    0.480906E-02
  78.600    0.400487E-02
  78.700    0.319574E-02
  78.800    0.238145E-02
  78.900    0.156180E-02
  79.000    0.736605E-03
  79.100   -0.943048E-04
  79.200   -0.931083E-03
  79.300   -0.177387E-02
  79.400   -0.262279E-02
  79.500   -0.347794E-02
  79.600   -0.433942E-02
  79.700   -0.520730E-02
  79.800   -0.608164E-02
  79.900   -0.696247E-02
  80.000   -0.784981E-02
  80.100   -0.874368E-02
  80.200   -0.964406E-02
  80.300   -0.105509E-01
  80.400   -0.114642E-01
  80.500   -0.123838E-01
  80.600   -0.133098E-01
  80.700   -0.142419E-01
  80.800   -0.151801E-01
  80.900   -0.161242E-01
  81.000   -0.170741E-01
  81.100   -0.180297E-01
  81.200   -0.189907E-01
  81.300   -0.199569E-01
  81.400   -0.209283E-01
  81.500   -0.219044E-01
  81.600   -0.228852E-01
  81.700   -0.238703E-01
  81.800   -0.248595E-01
  81.900   -0.258525E-01
  82.000   -0.268491E-01
  82.100   -0.278490E-01
  82.200   -0.288517E-01
  82.300   -0.298572E-01
  82.400   -0.308649E-01
  82.500   -0.318747E-01
  82.600   -0.328861E-01
  82.700   -0.338988E-01
  82.800   -0.349125E-01
  82.900   -0.359269E-01
  83.000   -0.369415E-01
  83.100   -0.379560E-01
  83.200   -0.389701E-01
  83.300   -0.399833E-01
  83.400   -0.409954E-01
  83.500   -0.420060E-01
  83.600   -0.430146E-01
  83.700   -0.440210E-01
  83.800   -0.450247E-01
  83.900   -0.460255E-01
  84.000   -0.470229E-01
  84.100   -0.480166E-01
  84.200   -0.490062E-01
  84.300   -0.499915E-01
  84.400   -0.509720E-01
  84.500   -0.519474E-01
  84.600   -0.529175E-01
  84.700   -0.538818E-01
  84.800   -0.548401E-01
  84.900   -0.557921E-01
  85.000   -0.567375E-01
  85.100   -0.576759E-01
  85.200   -0.586072E-01
  85.300   -0.595311E-01
  85.400   -0.604472E-01
  85.500   -0.613554E-01
  85.600   -0.622554E-01
  85.700   -0.631471E-01
  85.800   -0.640301E-01
  85.900   -0.649043E-01
  86.000   -0.657696E-01
  86.100   -0.666257E-01
  86.200   -0.674725E-01
  86.300   -0.683098E-01
  86.400   -0.691375E-01
  86.500   -0.699556E-01
  86.600   -0.707638E-01
  86.700   -0.715622E-01
  86.800   -0.723505E-01
  86.900   -0.731289E-01
  87.000   -0.738971E-01
  87.100   -0.746552E-01
  87.200   -0.754031E-01
  87.300   -0.761409E-01
  87.400   -0.768685E-01
  87.500   -0.775860E-01
  87.600   -0.782933E-01
  87.700   -0.789906E-01
  87.800   -0.796779E-01
  87.900   -0.803551E-01
  88.000   -0.810225E-01
  88.100   -0.816801E-01
  88.200   -0.823280E-01
  88.300   -0.829664E-01
  88.400   -0.835952E-01
  88.500   -0.842147E-01
  88.600   -0.848251E-01
  88.700   -0.854264E-01
  88.800   -0.860188E-01
  88.900   -0.866025E-01
  89.000   -0.871777E-01
  89.100   -0.877446E-01
  89.200   -0.883033E-01
  89.300   -0.888540E-01
  89.400   -0.893970E-01
  89.500   -0.899325E-01
  89.600   -0.904606E-01
  89.700   -0.909817E-01
  89.800   -0.914960E-01
  89.900   -0.920036E-01
  90.000   -0.925048E-01
  90.100   -0.929999E-01
  90.200   -0.934890E-01
  90.300   -0.939726E-01
  90.400   -0.944507E-01
  90.500   -0.949236E-01
  90.600   -0.953917E-01
  90.700   -0.958551E-01
  90.800   -0.963141E-01
  90.900   -0.967689E-01
  91.000   -0.972199E-01
  91.100   -0.976672E-01
  91.200   -0.981110E-01
  91.300   -0.985518E-01
  91.400   -0.989895E-01
  91.500   -0.994246E-01
  91.600   -0.998573E-01
  91.700   -0.100288    
  91.800   -0.100716    
  91.900   -0.101143    
  92.000   -0.101568    
  92.100   -0.101992    
  92.200   -0.102414    
  92.300   -0.102836    
  92.400   -0.103257    
  92.500   -0.103677    
  92.600   -0.104097    
  92.700   -0.104517    
  92.800   -0.104937    
  92.900   -0.105357    
  93.000   -0.105777    
  93.100   -0.106198    
  93.200   -0.106619    
  93.300   -0.107040    
  93.400   -0.107463    
  93.500   -0.107887    
  93.600   -0.108311    
  93.700   -0.108736    
  93.800   -0.109163    
  93.900   -0.109591    
  94.000   -0.110020    
  94.100   -0.110451    
  94.200   -0.110883    
  94.300   -0.111316    
  94.400   -0.111751    
  94.500   -0.112187    
  94.600   -0.112624    
  94.700   -0.113064    
  94.800   -0.113504    
  94.900   -0.113946    
  95.000   -0.114389    
  95.100   -0.114834    
  95.200   -0.115280    
  95.300   -0.115727    
  95.400   -0.116175    
  95.500   -0.116624    
  95.600   -0.117074    
  95.700   -0.117526    
  95.800   -0.117977    
  95.900   -0.118430    
  96.000   -0.118883    
  96.100   -0.119336    
  96.200   -0.119790    
  96.300   -0.120244    
  96.400   -0.120698    
  96.500   -0.121151    
  96.600   -0.121605    
  96.700   -0.122057    
  96.800   -0.122509    
  96.900   -0.122960    
  97.000   -0.123410    
  97.100   -0.123859    
  97.200   -0.124306    
  97.300   -0.124752    
  97.400   -0.125195    
  97.500   -0.125637    
  97.600   -0.126076    
  97.700   -0.126513    
  97.800   -0.126947    
  97.900   -0.127377    
  98.000   -0.127805    
  98.100   -0.128229    
  98.200   -0.128649    
  98.300   -0.129065    
  98.400   -0.129478    
  98.500   -0.129885    
  98.600   -0.130288    
  98.700   -0.130686    
  98.800   -0.131079    
  98.900   -0.131466    
  99.000   -0.131848    
  99.100   -0.132223    
  99.200   -0.132593    
  99.300   -0.132956    
  99.400   -0.133312    
  99.500   -0.133662    
  99.600   -0.134004    
  99.700   -0.134339    
  99.800   -0.134666    
  99.900   -0.134985    
 100.000   -0.135296    
 100.100   -0.135599    
 100.200   -0.135893    
 100.300   -0.136178    
 100.400   -0.136455    
 100.500   -0.136722    
 100.600   -0.136979    
 100.700   -0.137227    
 100.800   -0.137465    
 100.900   -0.137693    
 101.000   -0.137910    
 101.100   -0.138117    
 101.200   -0.138314    
 101.300   -0.138499    
 101.400   -0.138674    
 101.500   -0.138837    
 101.600   -0.138989    
 101.700   -0.139129    
 101.800   -0.139258    
 101.900   -0.139375    
 102.000   -0.139480    
 102.100   -0.139572    
 102.200   -0.139653    
 102.300   -0.139721    
 102.400   -0.139776    
 102.500   -0.139819    
 102.600   -0.139849    
 102.700   -0.139867    
 102.800   -0.139871    
 102.900   -0.139862    
 103.000   -0.139841    
 103.100   -0.139806    
 103.200   -0.139758    
 103.300   -0.139697    
 103.400   -0.139622    
 103.500   -0.139534    
 103.600   -0.139432    
 103.700   -0.139318    
 103.800   -0.139189    
 103.900   -0.139047    
 104.000   -0.138892    
 104.100   -0.138723    
 104.200   -0.138541    
 104.300   -0.138345    
 104.400   -0.138136    
 104.500   -0.137913    
 104.600   -0.137676    
 104.700   -0.137427    
 104.800   -0.137164    
 104.900   -0.136888    
 105.000   -0.136598    
 105.100   -0.136295    
 105.200   -0.135979    
 105.300   -0.135650    
 105.400   -0.135308    
 105.500   -0.134954    
 105.600   -0.134586    
 105.700   -0.134206    
 105.800   -0.133813    
 105.900   -0.133407    
 106.000   -0.132989    
 106.100   -0.132559    
 106.200   -0.132117    
 106.300   -0.131663    
 106.400   -0.131196    
 106.500   -0.130718    
 106.600   -0.130229    
 106.700   -0.129728    
 106.800   -0.129215    
 106.900   -0.128692    
 107.000   -0.128157    
 107.100   -0.127611    
 107.200   -0.127055    
 107.300   -0.126488    
 107.400   -0.125911    
 107.500   -0.125324    
 107.600   -0.124726    
 107.700   -0.124119    
 107.800   -0.123502    
 107.900   -0.122876    
 108.000   -0.122240    
 108.100   -0.121596    
 108.200   -0.120942    
 108.300   -0.120280    
 108.400   -0.119609    
 108.500   -0.118930    
 108.600   -0.118243    
 108.700   -0.117548    
 108.800   -0.116845    
 108.900   -0.116135    
 109.000   -0.115417    
 109.100   -0.114693    
 109.200   -0.113961    
 109.300   -0.113223    
 109.400   -0.112478    
 109.500   -0.111727    
 109.600   -0.110971    
 109.700   -0.110208    
 109.800   -0.109440    
 109.900   -0.108666    
 110.000   -0.107887    
 110.100   -0.107104    
 110.200   -0.106315    
 110.300   -0.105522    
 110.400   -0.104725    
 110.500   -0.103923    
 110.600   -0.103118    
 110.700   -0.102309    
 110.800   -0.101496    
 110.900   -0.100680    
 111.000   -0.998615E-01
 111.100   -0.990398E-01
 111.200   -0.982154E-01
 111.300   -0.973885E-01
 111.400   -0.965593E-01
 111.500   -0.957281E-01
 111.600   -0.948951E-01
 111.700   -0.940604E-01
 111.800   -0.932242E-01
 111.900   -0.923867E-01
 112.000   -0.915482E-01
 112.100   -0.907088E-01
 112.200   -0.898686E-01
 112.300   -0.890280E-01
 112.400   -0.881870E-01
 112.500   -0.873459E-01
 112.600   -0.865047E-01
 112.700   -0.856638E-01
 112.800   -0.848233E-01
 112.900   -0.839833E-01
 113.000   -0.831440E-01
 113.100   -0.823056E-01
 113.200   -0.814682E-01
 113.300   -0.806321E-01
 113.400   -0.797973E-01
 113.500   -0.789640E-01
 113.600   -0.781325E-01
 113.700   -0.773027E-01
 113.800   -0.764749E-01
 113.900   -0.756493E-01
 114.000   -0.748259E-01
 114.100   -0.740049E-01
 114.200   -0.731865E-01
 114.300   -0.723708E-01
 114.400   -0.715578E-01
 114.500   -0.707478E-01
 114.600   -0.699409E-01
 114.700   -0.691372E-01
 114.800   -0.683367E-01
 114.900   -0.675397E-01
 115.000   -0.667463E-01
 115.100   -0.659564E-01
 115.200   -0.651704E-01
 115.300   -0.643882E-01
 115.400   -0.636100E-01
 115.500   -0.628359E-01
 115.600   -0.620659E-01
 115.700   -0.613002E-01
 115.800   -0.605388E-01
 115.900   -0.597819E-01
 116.000   -0.590295E-01
 116.100   -0.582818E-01
 116.200   -0.575387E-01
 116.300   -0.568004E-01
 116.400   -0.560669E-01
 116.500   -0.553384E-01
 116.600   -0.546148E-01
 116.700   -0.538963E-01
 116.800   -0.531829E-01
 116.900   -0.524747E-01
 117.000   -0.517717E-01
 117.100   -0.510740E-01
 117.200   -0.503817E-01
 117.300   -0.496948E-01
 117.400   -0.490133E-01
 117.500   -0.483372E-01
 117.600   -0.476668E-01
 117.700   -0.470019E-01
 117.800   -0.463426E-01
 117.900   -0.456889E-01
 118.000   -0.450410E-01
 118.100   -0.443987E-01
 118.200   -0.437622E-01
 118.300   -0.431315E-01
 118.400   -0.425066E-01
 118.500   -0.418874E-01
 118.600   -0.412742E-01
 118.700   -0.406667E-01
 118.800   -0.400652E-01
 118.900   -0.394695E-01
 119.000   -0.388797E-01
 119.100   -0.382959E-01
 119.200   -0.377179E-01
 119.300   -0.371459E-01
 119.400   -0.365798E-01
 119.500   -0.360196E-01
 119.600   -0.354654E-01
 119.700   -0.349171E-01
 119.800   -0.343747E-01
 119.900   -0.338382E-01
 120.000   -0.333077E-01
 120.100   -0.327830E-01
 120.200   -0.322643E-01
 120.300   -0.317514E-01
 120.400   -0.312445E-01
 120.500   -0.307434E-01
 120.600   -0.302481E-01
 120.700   -0.297587E-01
 120.800   -0.292750E-01
 120.900   -0.287972E-01
 121.000   -0.283252E-01
 121.100   -0.278589E-01
 121.200   -0.273983E-01
 121.300   -0.269435E-01
 121.400   -0.264943E-01
 121.500   -0.260508E-01
 121.600   -0.256129E-01
 121.700   -0.251806E-01
 121.800   -0.247538E-01
 121.900   -0.243327E-01
 122.000   -0.239170E-01
 122.100   -0.235068E-01
 122.200   -0.231020E-01
 122.300   -0.227027E-01
 122.400   -0.223087E-01
 122.500   -0.219201E-01
 122.600   -0.215368E-01
 122.700   -0.211587E-01
 122.800   -0.207859E-01
 122.900   -0.204183E-01
 123.000   -0.200558E-01
 123.100   -0.196984E-01
 123.200   -0.193462E-01
 123.300   -0.189989E-01
 123.400   -0.186567E-01
 123.500   -0.183194E-01
 123.600   -0.179870E-01
 123.700   -0.176595E-01
 123.800   -0.173368E-01
 123.900   -0.170189E-01
 124.000   -0.167057E-01
 124.100   -0.163972E-01
 124.200   -0.160934E-01
 124.300   -0.157942E-01
 124.400   -0.154995E-01
 124.500   -0.152094E-01
 124.600   -0.149238E-01
 124.700   -0.146426E-01
 124.800   -0.143657E-01
 124.900   -0.140932E-01
 125.000   -0.138250E-01
 125.100   -0.135611E-01
 125.200   -0.133013E-01
 125.300   -0.130457E-01
 125.400   -0.127943E-01
 125.500   -0.125468E-01
 125.600   -0.123035E-01
 125.700   -0.120640E-01
 125.800   -0.118285E-01
 125.900   -0.115969E-01
 126.000   -0.113692E-01
 126.100   -0.111452E-01
 126.200   -0.109249E-01
 126.300   -0.107084E-01
 126.400   -0.104955E-01
 126.500   -0.102863E-01
 126.600   -0.100806E-01
 126.700   -0.987837E-02
 126.800   -0.967966E-02
 126.900   -0.948438E-02
 127.000   -0.929248E-02
 127.100   -0.910393E-02
 127.200   -0.891867E-02
 127.300   -0.873666E-02
 127.400   -0.855787E-02
 127.500   -0.838224E-02
 127.600   -0.820973E-02
 127.700   -0.804031E-02
 127.800   -0.787392E-02
 127.900   -0.771053E-02
 128.000   -0.755009E-02
 128.100   -0.739256E-02
 128.200   -0.723790E-02
 128.300   -0.708607E-02
 128.400   -0.693703E-02
 128.500   -0.679073E-02
 128.600   -0.664714E-02
 128.700   -0.650622E-02
 128.800   -0.636793E-02
 128.900   -0.623222E-02
 129.000   -0.609906E-02
 129.100   -0.596841E-02
 129.200   -0.584023E-02
 129.300   -0.571449E-02
 129.400   -0.559114E-02
 129.500   -0.547015E-02
 129.600   -0.535148E-02
 129.700   -0.523510E-02
 129.800   -0.512097E-02
 129.900   -0.500904E-02
 130.000   -0.489930E-02
 130.100   -0.479170E-02
 130.200   -0.468621E-02
 130.300   -0.458279E-02
 130.400   -0.448141E-02
 130.500   -0.438204E-02
 130.600   -0.428464E-02
 130.700   -0.418918E-02
 130.800   -0.409563E-02
 130.900   -0.400395E-02
 131.000   -0.391411E-02
 131.100   -0.382609E-02
 131.200   -0.373985E-02
 131.300   -0.365536E-02
 131.400   -0.357259E-02
 131.500   -0.349151E-02
 131.600   -0.341210E-02
 131.700   -0.333431E-02
 131.800   -0.325813E-02
 131.900   -0.318352E-02
 132.000   -0.311046E-02
 132.100   -0.303892E-02
 132.200   -0.296887E-02
 132.300   -0.290029E-02
 132.400   -0.283315E-02
 132.500   -0.276742E-02
 132.600   -0.270307E-02
 132.700   -0.264009E-02
 132.800   -0.257845E-02
 132.900   -0.251811E-02
 133.000   -0.245907E-02
 133.100   -0.240129E-02
 133.200   -0.234474E-02
 133.300   -0.228942E-02
 133.400   -0.223529E-02
 133.500   -0.218233E-02
 133.600   -0.213051E-02
 133.700   -0.207983E-02
 133.800   -0.203025E-02
 133.900   -0.198175E-02
 134.000   -0.193432E-02
 134.100   -0.188793E-02
 134.200   -0.184257E-02
 134.300   -0.179820E-02
 134.400   -0.175482E-02
 134.500   -0.171240E-02
 134.600   -0.167093E-02
 134.700   -0.163038E-02
 134.800   -0.159074E-02
 134.900   -0.155199E-02
 135.000   -0.151411E-02
 135.100   -0.147708E-02
 135.200   -0.144090E-02
 135.300   -0.140553E-02
 135.400   -0.137096E-02
 135.500   -0.133718E-02
 135.600   -0.130417E-02
 135.700   -0.127192E-02
 135.800   -0.124040E-02
 135.900   -0.120961E-02
 136.000   -0.117953E-02
 136.100   -0.115015E-02
 136.200   -0.112144E-02
 136.300   -0.109340E-02
 136.400   -0.106601E-02
 136.500   -0.103926E-02
 136.600   -0.101314E-02
 136.700   -0.987621E-03
 136.800   -0.962705E-03
 136.900   -0.938375E-03
 137.000   -0.914618E-03
 137.100   -0.891422E-03
 137.200   -0.868775E-03
 137.300   -0.846665E-03
 137.400   -0.825081E-03
 137.500   -0.804010E-03
 137.600   -0.783443E-03
 137.700   -0.763367E-03
 137.800   -0.743773E-03
 137.900   -0.724650E-03
 138.000   -0.705986E-03
 138.100   -0.687773E-03
 138.200   -0.670000E-03
 138.300   -0.652658E-03
 138.400   -0.635737E-03
 138.500   -0.619227E-03
 138.600   -0.603119E-03
 138.700   -0.587405E-03
 138.800   -0.572075E-03
 138.900   -0.557122E-03
 139.000   -0.542535E-03
 139.100   -0.528308E-03
 139.200   -0.514431E-03
 139.300   -0.500898E-03
 139.400   -0.487699E-03
 139.500   -0.474828E-03
 139.600   -0.462277E-03
 139.700   -0.450038E-03
 139.800   -0.438105E-03
 139.900   -0.426470E-03
 140.000   -0.415127E-03
 140.100   -0.404068E-03
 140.200   -0.393287E-03
 140.300   -0.382778E-03
 140.400   -0.372534E-03
 140.500   -0.362549E-03
 140.600   -0.352817E-03
 140.700   -0.343332E-03
 140.800   -0.334088E-03
 140.900   -0.325080E-03
 141.000   -0.316301E-03
 141.100   -0.307746E-03
 141.200   -0.299411E-03
 141.300   -0.291290E-03
 141.400   -0.283377E-03
 141.500   -0.275668E-03
 141.600   -0.268157E-03
 141.700   -0.260841E-03
 141.800   -0.253714E-03
 141.900   -0.246772E-03
 142.000   -0.240010E-03
 142.100   -0.233424E-03
 142.200   -0.227009E-03
 142.300   -0.220762E-03
 142.400   -0.214678E-03
 142.500   -0.208754E-03
 142.600   -0.202985E-03
 142.700   -0.197367E-03
 142.800   -0.191898E-03
 142.900   -0.186572E-03
 143.000   -0.181388E-03
 143.100   -0.176340E-03
 143.200   -0.171426E-03
 143.300   -0.166643E-03
 143.400   -0.161986E-03
 143.500   -0.157454E-03
 143.600   -0.153042E-03
 143.700   -0.148749E-03
 143.800   -0.144570E-03
 143.900   -0.140503E-03
 144.000   -0.136545E-03
 144.100   -0.132694E-03
 144.200   -0.128946E-03
 144.300   -0.125300E-03
 144.400   -0.121752E-03
 144.500   -0.118299E-03
 144.600   -0.114941E-03
 144.700   -0.111673E-03
 144.800   -0.108494E-03
 144.900   -0.105402E-03
 145.000   -0.102394E-03
 145.100   -0.994682E-04
 145.200   -0.966223E-04
 145.300   -0.938543E-04
 145.400   -0.911622E-04
 145.500   -0.885440E-04
 145.600   -0.859977E-04
 145.700   -0.835217E-04
 145.800   -0.811139E-04
 145.900   -0.787726E-04
 146.000   -0.764960E-04
 146.100   -0.742825E-04
 146.200   -0.721304E-04
 146.300   -0.700381E-04
 146.400   -0.680041E-04
 146.500   -0.660266E-04
 146.600   -0.641044E-04
 146.700   -0.622358E-04
 146.800   -0.604195E-04
 146.900   -0.586541E-04
 147.000   -0.569383E-04
 147.100   -0.552706E-04
 147.200   -0.536498E-04
 147.300   -0.520748E-04
 147.400   -0.505441E-04
 147.500   -0.490567E-04
 147.600   -0.476113E-04
 147.700   -0.462069E-04
 147.800   -0.448424E-04
 147.900   -0.435166E-04
 148.000   -0.422285E-04
 148.100   -0.409771E-04
 148.200   -0.397613E-04
 148.300   -0.385803E-04
 148.400   -0.374331E-04
 148.500   -0.363187E-04
 148.600   -0.352362E-04
 148.700   -0.341849E-04
 148.800   -0.331637E-04
 148.900   -0.321719E-04
 149.000   -0.312087E-04
 149.100   -0.302733E-04
 149.200   -0.293650E-04
 149.300   -0.284829E-04
 149.400   -0.276263E-04
 149.500   -0.267946E-04
 149.600   -0.259871E-04
 149.700   -0.252030E-04
 149.800   -0.244417E-04
 149.900   -0.237027E-04
 & 
