#  1 Channels, Eigenvalue: 3 Energy:   0.3674
# J:1.50 parity:-1
 #  channel core Jc (l sn) jn
#  1 : 1 0.0 1 0.5 1.5
#  1 Channels, Eigenvalue: 3 Energy:   0.2306
# J:2.50 parity: 1
 #  channel core Jc (l sn) jn
#  1 : 1 0.0 2 0.5 2.5
#  1500 points
   0.000     0.00000    
   0.100    0.125128E-04
   0.200    0.850209E-04
   0.300    0.215321E-03
   0.400    0.327664E-03
   0.500    0.323367E-03
   0.600    0.156252E-03
   0.700   -0.123769E-03
   0.800   -0.392522E-03
   0.900   -0.525443E-03
   1.000   -0.474347E-03
   1.100   -0.297561E-03
   1.200   -0.126099E-03
   1.300   -0.891025E-04
   1.400   -0.243984E-03
   1.500   -0.549569E-03
   1.600   -0.892508E-03
   1.700   -0.114764E-02
   1.800   -0.123821E-02
   1.900   -0.116697E-02
   2.000   -0.100758E-02
   2.100   -0.865836E-03
   2.200   -0.831941E-03
   2.300   -0.945109E-03
   2.400   -0.118295E-02
   2.500   -0.147579E-02
   2.600   -0.173659E-02
   2.700   -0.189312E-02
   2.800   -0.191087E-02
   2.900   -0.180046E-02
   3.000   -0.160990E-02
   3.100   -0.140641E-02
   3.200   -0.125510E-02
   3.300   -0.120117E-02
   3.400   -0.125984E-02
   3.500   -0.141561E-02
   3.600   -0.162938E-02
   3.700   -0.185043E-02
   3.800   -0.202956E-02
   3.900   -0.213022E-02
   4.000   -0.213537E-02
   4.100   -0.204937E-02
   4.200   -0.189509E-02
   4.300   -0.170781E-02
   4.400   -0.152733E-02
   4.500   -0.139023E-02
   4.600   -0.132362E-02
   4.700   -0.134122E-02
   4.800   -0.144225E-02
   4.900   -0.161277E-02
   5.000   -0.182903E-02
   5.100   -0.206194E-02
   5.200   -0.228192E-02
   5.300   -0.246327E-02
   5.400   -0.258754E-02
   5.500   -0.264557E-02
   5.600   -0.263802E-02
   5.700   -0.257456E-02
   5.800   -0.247201E-02
   5.900   -0.235170E-02
   6.000   -0.223657E-02
   6.100   -0.214833E-02
   6.200   -0.210499E-02
   6.300   -0.211911E-02
   6.400   -0.219672E-02
   6.500   -0.233708E-02
   6.600   -0.253323E-02
   6.700   -0.277305E-02
   6.800   -0.304086E-02
   6.900   -0.331914E-02
   7.000   -0.359039E-02
   7.100   -0.383880E-02
   7.200   -0.405160E-02
   7.300   -0.422010E-02
   7.400   -0.434023E-02
   7.500   -0.441267E-02
   7.600   -0.444249E-02
   7.700   -0.443854E-02
   7.800   -0.441251E-02
   7.900   -0.437778E-02
   8.000   -0.434831E-02
   8.100   -0.433751E-02
   8.200   -0.435717E-02
   8.300   -0.441670E-02
   8.400   -0.452249E-02
   8.500   -0.467763E-02
   8.600   -0.488178E-02
   8.700   -0.513139E-02
   8.800   -0.542009E-02
   8.900   -0.573926E-02
   9.000   -0.607870E-02
   9.100   -0.642740E-02
   9.200   -0.677430E-02
   9.300   -0.710903E-02
   9.400   -0.742252E-02
   9.500   -0.770755E-02
   9.600   -0.795911E-02
   9.700   -0.817463E-02
   9.800   -0.835406E-02
   9.900   -0.849972E-02
  10.000   -0.861615E-02
  10.100   -0.870968E-02
  10.200   -0.878806E-02
  10.300   -0.885996E-02
  10.400   -0.893442E-02
  10.500   -0.902035E-02
  10.600   -0.912608E-02
  10.700   -0.925888E-02
  10.800   -0.942463E-02
  10.900   -0.962760E-02
  11.000   -0.987020E-02
  11.100   -0.101530E-01
  11.200   -0.104747E-01
  11.300   -0.108323E-01
  11.400   -0.112213E-01
  11.500   -0.116360E-01
  11.600   -0.120696E-01
  11.700   -0.125150E-01
  11.800   -0.129646E-01
  11.900   -0.134113E-01
  12.000   -0.138481E-01
  12.100   -0.142690E-01
  12.200   -0.146690E-01
  12.300   -0.150443E-01
  12.400   -0.153925E-01
  12.500   -0.157126E-01
  12.600   -0.160050E-01
  12.700   -0.162715E-01
  12.800   -0.165152E-01
  12.900   -0.167401E-01
  13.000   -0.169514E-01
  13.100   -0.171546E-01
  13.200   -0.173560E-01
  13.300   -0.175616E-01
  13.400   -0.177776E-01
  13.500   -0.180098E-01
  13.600   -0.182634E-01
  13.700   -0.185427E-01
  13.800   -0.188514E-01
  13.900   -0.191920E-01
  14.000   -0.195658E-01
  14.100   -0.199732E-01
  14.200   -0.204134E-01
  14.300   -0.208845E-01
  14.400   -0.213837E-01
  14.500   -0.219074E-01
  14.600   -0.224514E-01
  14.700   -0.230108E-01
  14.800   -0.235804E-01
  14.900   -0.241551E-01
  15.000   -0.247296E-01
  15.100   -0.252988E-01
  15.200   -0.258583E-01
  15.300   -0.264039E-01
  15.400   -0.269322E-01
  15.500   -0.274407E-01
  15.600   -0.279274E-01
  15.700   -0.283914E-01
  15.800   -0.288327E-01
  15.900   -0.292521E-01
  16.000   -0.296511E-01
  16.100   -0.300322E-01
  16.200   -0.303983E-01
  16.300   -0.307531E-01
  16.400   -0.311005E-01
  16.500   -0.314447E-01
  16.600   -0.317904E-01
  16.700   -0.321418E-01
  16.800   -0.325034E-01
  16.900   -0.328791E-01
  17.000   -0.332728E-01
  17.100   -0.336877E-01
  17.200   -0.341265E-01
  17.300   -0.345912E-01
  17.400   -0.350833E-01
  17.500   -0.356035E-01
  17.600   -0.361517E-01
  17.700   -0.367274E-01
  17.800   -0.373291E-01
  17.900   -0.379549E-01
  18.000   -0.386023E-01
  18.100   -0.392683E-01
  18.200   -0.399495E-01
  18.300   -0.406424E-01
  18.400   -0.413431E-01
  18.500   -0.420477E-01
  18.600   -0.427523E-01
  18.700   -0.434533E-01
  18.800   -0.441470E-01
  18.900   -0.448304E-01
  19.000   -0.455004E-01
  19.100   -0.461549E-01
  19.200   -0.467918E-01
  19.300   -0.474099E-01
  19.400   -0.480084E-01
  19.500   -0.485870E-01
  19.600   -0.491461E-01
  19.700   -0.496865E-01
  19.800   -0.502098E-01
  19.900   -0.507177E-01
  20.000   -0.512126E-01
  20.100   -0.516970E-01
  20.200   -0.521739E-01
  20.300   -0.526465E-01
  20.400   -0.531179E-01
  20.500   -0.535914E-01
  20.600   -0.540704E-01
  20.700   -0.545580E-01
  20.800   -0.550571E-01
  20.900   -0.555706E-01
  21.000   -0.561008E-01
  21.100   -0.566499E-01
  21.200   -0.572195E-01
  21.300   -0.578109E-01
  21.400   -0.584249E-01
  21.500   -0.590619E-01
  21.600   -0.597217E-01
  21.700   -0.604037E-01
  21.800   -0.611070E-01
  21.900   -0.618301E-01
  22.000   -0.625713E-01
  22.100   -0.633284E-01
  22.200   -0.640990E-01
  22.300   -0.648805E-01
  22.400   -0.656700E-01
  22.500   -0.664647E-01
  22.600   -0.672615E-01
  22.700   -0.680576E-01
  22.800   -0.688500E-01
  22.900   -0.696359E-01
  23.000   -0.704128E-01
  23.100   -0.711782E-01
  23.200   -0.719302E-01
  23.300   -0.726668E-01
  23.400   -0.733867E-01
  23.500   -0.740887E-01
  23.600   -0.747721E-01
  23.700   -0.754365E-01
  23.800   -0.760821E-01
  23.900   -0.767091E-01
  24.000   -0.773184E-01
  24.100   -0.779110E-01
  24.200   -0.784883E-01
  24.300   -0.790522E-01
  24.400   -0.796044E-01
  24.500   -0.801471E-01
  24.600   -0.806826E-01
  24.700   -0.812133E-01
  24.800   -0.817418E-01
  24.900   -0.822704E-01
  25.000   -0.828017E-01
  25.100   -0.833380E-01
  25.200   -0.838817E-01
  25.300   -0.844348E-01
  25.400   -0.849993E-01
  25.500   -0.855769E-01
  25.600   -0.861691E-01
  25.700   -0.867770E-01
  25.800   -0.874015E-01
  25.900   -0.880432E-01
  26.000   -0.887023E-01
  26.100   -0.893789E-01
  26.200   -0.900725E-01
  26.300   -0.907824E-01
  26.400   -0.915078E-01
  26.500   -0.922474E-01
  26.600   -0.929997E-01
  26.700   -0.937631E-01
  26.800   -0.945356E-01
  26.900   -0.953152E-01
  27.000   -0.960998E-01
  27.100   -0.968870E-01
  27.200   -0.976747E-01
  27.300   -0.984604E-01
  27.400   -0.992418E-01
  27.500   -0.100017    
  27.600   -0.100783    
  27.700   -0.101539    
  27.800   -0.102282    
  27.900   -0.103010    
  28.000   -0.103723    
  28.100   -0.104419    
  28.200   -0.105097    
  28.300   -0.105755    
  28.400   -0.106395    
  28.500   -0.107014    
  28.600   -0.107614    
  28.700   -0.108194    
  28.800   -0.108755    
  28.900   -0.109298    
  29.000   -0.109823    
  29.100   -0.110333    
  29.200   -0.110827    
  29.300   -0.111308    
  29.400   -0.111777    
  29.500   -0.112236    
  29.600   -0.112687    
  29.700   -0.113132    
  29.800   -0.113573    
  29.900   -0.114011    
  30.000   -0.114449    
  30.100   -0.114888    
  30.200   -0.115330    
  30.300   -0.115777    
  30.400   -0.116230    
  30.500   -0.116690    
  30.600   -0.117160    
  30.700   -0.117639    
  30.800   -0.118129    
  30.900   -0.118630    
  31.000   -0.119143    
  31.100   -0.119667    
  31.200   -0.120203    
  31.300   -0.120751    
  31.400   -0.121310    
  31.500   -0.121878    
  31.600   -0.122457    
  31.700   -0.123044    
  31.800   -0.123637    
  31.900   -0.124237    
  32.000   -0.124841    
  32.100   -0.125448    
  32.200   -0.126056    
  32.300   -0.126662    
  32.400   -0.127267    
  32.500   -0.127867    
  32.600   -0.128460    
  32.700   -0.129046    
  32.800   -0.129621    
  32.900   -0.130186    
  33.000   -0.130737    
  33.100   -0.131273    
  33.200   -0.131793    
  33.300   -0.132296    
  33.400   -0.132781    
  33.500   -0.133246    
  33.600   -0.133691    
  33.700   -0.134116    
  33.800   -0.134519    
  33.900   -0.134901    
  34.000   -0.135261    
  34.100   -0.135600    
  34.200   -0.135917    
  34.300   -0.136215    
  34.400   -0.136492    
  34.500   -0.136750    
  34.600   -0.136990    
  34.700   -0.137213    
  34.800   -0.137419    
  34.900   -0.137612    
  35.000   -0.137790    
  35.100   -0.137957    
  35.200   -0.138114    
  35.300   -0.138261    
  35.400   -0.138401    
  35.500   -0.138535    
  35.600   -0.138665    
  35.700   -0.138792    
  35.800   -0.138918    
  35.900   -0.139043    
  36.000   -0.139169    
  36.100   -0.139298    
  36.200   -0.139430    
  36.300   -0.139566    
  36.400   -0.139707    
  36.500   -0.139854    
  36.600   -0.140007    
  36.700   -0.140166    
  36.800   -0.140332    
  36.900   -0.140505    
  37.000   -0.140684    
  37.100   -0.140870    
  37.200   -0.141061    
  37.300   -0.141258    
  37.400   -0.141460    
  37.500   -0.141666    
  37.600   -0.141875    
  37.700   -0.142086    
  37.800   -0.142297    
  37.900   -0.142509    
  38.000   -0.142718    
  38.100   -0.142925    
  38.200   -0.143127    
  38.300   -0.143324    
  38.400   -0.143513    
  38.500   -0.143694    
  38.600   -0.143864    
  38.700   -0.144023    
  38.800   -0.144169    
  38.900   -0.144301    
  39.000   -0.144418    
  39.100   -0.144517    
  39.200   -0.144599    
  39.300   -0.144663    
  39.400   -0.144707    
  39.500   -0.144730    
  39.600   -0.144732    
  39.700   -0.144713    
  39.800   -0.144672    
  39.900   -0.144608    
  40.000   -0.144522    
  40.100   -0.144414    
  40.200   -0.144283    
  40.300   -0.144130    
  40.400   -0.143955    
  40.500   -0.143759    
  40.600   -0.143542    
  40.700   -0.143306    
  40.800   -0.143049    
  40.900   -0.142775    
  41.000   -0.142483    
  41.100   -0.142175    
  41.200   -0.141851    
  41.300   -0.141513    
  41.400   -0.141163    
  41.500   -0.140800    
  41.600   -0.140428    
  41.700   -0.140046    
  41.800   -0.139656    
  41.900   -0.139259    
  42.000   -0.138857    
  42.100   -0.138450    
  42.200   -0.138040    
  42.300   -0.137628    
  42.400   -0.137215    
  42.500   -0.136802    
  42.600   -0.136389    
  42.700   -0.135978    
  42.800   -0.135569    
  42.900   -0.135162    
  43.000   -0.134759    
  43.100   -0.134359    
  43.200   -0.133963    
  43.300   -0.133571    
  43.400   -0.133183    
  43.500   -0.132799    
  43.600   -0.132419    
  43.700   -0.132042    
  43.800   -0.131669    
  43.900   -0.131298    
  44.000   -0.130929    
  44.100   -0.130562    
  44.200   -0.130196    
  44.300   -0.129830    
  44.400   -0.129463    
  44.500   -0.129094    
  44.600   -0.128722    
  44.700   -0.128347    
  44.800   -0.127966    
  44.900   -0.127580    
  45.000   -0.127187    
  45.100   -0.126786    
  45.200   -0.126375    
  45.300   -0.125954    
  45.400   -0.125522    
  45.500   -0.125077    
  45.600   -0.124619    
  45.700   -0.124147    
  45.800   -0.123659    
  45.900   -0.123154    
  46.000   -0.122633    
  46.100   -0.122094    
  46.200   -0.121536    
  46.300   -0.120960    
  46.400   -0.120364    
  46.500   -0.119748    
  46.600   -0.119111    
  46.700   -0.118454    
  46.800   -0.117777    
  46.900   -0.117079    
  47.000   -0.116360    
  47.100   -0.115620    
  47.200   -0.114860    
  47.300   -0.114080    
  47.400   -0.113281    
  47.500   -0.112462    
  47.600   -0.111625    
  47.700   -0.110769    
  47.800   -0.109897    
  47.900   -0.109008    
  48.000   -0.108103    
  48.100   -0.107183    
  48.200   -0.106250    
  48.300   -0.105304    
  48.400   -0.104345    
  48.500   -0.103376    
  48.600   -0.102397    
  48.700   -0.101409    
  48.800   -0.100414    
  48.900   -0.994115E-01
  49.000   -0.984037E-01
  49.100   -0.973913E-01
  49.200   -0.963753E-01
  49.300   -0.953568E-01
  49.400   -0.943366E-01
  49.500   -0.933157E-01
  49.600   -0.922950E-01
  49.700   -0.912753E-01
  49.800   -0.902573E-01
  49.900   -0.892417E-01
  50.000   -0.882292E-01
  50.100   -0.872204E-01
  50.200   -0.862157E-01
  50.300   -0.852156E-01
  50.400   -0.842205E-01
  50.500   -0.832305E-01
  50.600   -0.822460E-01
  50.700   -0.812671E-01
  50.800   -0.802938E-01
  50.900   -0.793261E-01
  51.000   -0.783639E-01
  51.100   -0.774070E-01
  51.200   -0.764551E-01
  51.300   -0.755081E-01
  51.400   -0.745655E-01
  51.500   -0.736268E-01
  51.600   -0.726916E-01
  51.700   -0.717593E-01
  51.800   -0.708293E-01
  51.900   -0.699010E-01
  52.000   -0.689737E-01
  52.100   -0.680466E-01
  52.200   -0.671190E-01
  52.300   -0.661901E-01
  52.400   -0.652592E-01
  52.500   -0.643254E-01
  52.600   -0.633878E-01
  52.700   -0.624457E-01
  52.800   -0.614982E-01
  52.900   -0.605445E-01
  53.000   -0.595838E-01
  53.100   -0.586154E-01
  53.200   -0.576383E-01
  53.300   -0.566520E-01
  53.400   -0.556557E-01
  53.500   -0.546487E-01
  53.600   -0.536305E-01
  53.700   -0.526003E-01
  53.800   -0.515578E-01
  53.900   -0.505023E-01
  54.000   -0.494336E-01
  54.100   -0.483511E-01
  54.200   -0.472547E-01
  54.300   -0.461440E-01
  54.400   -0.450189E-01
  54.500   -0.438793E-01
  54.600   -0.427250E-01
  54.700   -0.415561E-01
  54.800   -0.403727E-01
  54.900   -0.391750E-01
  55.000   -0.379630E-01
  55.100   -0.367371E-01
  55.200   -0.354976E-01
  55.300   -0.342449E-01
  55.400   -0.329795E-01
  55.500   -0.317018E-01
  55.600   -0.304123E-01
  55.700   -0.291118E-01
  55.800   -0.278008E-01
  55.900   -0.264801E-01
  56.000   -0.251503E-01
  56.100   -0.238122E-01
  56.200   -0.224667E-01
  56.300   -0.211146E-01
  56.400   -0.197567E-01
  56.500   -0.183938E-01
  56.600   -0.170270E-01
  56.700   -0.156570E-01
  56.800   -0.142849E-01
  56.900   -0.129114E-01
  57.000   -0.115375E-01
  57.100   -0.101642E-01
  57.200   -0.879226E-02
  57.300   -0.742260E-02
  57.400   -0.605609E-02
  57.500   -0.469355E-02
  57.600   -0.333579E-02
  57.700   -0.198361E-02
  57.800   -0.637754E-03
  57.900    0.701071E-03
  58.000    0.203219E-02
  58.100    0.335496E-02
  58.200    0.466879E-02
  58.300    0.597315E-02
  58.400    0.726753E-02
  58.500    0.855149E-02
  58.600    0.982463E-02
  58.700    0.110866E-01
  58.800    0.123371E-01
  58.900    0.135760E-01
  59.000    0.148029E-01
  59.100    0.160179E-01
  59.200    0.172208E-01
  59.300    0.184116E-01
  59.400    0.195903E-01
  59.500    0.207570E-01
  59.600    0.219119E-01
  59.700    0.230551E-01
  59.800    0.241869E-01
  59.900    0.253075E-01
  60.000    0.264172E-01
  60.100    0.275165E-01
  60.200    0.286057E-01
  60.300    0.296852E-01
  60.400    0.307555E-01
  60.500    0.318171E-01
  60.600    0.328706E-01
  60.700    0.339165E-01
  60.800    0.349553E-01
  60.900    0.359876E-01
  61.000    0.370141E-01
  61.100    0.380354E-01
  61.200    0.390520E-01
  61.300    0.400647E-01
  61.400    0.410740E-01
  61.500    0.420805E-01
  61.600    0.430850E-01
  61.700    0.440880E-01
  61.800    0.450900E-01
  61.900    0.460918E-01
  62.000    0.470938E-01
  62.100    0.480967E-01
  62.200    0.491009E-01
  62.300    0.501069E-01
  62.400    0.511152E-01
  62.500    0.521263E-01
  62.600    0.531405E-01
  62.700    0.541583E-01
  62.800    0.551799E-01
  62.900    0.562057E-01
  63.000    0.572360E-01
  63.100    0.582708E-01
  63.200    0.593105E-01
  63.300    0.603551E-01
  63.400    0.614048E-01
  63.500    0.624596E-01
  63.600    0.635194E-01
  63.700    0.645843E-01
  63.800    0.656541E-01
  63.900    0.667287E-01
  64.000    0.678080E-01
  64.100    0.688917E-01
  64.200    0.699795E-01
  64.300    0.710712E-01
  64.400    0.721665E-01
  64.500    0.732648E-01
  64.600    0.743658E-01
  64.700    0.754691E-01
  64.800    0.765742E-01
  64.900    0.776805E-01
  65.000    0.787875E-01
  65.100    0.798945E-01
  65.200    0.810011E-01
  65.300    0.821066E-01
  65.400    0.832102E-01
  65.500    0.843114E-01
  65.600    0.854095E-01
  65.700    0.865037E-01
  65.800    0.875934E-01
  65.900    0.886778E-01
  66.000    0.897562E-01
  66.100    0.908279E-01
  66.200    0.918921E-01
  66.300    0.929481E-01
  66.400    0.939952E-01
  66.500    0.950326E-01
  66.600    0.960597E-01
  66.700    0.970758E-01
  66.800    0.980801E-01
  66.900    0.990720E-01
  67.000    0.100051    
  67.100    0.101016    
  67.200    0.101967    
  67.300    0.102903    
  67.400    0.103823    
  67.500    0.104728    
  67.600    0.105616    
  67.700    0.106487    
  67.800    0.107341    
  67.900    0.108177    
  68.000    0.108994    
  68.100    0.109793    
  68.200    0.110574    
  68.300    0.111335    
  68.400    0.112077    
  68.500    0.112800    
  68.600    0.113503    
  68.700    0.114186    
  68.800    0.114849    
  68.900    0.115492    
  69.000    0.116116    
  69.100    0.116719    
  69.200    0.117303    
  69.300    0.117868    
  69.400    0.118412    
  69.500    0.118937    
  69.600    0.119444    
  69.700    0.119931    
  69.800    0.120399    
  69.900    0.120850    
  70.000    0.121282    
  70.100    0.121697    
  70.200    0.122094    
  70.300    0.122474    
  70.400    0.122838    
  70.500    0.123186    
  70.600    0.123519    
  70.700    0.123836    
  70.800    0.124139    
  70.900    0.124428    
  71.000    0.124703    
  71.100    0.124965    
  71.200    0.125215    
  71.300    0.125452    
  71.400    0.125679    
  71.500    0.125894    
  71.600    0.126099    
  71.700    0.126295    
  71.800    0.126481    
  71.900    0.126658    
  72.000    0.126827    
  72.100    0.126989    
  72.200    0.127143    
  72.300    0.127290    
  72.400    0.127432    
  72.500    0.127567    
  72.600    0.127697    
  72.700    0.127822    
  72.800    0.127943    
  72.900    0.128059    
  73.000    0.128172    
  73.100    0.128281    
  73.200    0.128387    
  73.300    0.128490    
  73.400    0.128590    
  73.500    0.128688    
  73.600    0.128783    
  73.700    0.128877    
  73.800    0.128968    
  73.900    0.129058    
  74.000    0.129146    
  74.100    0.129232    
  74.200    0.129317    
  74.300    0.129400    
  74.400    0.129481    
  74.500    0.129560    
  74.600    0.129638    
  74.700    0.129713    
  74.800    0.129787    
  74.900    0.129858    
  75.000    0.129927    
  75.100    0.129992    
  75.200    0.130055    
  75.300    0.130115    
  75.400    0.130171    
  75.500    0.130224    
  75.600    0.130272    
  75.700    0.130315    
  75.800    0.130354    
  75.900    0.130387    
  76.000    0.130415    
  76.100    0.130436    
  76.200    0.130451    
  76.300    0.130459    
  76.400    0.130459    
  76.500    0.130451    
  76.600    0.130435    
  76.700    0.130410    
  76.800    0.130376    
  76.900    0.130331    
  77.000    0.130276    
  77.100    0.130211    
  77.200    0.130133    
  77.300    0.130044    
  77.400    0.129943    
  77.500    0.129829    
  77.600    0.129701    
  77.700    0.129559    
  77.800    0.129404    
  77.900    0.129233    
  78.000    0.129047    
  78.100    0.128846    
  78.200    0.128628    
  78.300    0.128394    
  78.400    0.128144    
  78.500    0.127876    
  78.600    0.127590    
  78.700    0.127287    
  78.800    0.126965    
  78.900    0.126625    
  79.000    0.126267    
  79.100    0.125889    
  79.200    0.125492    
  79.300    0.125075    
  79.400    0.124639    
  79.500    0.124183    
  79.600    0.123707    
  79.700    0.123211    
  79.800    0.122694    
  79.900    0.122158    
  80.000    0.121601    
  80.100    0.121024    
  80.200    0.120427    
  80.300    0.119810    
  80.400    0.119172    
  80.500    0.118515    
  80.600    0.117837    
  80.700    0.117140    
  80.800    0.116423    
  80.900    0.115687    
  81.000    0.114931    
  81.100    0.114156    
  81.200    0.113363    
  81.300    0.112551    
  81.400    0.111720    
  81.500    0.110872    
  81.600    0.110006    
  81.700    0.109123    
  81.800    0.108224    
  81.900    0.107307    
  82.000    0.106375    
  82.100    0.105427    
  82.200    0.104464    
  82.300    0.103486    
  82.400    0.102494    
  82.500    0.101488    
  82.600    0.100468    
  82.700    0.994360E-01
  82.800    0.983914E-01
  82.900    0.973349E-01
  83.000    0.962671E-01
  83.100    0.951885E-01
  83.200    0.940996E-01
  83.300    0.930009E-01
  83.400    0.918930E-01
  83.500    0.907764E-01
  83.600    0.896516E-01
  83.700    0.885192E-01
  83.800    0.873797E-01
  83.900    0.862337E-01
  84.000    0.850816E-01
  84.100    0.839240E-01
  84.200    0.827614E-01
  84.300    0.815944E-01
  84.400    0.804233E-01
  84.500    0.792488E-01
  84.600    0.780712E-01
  84.700    0.768912E-01
  84.800    0.757091E-01
  84.900    0.745254E-01
  85.000    0.733406E-01
  85.100    0.721551E-01
  85.200    0.709693E-01
  85.300    0.697836E-01
  85.400    0.685984E-01
  85.500    0.674142E-01
  85.600    0.662312E-01
  85.700    0.650498E-01
  85.800    0.638704E-01
  85.900    0.626932E-01
  86.000    0.615186E-01
  86.100    0.603469E-01
  86.200    0.591782E-01
  86.300    0.580130E-01
  86.400    0.568513E-01
  86.500    0.556934E-01
  86.600    0.545395E-01
  86.700    0.533898E-01
  86.800    0.522445E-01
  86.900    0.511036E-01
  87.000    0.499673E-01
  87.100    0.488357E-01
  87.200    0.477089E-01
  87.300    0.465869E-01
  87.400    0.454699E-01
  87.500    0.443578E-01
  87.600    0.432506E-01
  87.700    0.421484E-01
  87.800    0.410512E-01
  87.900    0.399588E-01
  88.000    0.388713E-01
  88.100    0.377886E-01
  88.200    0.367105E-01
  88.300    0.356371E-01
  88.400    0.345682E-01
  88.500    0.335036E-01
  88.600    0.324433E-01
  88.700    0.313870E-01
  88.800    0.303347E-01
  88.900    0.292861E-01
  89.000    0.282411E-01
  89.100    0.271994E-01
  89.200    0.261608E-01
  89.300    0.251252E-01
  89.400    0.240923E-01
  89.500    0.230619E-01
  89.600    0.220337E-01
  89.700    0.210075E-01
  89.800    0.199830E-01
  89.900    0.189600E-01
  90.000    0.179382E-01
  90.100    0.169173E-01
  90.200    0.158971E-01
  90.300    0.148772E-01
  90.400    0.138575E-01
  90.500    0.128376E-01
  90.600    0.118172E-01
  90.700    0.107961E-01
  90.800    0.977400E-02
  90.900    0.875058E-02
  91.000    0.772558E-02
  91.100    0.669874E-02
  91.200    0.566976E-02
  91.300    0.463840E-02
  91.400    0.360437E-02
  91.500    0.256742E-02
  91.600    0.152730E-02
  91.700    0.483750E-03
  91.800   -0.563469E-03
  91.900   -0.161459E-02
  92.000   -0.266985E-02
  92.100   -0.372947E-02
  92.200   -0.479366E-02
  92.300   -0.586262E-02
  92.400   -0.693655E-02
  92.500   -0.801563E-02
  92.600   -0.910005E-02
  92.700   -0.101900E-01
  92.800   -0.112855E-01
  92.900   -0.123869E-01
  93.000   -0.134941E-01
  93.100   -0.146075E-01
  93.200   -0.157269E-01
  93.300   -0.168527E-01
  93.400   -0.179847E-01
  93.500   -0.191232E-01
  93.600   -0.202681E-01
  93.700   -0.214195E-01
  93.800   -0.225774E-01
  93.900   -0.237420E-01
  94.000   -0.249130E-01
  94.100   -0.260906E-01
  94.200   -0.272748E-01
  94.300   -0.284654E-01
  94.400   -0.296625E-01
  94.500   -0.308659E-01
  94.600   -0.320757E-01
  94.700   -0.332917E-01
  94.800   -0.345138E-01
  94.900   -0.357418E-01
  95.000   -0.369758E-01
  95.100   -0.382154E-01
  95.200   -0.394606E-01
  95.300   -0.407112E-01
  95.400   -0.419670E-01
  95.500   -0.432279E-01
  95.600   -0.444935E-01
  95.700   -0.457637E-01
  95.800   -0.470383E-01
  95.900   -0.483170E-01
  96.000   -0.495995E-01
  96.100   -0.508856E-01
  96.200   -0.521751E-01
  96.300   -0.534676E-01
  96.400   -0.547628E-01
  96.500   -0.560605E-01
  96.600   -0.573602E-01
  96.700   -0.586618E-01
  96.800   -0.599648E-01
  96.900   -0.612689E-01
  97.000   -0.625737E-01
  97.100   -0.638790E-01
  97.200   -0.651843E-01
  97.300   -0.664892E-01
  97.400   -0.677934E-01
  97.500   -0.690966E-01
  97.600   -0.703982E-01
  97.700   -0.716979E-01
  97.800   -0.729954E-01
  97.900   -0.742901E-01
  98.000   -0.755817E-01
  98.100   -0.768698E-01
  98.200   -0.781540E-01
  98.300   -0.794338E-01
  98.400   -0.807088E-01
  98.500   -0.819786E-01
  98.600   -0.832427E-01
  98.700   -0.845008E-01
  98.800   -0.857524E-01
  98.900   -0.869971E-01
  99.000   -0.882344E-01
  99.100   -0.894639E-01
  99.200   -0.906853E-01
  99.300   -0.918980E-01
  99.400   -0.931016E-01
  99.500   -0.942958E-01
  99.600   -0.954801E-01
  99.700   -0.966541E-01
  99.800   -0.978173E-01
  99.900   -0.989694E-01
 100.000   -0.100110    
 100.100   -0.101239    
 100.200   -0.102355    
 100.300   -0.103458    
 100.400   -0.104549    
 100.500   -0.105626    
 100.600   -0.106689    
 100.700   -0.107738    
 100.800   -0.108772    
 100.900   -0.109791    
 101.000   -0.110795    
 101.100   -0.111783    
 101.200   -0.112755    
 101.300   -0.113711    
 101.400   -0.114650    
 101.500   -0.115572    
 101.600   -0.116478    
 101.700   -0.117365    
 101.800   -0.118235    
 101.900   -0.119086    
 102.000   -0.119919    
 102.100   -0.120734    
 102.200   -0.121529    
 102.300   -0.122306    
 102.400   -0.123063    
 102.500   -0.123800    
 102.600   -0.124518    
 102.700   -0.125216    
 102.800   -0.125893    
 102.900   -0.126550    
 103.000   -0.127187    
 103.100   -0.127803    
 103.200   -0.128398    
 103.300   -0.128972    
 103.400   -0.129525    
 103.500   -0.130057    
 103.600   -0.130568    
 103.700   -0.131057    
 103.800   -0.131524    
 103.900   -0.131970    
 104.000   -0.132395    
 104.100   -0.132797    
 104.200   -0.133178    
 104.300   -0.133537    
 104.400   -0.133875    
 104.500   -0.134190    
 104.600   -0.134484    
 104.700   -0.134755    
 104.800   -0.135005    
 104.900   -0.135233    
 105.000   -0.135440    
 105.100   -0.135625    
 105.200   -0.135788    
 105.300   -0.135929    
 105.400   -0.136049    
 105.500   -0.136147    
 105.600   -0.136224    
 105.700   -0.136280    
 105.800   -0.136315    
 105.900   -0.136329    
 106.000   -0.136321    
 106.100   -0.136293    
 106.200   -0.136245    
 106.300   -0.136176    
 106.400   -0.136086    
 106.500   -0.135977    
 106.600   -0.135847    
 106.700   -0.135697    
 106.800   -0.135528    
 106.900   -0.135340    
 107.000   -0.135132    
 107.100   -0.134905    
 107.200   -0.134659    
 107.300   -0.134395    
 107.400   -0.134112    
 107.500   -0.133811    
 107.600   -0.133492    
 107.700   -0.133156    
 107.800   -0.132802    
 107.900   -0.132430    
 108.000   -0.132042    
 108.100   -0.131637    
 108.200   -0.131216    
 108.300   -0.130778    
 108.400   -0.130325    
 108.500   -0.129855    
 108.600   -0.129371    
 108.700   -0.128871    
 108.800   -0.128357    
 108.900   -0.127828    
 109.000   -0.127284    
 109.100   -0.126727    
 109.200   -0.126156    
 109.300   -0.125572    
 109.400   -0.124975    
 109.500   -0.124364    
 109.600   -0.123742    
 109.700   -0.123107    
 109.800   -0.122460    
 109.900   -0.121802    
 110.000   -0.121132    
 110.100   -0.120452    
 110.200   -0.119760    
 110.300   -0.119058    
 110.400   -0.118347    
 110.500   -0.117625    
 110.600   -0.116894    
 110.700   -0.116154    
 110.800   -0.115405    
 110.900   -0.114647    
 111.000   -0.113881    
 111.100   -0.113107    
 111.200   -0.112325    
 111.300   -0.111536    
 111.400   -0.110740    
 111.500   -0.109937    
 111.600   -0.109128    
 111.700   -0.108312    
 111.800   -0.107490    
 111.900   -0.106663    
 112.000   -0.105830    
 112.100   -0.104993    
 112.200   -0.104150    
 112.300   -0.103303    
 112.400   -0.102452    
 112.500   -0.101597    
 112.600   -0.100738    
 112.700   -0.998751E-01
 112.800   -0.990095E-01
 112.900   -0.981410E-01
 113.000   -0.972698E-01
 113.100   -0.963962E-01
 113.200   -0.955205E-01
 113.300   -0.946428E-01
 113.400   -0.937635E-01
 113.500   -0.928827E-01
 113.600   -0.920008E-01
 113.700   -0.911179E-01
 113.800   -0.902343E-01
 113.900   -0.893501E-01
 114.000   -0.884658E-01
 114.100   -0.875813E-01
 114.200   -0.866971E-01
 114.300   -0.858132E-01
 114.400   -0.849299E-01
 114.500   -0.840474E-01
 114.600   -0.831659E-01
 114.700   -0.822855E-01
 114.800   -0.814066E-01
 114.900   -0.805292E-01
 115.000   -0.796537E-01
 115.100   -0.787800E-01
 115.200   -0.779085E-01
 115.300   -0.770392E-01
 115.400   -0.761725E-01
 115.500   -0.753083E-01
 115.600   -0.744470E-01
 115.700   -0.735886E-01
 115.800   -0.727333E-01
 115.900   -0.718813E-01
 116.000   -0.710327E-01
 116.100   -0.701877E-01
 116.200   -0.693463E-01
 116.300   -0.685088E-01
 116.400   -0.676752E-01
 116.500   -0.668457E-01
 116.600   -0.660205E-01
 116.700   -0.651995E-01
 116.800   -0.643830E-01
 116.900   -0.635711E-01
 117.000   -0.627638E-01
 117.100   -0.619613E-01
 117.200   -0.611637E-01
 117.300   -0.603710E-01
 117.400   -0.595835E-01
 117.500   -0.588011E-01
 117.600   -0.580239E-01
 117.700   -0.572521E-01
 117.800   -0.564857E-01
 117.900   -0.557248E-01
 118.000   -0.549694E-01
 118.100   -0.542197E-01
 118.200   -0.534757E-01
 118.300   -0.527374E-01
 118.400   -0.520050E-01
 118.500   -0.512785E-01
 118.600   -0.505579E-01
 118.700   -0.498433E-01
 118.800   -0.491348E-01
 118.900   -0.484323E-01
 119.000   -0.477360E-01
 119.100   -0.470459E-01
 119.200   -0.463619E-01
 119.300   -0.456842E-01
 119.400   -0.450128E-01
 119.500   -0.443477E-01
 119.600   -0.436889E-01
 119.700   -0.430365E-01
 119.800   -0.423904E-01
 119.900   -0.417507E-01
 120.000   -0.411175E-01
 120.100   -0.404907E-01
 120.200   -0.398703E-01
 120.300   -0.392563E-01
 120.400   -0.386488E-01
 120.500   -0.380478E-01
 120.600   -0.374532E-01
 120.700   -0.368651E-01
 120.800   -0.362835E-01
 120.900   -0.357083E-01
 121.000   -0.351395E-01
 121.100   -0.345772E-01
 121.200   -0.340213E-01
 121.300   -0.334719E-01
 121.400   -0.329288E-01
 121.500   -0.323922E-01
 121.600   -0.318619E-01
 121.700   -0.313380E-01
 121.800   -0.308204E-01
 121.900   -0.303092E-01
 122.000   -0.298042E-01
 122.100   -0.293056E-01
 122.200   -0.288131E-01
 122.300   -0.283269E-01
 122.400   -0.278469E-01
 122.500   -0.273731E-01
 122.600   -0.269054E-01
 122.700   -0.264437E-01
 122.800   -0.259882E-01
 122.900   -0.255387E-01
 123.000   -0.250952E-01
 123.100   -0.246577E-01
 123.200   -0.242260E-01
 123.300   -0.238003E-01
 123.400   -0.233805E-01
 123.500   -0.229664E-01
 123.600   -0.225581E-01
 123.700   -0.221556E-01
 123.800   -0.217587E-01
 123.900   -0.213675E-01
 124.000   -0.209818E-01
 124.100   -0.206018E-01
 124.200   -0.202272E-01
 124.300   -0.198581E-01
 124.400   -0.194945E-01
 124.500   -0.191362E-01
 124.600   -0.187832E-01
 124.700   -0.184355E-01
 124.800   -0.180931E-01
 124.900   -0.177558E-01
 125.000   -0.174237E-01
 125.100   -0.170967E-01
 125.200   -0.167747E-01
 125.300   -0.164577E-01
 125.400   -0.161456E-01
 125.500   -0.158384E-01
 125.600   -0.155361E-01
 125.700   -0.152385E-01
 125.800   -0.149457E-01
 125.900   -0.146576E-01
 126.000   -0.143741E-01
 126.100   -0.140952E-01
 126.200   -0.138208E-01
 126.300   -0.135509E-01
 126.400   -0.132855E-01
 126.500   -0.130244E-01
 126.600   -0.127676E-01
 126.700   -0.125152E-01
 126.800   -0.122669E-01
 126.900   -0.120229E-01
 127.000   -0.117829E-01
 127.100   -0.115471E-01
 127.200   -0.113153E-01
 127.300   -0.110874E-01
 127.400   -0.108635E-01
 127.500   -0.106434E-01
 127.600   -0.104272E-01
 127.700   -0.102147E-01
 127.800   -0.100060E-01
 127.900   -0.980095E-02
 128.000   -0.959953E-02
 128.100   -0.940168E-02
 128.200   -0.920736E-02
 128.300   -0.901652E-02
 128.400   -0.882911E-02
 128.500   -0.864509E-02
 128.600   -0.846441E-02
 128.700   -0.828701E-02
 128.800   -0.811286E-02
 128.900   -0.794191E-02
 129.000   -0.777411E-02
 129.100   -0.760941E-02
 129.200   -0.744777E-02
 129.300   -0.728914E-02
 129.400   -0.713349E-02
 129.500   -0.698076E-02
 129.600   -0.683090E-02
 129.700   -0.668389E-02
 129.800   -0.653967E-02
 129.900   -0.639819E-02
 130.000   -0.625943E-02
 130.100   -0.612333E-02
 130.200   -0.598985E-02
 130.300   -0.585896E-02
 130.400   -0.573061E-02
 130.500   -0.560475E-02
 130.600   -0.548136E-02
 130.700   -0.536039E-02
 130.800   -0.524180E-02
 130.900   -0.512555E-02
 131.000   -0.501161E-02
 131.100   -0.489993E-02
 131.200   -0.479048E-02
 131.300   -0.468322E-02
 131.400   -0.457811E-02
 131.500   -0.447512E-02
 131.600   -0.437421E-02
 131.700   -0.427535E-02
 131.800   -0.417850E-02
 131.900   -0.408362E-02
 132.000   -0.399069E-02
 132.100   -0.389967E-02
 132.200   -0.381052E-02
 132.300   -0.372321E-02
 132.400   -0.363771E-02
 132.500   -0.355399E-02
 132.600   -0.347201E-02
 132.700   -0.339175E-02
 132.800   -0.331317E-02
 132.900   -0.323624E-02
 133.000   -0.316094E-02
 133.100   -0.308723E-02
 133.200   -0.301508E-02
 133.300   -0.294447E-02
 133.400   -0.287536E-02
 133.500   -0.280774E-02
 133.600   -0.274156E-02
 133.700   -0.267681E-02
 133.800   -0.261345E-02
 133.900   -0.255147E-02
 134.000   -0.249083E-02
 134.100   -0.243151E-02
 134.200   -0.237349E-02
 134.300   -0.231673E-02
 134.400   -0.226122E-02
 134.500   -0.220693E-02
 134.600   -0.215384E-02
 134.700   -0.210191E-02
 134.800   -0.205115E-02
 134.900   -0.200150E-02
 135.000   -0.195297E-02
 135.100   -0.190552E-02
 135.200   -0.185913E-02
 135.300   -0.181378E-02
 135.400   -0.176945E-02
 135.500   -0.172612E-02
 135.600   -0.168378E-02
 135.700   -0.164239E-02
 135.800   -0.160194E-02
 135.900   -0.156242E-02
 136.000   -0.152379E-02
 136.100   -0.148606E-02
 136.200   -0.144918E-02
 136.300   -0.141316E-02
 136.400   -0.137797E-02
 136.500   -0.134358E-02
 136.600   -0.131000E-02
 136.700   -0.127720E-02
 136.800   -0.124515E-02
 136.900   -0.121386E-02
 137.000   -0.118330E-02
 137.100   -0.115345E-02
 137.200   -0.112431E-02
 137.300   -0.109585E-02
 137.400   -0.106806E-02
 137.500   -0.104093E-02
 137.600   -0.101444E-02
 137.700   -0.988583E-03
 137.800   -0.963339E-03
 137.900   -0.938697E-03
 138.000   -0.914645E-03
 138.100   -0.891168E-03
 138.200   -0.868255E-03
 138.300   -0.845893E-03
 138.400   -0.824071E-03
 138.500   -0.802775E-03
 138.600   -0.781995E-03
 138.700   -0.761719E-03
 138.800   -0.741936E-03
 138.900   -0.722634E-03
 139.000   -0.703804E-03
 139.100   -0.685434E-03
 139.200   -0.667515E-03
 139.300   -0.650035E-03
 139.400   -0.632986E-03
 139.500   -0.616357E-03
 139.600   -0.600139E-03
 139.700   -0.584322E-03
 139.800   -0.568897E-03
 139.900   -0.553856E-03
 140.000   -0.539189E-03
 140.100   -0.524889E-03
 140.200   -0.510945E-03
 140.300   -0.497351E-03
 140.400   -0.484098E-03
 140.500   -0.471178E-03
 140.600   -0.458583E-03
 140.700   -0.446306E-03
 140.800   -0.434340E-03
 140.900   -0.422677E-03
 141.000   -0.411309E-03
 141.100   -0.400231E-03
 141.200   -0.389434E-03
 141.300   -0.378913E-03
 141.400   -0.368661E-03
 141.500   -0.358672E-03
 141.600   -0.348939E-03
 141.700   -0.339456E-03
 141.800   -0.330217E-03
 141.900   -0.321216E-03
 142.000   -0.312448E-03
 142.100   -0.303907E-03
 142.200   -0.295587E-03
 142.300   -0.287483E-03
 142.400   -0.279590E-03
 142.500   -0.271903E-03
 142.600   -0.264417E-03
 142.700   -0.257126E-03
 142.800   -0.250026E-03
 142.900   -0.243113E-03
 143.000   -0.236381E-03
 143.100   -0.229827E-03
 143.200   -0.223445E-03
 143.300   -0.217232E-03
 143.400   -0.211183E-03
 143.500   -0.205295E-03
 143.600   -0.199563E-03
 143.700   -0.193983E-03
 143.800   -0.188552E-03
 143.900   -0.183266E-03
 144.000   -0.178121E-03
 144.100   -0.173114E-03
 144.200   -0.168241E-03
 144.300   -0.163499E-03
 144.400   -0.158884E-03
 144.500   -0.154394E-03
 144.600   -0.150024E-03
 144.700   -0.145773E-03
 144.800   -0.141637E-03
 144.900   -0.137613E-03
 145.000   -0.133698E-03
 145.100   -0.129890E-03
 145.200   -0.126185E-03
 145.300   -0.122581E-03
 145.400   -0.119076E-03
 145.500   -0.115667E-03
 145.600   -0.112350E-03
 145.700   -0.109125E-03
 145.800   -0.105989E-03
 145.900   -0.102939E-03
 146.000   -0.999727E-04
 146.100   -0.970884E-04
 146.200   -0.942838E-04
 146.300   -0.915569E-04
 146.400   -0.889055E-04
 146.500   -0.863278E-04
 146.600   -0.838217E-04
 146.700   -0.813853E-04
 146.800   -0.790169E-04
 146.900   -0.767146E-04
 147.000   -0.744766E-04
 147.100   -0.723013E-04
 147.200   -0.701870E-04
 147.300   -0.681321E-04
 147.400   -0.661349E-04
 147.500   -0.641940E-04
 147.600   -0.623078E-04
 147.700   -0.604748E-04
 147.800   -0.586936E-04
 147.900   -0.569629E-04
 148.000   -0.552812E-04
 148.100   -0.536473E-04
 148.200   -0.520598E-04
 148.300   -0.505175E-04
 148.400   -0.490191E-04
 148.500   -0.475635E-04
 148.600   -0.461495E-04
 148.700   -0.447760E-04
 148.800   -0.434418E-04
 148.900   -0.421459E-04
 149.000   -0.408873E-04
 149.100   -0.396648E-04
 149.200   -0.384776E-04
 149.300   -0.373246E-04
 149.400   -0.362049E-04
 149.500   -0.351175E-04
 149.600   -0.340617E-04
 149.700   -0.330364E-04
 149.800   -0.320409E-04
 149.900   -0.310744E-04
 & 
