          20  -2.2174252124597711        1.20000005    
          20   6.8150048590838739E-003   1.20000005    
          20   3.2748999911474924E-002   1.20000005    
          20  0.22530699124606862        1.20000005    
          20  0.56292328810702641        1.20000005    
          20   1.0891703035435516        1.20000005    
          20   1.8700119855340667        1.20000005    
          20   2.9382414059908393        1.20000005    
          20   4.3362546421539676        1.20000005    
          20   6.1755882962731663        1.20000005    
          20   8.6418139843780821        1.20000005    
          20   12.061375568559672        1.20000005    
          20   16.966430456369878        1.20000005    
          20   24.358761238441812        1.20000005    
          20   36.116085699523303        1.20000005    
          20   56.214879747954704        1.20000005    
          20   93.087348847855665        1.20000005    
          20   165.03594042872007        1.20000005    
          20   310.37948752106450        1.20000005    
          20   639.99732037244542        1.20000005    
          20   2.5695721471416654E-005   1.20000005    
          20   7.0726714439122942E-002   1.20000005    
          20  0.28710615986082960        1.20000005    
          20  0.66971634155321225        1.20000005    
          20   1.2826751560453551        1.20000005    
          20   2.0990856258413388        1.20000005    
          20   3.1459590450315624        1.20000005    
          20   4.4848718442642168        1.20000005    
          20   6.2110172018018792        1.20000005    
          20   8.4727066438898628        1.20000005    
          20   11.505178405313981        1.20000005    
          20   15.689389423885507        1.20000005    
          20   21.663951765244253        1.20000005    
          20   30.545227726331614        1.20000005    
          20   44.391832568253150        1.20000005    
          20   67.180455915453734        1.20000005    
          20   107.27630798508146        1.20000005    
          20   182.64673477246197        1.20000005    
          20   333.16441669931987        1.20000005    
          20   667.07633196195877        1.20000005    
