#Phase-shifts for J/pi=0.0+   Inc. chan.=  1 ql=  0
 0.100     -14.933       0.73849E-15
 0.401     -28.925       0.11858E-14
 0.702     -37.144      -0.31606E-14
 1.003     -43.208       0.30405E-16
 1.304     -48.055       0.44299E-15
 1.605     -52.101       0.92119E-15
 1.906     -55.576       0.25862E-14
 2.207     -58.623      -0.22340E-14
 2.508     -61.334       0.38424E-14
 2.809     -63.776      -0.14492E-14
 3.110     -65.997      -0.13197E-14
 3.411     -68.034       0.28363E-14
 3.712     -69.915      -0.11117E-14
 4.013     -71.661      -0.33175E-16
 4.314     -73.291       0.35322E-14
 4.615     -74.818      -0.33456E-15
 4.916     -76.256      -0.28040E-15
 5.217     -77.614       0.10512E-14
 5.518     -78.900      -0.60611E-15
 5.819     -80.121       0.52384E-14
 6.120     -81.284       0.36796E-14
 6.421     -82.394      -0.37711E-14
 6.722     -83.455      -0.40275E-15
 7.023     -84.472      -0.50273E-16
 7.324     -85.449      -0.14421E-14
 7.625     -86.387      -0.56157E-15
 7.926     -87.291       0.24956E-14
 8.227     -88.162      -0.62503E-15
 8.528     -89.003      -0.16352E-14
 8.829     -89.815      -0.31801E-14
 9.130      89.398       0.28738E-14
 9.431      88.637       0.64328E-15
 9.732      87.899       0.42758E-14
10.033      87.182      -0.39528E-15
10.334      86.487       0.21566E-14
10.635      85.810       0.17168E-14
10.936      85.153       0.31651E-14
11.237      84.512       0.30929E-14
11.538      83.889       0.17259E-14
11.839      83.281      -0.48012E-14
12.140      82.688      -0.19494E-14
12.441      82.110      -0.57689E-15
12.742      81.545      -0.46287E-14
13.043      80.993       0.98689E-16
13.344      80.454       0.12164E-14
13.645      79.927      -0.88243E-15
13.946      79.411       0.29609E-14
14.247      78.906       0.12380E-15
14.548      78.412      -0.83908E-15
14.849      77.928       0.82908E-15
15.150      77.454       0.91421E-15
15.451      76.989       0.42358E-15
15.752      76.533       0.76569E-15
16.053      76.086      -0.20535E-14
16.354      75.647      -0.30308E-14
16.655      75.216       0.18731E-14
16.956      74.794       0.25284E-15
17.257      74.379      -0.38556E-14
17.558      73.971       0.37667E-14
17.859      73.570       0.62765E-15
18.160      73.176       0.16250E-14
18.461      72.789       0.28475E-14
18.762      72.409      -0.16359E-14
19.063      72.034      -0.46899E-15
19.364      71.666      -0.60221E-16
19.665      71.303      -0.50071E-15
19.966      70.947      -0.87615E-15
20.267      70.596      -0.11712E-15
20.568      70.250       0.51683E-15
20.869      69.910      -0.89322E-15
21.170      69.574       0.12197E-14
21.471      69.244      -0.12369E-14
21.772      68.919       0.38291E-15
22.073      68.598       0.20642E-14
22.374      68.282      -0.24381E-14
22.675      67.970      -0.39108E-14
22.976      67.663      -0.17253E-14
23.277      67.360       0.91969E-15
23.578      67.061       0.15503E-14
23.879      66.767      -0.32592E-14
24.180      66.476      -0.22097E-14
24.481      66.189      -0.28026E-14
24.782      65.906       0.15404E-14
25.083      65.627       0.12620E-14
25.384      65.351      -0.26510E-14
25.685      65.079      -0.39305E-14
25.986      64.811       0.13511E-14
26.287      64.546       0.52130E-15
26.588      64.284       0.42131E-14
26.889      64.025       0.13330E-14
27.190      63.770      -0.21855E-14
27.491      63.517      -0.39444E-14
27.792      63.268      -0.20020E-14
28.093      63.022       0.31537E-14
28.394      62.778      -0.10068E-14
28.695      62.538       0.21804E-15
28.996      62.300      -0.84311E-15
29.297      62.065      -0.79693E-15
29.598      61.833       0.13139E-14
29.899      61.604      -0.38087E-14
30.201      61.377       0.23777E-14
30.502      61.152      -0.23312E-15
30.803      60.930      -0.48641E-15
31.104      60.711      -0.37892E-14
31.405      60.494      -0.50393E-14
31.706      60.279      -0.51848E-15
32.007      60.067      -0.60613E-15
32.308      59.857      -0.44998E-14
32.609      59.650      -0.44444E-15
32.910      59.444      -0.87040E-15
33.211      59.241      -0.91941E-15
33.512      59.039       0.88074E-15
33.813      58.840       0.19018E-14
34.114      58.643      -0.19597E-14
34.415      58.448      -0.11816E-14
34.716      58.255      -0.96596E-15
35.017      58.064      -0.39123E-14
35.318      57.875      -0.35883E-14
35.619      57.688       0.81973E-15
35.920      57.502       0.77436E-15
36.221      57.319      -0.77782E-15
36.522      57.137      -0.32558E-17
36.823      56.957       0.31320E-14
37.124      56.779       0.53170E-15
37.425      56.603       0.62974E-15
37.726      56.428       0.30253E-14
38.027      56.255      -0.56026E-15
38.328      56.083       0.36992E-14
38.629      55.913      -0.15473E-14
38.930      55.745      -0.14252E-14
39.231      55.578      -0.36334E-15
39.532      55.413       0.19531E-14
39.833      55.250      -0.33649E-14
40.134      55.088      -0.47037E-14
40.435      54.927       0.30129E-15
40.736      54.768      -0.31193E-14
41.037      54.610      -0.36720E-14
41.338      54.454      -0.13003E-14
41.639      54.299       0.34718E-14
41.940      54.145       0.10979E-16
42.241      53.993       0.21686E-14
42.542      53.842       0.30295E-14
42.843      53.693       0.25260E-14
43.144      53.545      -0.38721E-15
43.445      53.398      -0.19251E-14
43.746      53.252       0.32615E-14
44.047      53.108       0.14909E-14
44.348      52.964       0.33014E-14
44.649      52.822       0.31802E-14
44.950      52.682       0.25296E-15
45.251      52.542      -0.34870E-15
45.552      52.404      -0.11420E-14
45.853      52.266       0.11404E-14
46.154      52.130       0.15939E-14
46.455      51.995      -0.11665E-14
46.756      51.861       0.19764E-15
47.057      51.728       0.60002E-15
47.358      51.597      -0.83376E-15
47.659      51.466       0.38063E-14
47.960      51.336      -0.22469E-14
48.261      51.208      -0.46490E-14
48.562      51.080       0.12466E-15
48.863      50.954       0.94344E-16
49.164      50.828      -0.27306E-14
49.465      50.703       0.58613E-15
49.766      50.580       0.28818E-14
50.067      50.457       0.17031E-14
50.368      50.336      -0.11391E-16
50.669      50.215       0.51288E-15
50.970      50.095       0.11905E-14
51.271      49.976      -0.40985E-14
51.572      49.858      -0.41039E-16
51.873      49.741       0.45424E-16
52.174      49.625      -0.28628E-14
52.475      49.509       0.44365E-15
52.776      49.395       0.88320E-15
53.077      49.281      -0.40428E-14
53.378      49.168       0.11311E-14
53.679      49.056       0.61167E-15
53.980      48.945       0.25314E-14
54.281      48.835      -0.50337E-15
54.582      48.725       0.15114E-14
54.883      48.616      -0.25102E-16
55.184      48.508      -0.24818E-14
55.485      48.401       0.24819E-14
55.786      48.295      -0.23746E-15
56.087      48.189      -0.16775E-14
56.388      48.084      -0.10513E-14
56.689      47.980      -0.24010E-14
56.990      47.877      -0.39038E-15
57.291      47.774       0.31042E-14
57.592      47.672      -0.17227E-14
57.893      47.570       0.12135E-14
58.194      47.470      -0.29667E-14
58.495      47.370       0.34842E-16
58.796      47.271       0.25326E-14
59.097      47.172       0.16428E-14
59.398      47.074      -0.27126E-14
59.699      46.977      -0.21432E-15
60.000      46.880       0.88399E-15
 &
#Phase-shifts for J/pi=2.0+   Inc. chan.=  1 ql=  2
 0.100     0.35813E-05  -0.12112E-14
 0.401     0.11448E-03   0.91712E-15
 0.702     0.46080E-03   0.20811E-14
 1.003     0.11162E-02   0.12662E-14
 1.304     0.21356E-02   0.22915E-14
 1.605     0.35634E-02  -0.48874E-15
 1.906     0.54367E-02   0.84390E-15
 2.207     0.77875E-02   0.24456E-14
 2.508     0.10643E-01   0.15833E-14
 2.809     0.14029E-01  -0.14428E-14
 3.110     0.17965E-01  -0.21578E-14
 3.411     0.22471E-01  -0.91243E-15
 3.712     0.27564E-01   0.56744E-14
 4.013     0.33258E-01  -0.53273E-14
 4.314     0.39568E-01   0.67178E-15
 4.615     0.46505E-01   0.28762E-14
 4.916     0.54079E-01   0.18382E-14
 5.217     0.62300E-01  -0.31473E-15
 5.518     0.71176E-01  -0.24979E-14
 5.819     0.80715E-01   0.41938E-15
 6.120     0.90922E-01   0.30174E-14
 6.421     0.10180       0.58605E-14
 6.722     0.11336      -0.35180E-15
 7.023     0.12560      -0.92159E-15
 7.324     0.13853      -0.18750E-14
 7.625     0.15215      -0.20909E-14
 7.926     0.16645      -0.42913E-14
 8.227     0.18145      -0.41250E-14
 8.528     0.19714       0.13352E-14
 8.829     0.21352      -0.17266E-14
 9.130     0.23060      -0.41835E-14
 9.431     0.24836      -0.10344E-14
 9.732     0.26682      -0.28453E-14
10.033     0.28597       0.74568E-15
10.334     0.30581       0.60468E-14
10.635     0.32633       0.25496E-14
10.936     0.34753       0.55766E-14
11.237     0.36942      -0.26118E-15
11.538     0.39198       0.61410E-15
11.839     0.41522      -0.23233E-16
12.140     0.43913      -0.14566E-14
12.441     0.46371      -0.17999E-15
12.742     0.48895      -0.17562E-14
13.043     0.51485      -0.60924E-15
13.344     0.54141       0.31447E-14
13.645     0.56861      -0.49946E-14
13.946     0.59646      -0.17825E-14
14.247     0.62495       0.20134E-14
14.548     0.65408       0.19000E-14
14.849     0.68383       0.74861E-16
15.150     0.71421       0.12652E-14
15.451     0.74521       0.72572E-15
15.752     0.77682      -0.13546E-15
16.053     0.80904       0.17174E-14
16.354     0.84186      -0.85716E-15
16.655     0.87527      -0.14226E-14
16.956     0.90927       0.43808E-14
17.257     0.94385       0.55075E-15
17.558     0.97901       0.29364E-14
17.859      1.0147       0.47862E-14
18.160      1.0510       0.15885E-14
18.461      1.0879      -0.18673E-14
18.762      1.1253      -0.15945E-14
19.063      1.1632       0.15319E-15
19.364      1.2017      -0.20190E-14
19.665      1.2407      -0.26304E-15
19.966      1.2802      -0.50003E-15
20.267      1.3202      -0.47859E-14
20.568      1.3608      -0.67621E-15
20.869      1.4018      -0.33092E-14
21.170      1.4433      -0.11448E-15
21.471      1.4854       0.25684E-14
21.772      1.5278      -0.23643E-14
22.073      1.5708      -0.65015E-16
22.374      1.6142       0.10156E-14
22.675      1.6581      -0.20437E-14
22.976      1.7025       0.19161E-14
23.277      1.7472       0.21678E-14
23.578      1.7924      -0.15925E-15
23.879      1.8381       0.23413E-15
24.180      1.8841      -0.80001E-15
24.481      1.9306       0.28439E-14
24.782      1.9774       0.39062E-14
25.083      2.0247      -0.26627E-15
25.384      2.0723      -0.11545E-14
25.685      2.1204       0.18772E-15
25.986      2.1688      -0.57870E-14
26.287      2.2175       0.13957E-14
26.588      2.2667      -0.20102E-14
26.889      2.3161       0.28124E-14
27.190      2.3660      -0.66803E-15
27.491      2.4161       0.41914E-14
27.792      2.4666      -0.38341E-14
28.093      2.5174      -0.45370E-14
28.394      2.5685      -0.20727E-14
28.695      2.6200      -0.26559E-14
28.996      2.6717       0.25153E-14
29.297      2.7237       0.78418E-16
29.598      2.7760       0.21094E-14
29.899      2.8286       0.11483E-14
30.201      2.8814       0.12696E-14
30.502      2.9346       0.21883E-14
30.803      2.9879      -0.83355E-15
31.104      3.0416       0.24486E-14
31.405      3.0954      -0.39992E-14
31.706      3.1495      -0.38697E-14
32.007      3.2039       0.29267E-14
32.308      3.2584      -0.22410E-14
32.609      3.3132      -0.13714E-14
32.910      3.3682       0.25354E-14
33.211      3.4233      -0.35252E-14
33.512      3.4787       0.17384E-14
33.813      3.5343       0.42639E-15
34.114      3.5900       0.86797E-15
34.415      3.6459       0.22068E-14
34.716      3.7020       0.28988E-15
35.017      3.7582       0.93928E-16
35.318      3.8146      -0.22577E-14
35.619      3.8712      -0.30354E-19
35.920      3.9279       0.22810E-14
36.221      3.9847      -0.11991E-14
36.522      4.0416       0.62183E-15
36.823      4.0987       0.12422E-14
37.124      4.1559      -0.29555E-14
37.425      4.2132      -0.25550E-14
37.726      4.2706       0.24598E-14
38.027      4.3281      -0.14556E-14
38.328      4.3857      -0.22042E-14
38.629      4.4434      -0.33980E-14
38.930      4.5012       0.27987E-14
39.231      4.5591       0.36649E-16
39.532      4.6170      -0.34056E-15
39.833      4.6750      -0.78937E-15
40.134      4.7330       0.11398E-14
40.435      4.7911      -0.18136E-14
40.736      4.8493       0.29741E-14
41.037      4.9075       0.53878E-14
41.338      4.9657       0.17905E-14
41.639      5.0240      -0.37108E-14
41.940      5.0823      -0.18083E-14
42.241      5.1406       0.11472E-14
42.542      5.1989       0.24469E-14
42.843      5.2573       0.81026E-15
43.144      5.3156       0.28459E-14
43.445      5.3740      -0.21788E-14
43.746      5.4323       0.35432E-14
44.047      5.4907      -0.18475E-14
44.348      5.5490       0.17547E-14
44.649      5.6073      -0.27129E-14
44.950      5.6656       0.38774E-14
45.251      5.7239      -0.42381E-14
45.552      5.7822       0.55077E-14
45.853      5.8404       0.14099E-14
46.154      5.8985      -0.27829E-14
46.455      5.9567      -0.36955E-14
46.756      6.0148      -0.43205E-15
47.057      6.0728       0.27042E-14
47.358      6.1308       0.26230E-15
47.659      6.1887       0.68132E-16
47.960      6.2466       0.26575E-14
48.261      6.3044      -0.78794E-15
48.562      6.3621       0.61535E-14
48.863      6.4197      -0.25965E-14
49.164      6.4773       0.34213E-15
49.465      6.5348       0.26595E-15
49.766      6.5922      -0.77800E-15
50.067      6.6495       0.18869E-14
50.368      6.7068      -0.61471E-15
50.669      6.7639       0.28661E-14
50.970      6.8209       0.13479E-14
51.271      6.8779       0.12462E-14
51.572      6.9347      -0.25985E-14
51.873      6.9914       0.12047E-14
52.174      7.0480       0.90379E-17
52.475      7.1045      -0.14335E-14
52.776      7.1609      -0.22917E-14
53.077      7.2172       0.13972E-15
53.378      7.2733       0.19697E-14
53.679      7.3293       0.35931E-14
53.980      7.3852      -0.78510E-15
54.281      7.4410       0.11023E-14
54.582      7.4966      -0.33556E-14
54.883      7.5521      -0.87686E-15
55.184      7.6074      -0.21190E-14
55.485      7.6626       0.59830E-16
55.786      7.7177       0.19980E-14
56.087      7.7726      -0.12290E-14
56.388      7.8274       0.25339E-15
56.689      7.8820      -0.15074E-14
56.990      7.9365      -0.28422E-14
57.291      7.9908       0.15341E-14
57.592      8.0449       0.30376E-14
57.893      8.0989       0.17070E-14
58.194      8.1528      -0.20547E-14
58.495      8.2064       0.29113E-14
58.796      8.2599       0.47461E-15
59.097      8.3133       0.17504E-14
59.398      8.3665       0.21051E-14
59.699      8.4195       0.88418E-15
60.000      8.4723      -0.17699E-14
 &
