Full H matrix for nchani,nchanf=  1  1 
    -1.66015    -0.00000    -0.00000     0.00000    -0.00000    -0.00000    -0.00000    -0.00000    -0.00000    -0.00000     0.00000     0.00000     0.00000    -0.00000    -0.00000    -0.00000     0.00000     0.00000    -0.00000    -0.00000
     0.00000     0.12089    -0.00000    -0.00000     0.00000    -0.00000     0.00000    -0.00000     0.00000    -0.00000    -0.00000     0.00000    -0.00000     0.00000    -0.00000     0.00000    -0.00000    -0.00000     0.00000    -0.00000
     0.00000    -0.00000     0.36735    -0.00000    -0.00000     0.00000    -0.00000     0.00000    -0.00000    -0.00000     0.00000    -0.00000    -0.00000     0.00000     0.00000     0.00000    -0.00000     0.00000     0.00000    -0.00000
    -0.00000    -0.00000    -0.00000     0.75901    -0.00000     0.00000    -0.00000     0.00000     0.00000    -0.00000     0.00000    -0.00000    -0.00000    -0.00000     0.00000    -0.00000     0.00000    -0.00000     0.00000    -0.00000
     0.00000     0.00000    -0.00000    -0.00000     1.31936     0.00000     0.00000     0.00000     0.00000    -0.00000     0.00000    -0.00000    -0.00000     0.00000     0.00000    -0.00000     0.00000    -0.00000     0.00000    -0.00000
     0.00000    -0.00000     0.00000     0.00000     0.00000     2.08196    -0.00000     0.00000    -0.00000     0.00000    -0.00000     0.00000     0.00000    -0.00000    -0.00000     0.00000    -0.00000     0.00000    -0.00000    -0.00000
     0.00000     0.00000    -0.00000    -0.00000     0.00000    -0.00000     3.09415     0.00000     0.00000     0.00000    -0.00000     0.00000     0.00000    -0.00000    -0.00000     0.00000     0.00000     0.00000    -0.00000    -0.00000
    -0.00000    -0.00000     0.00000     0.00000     0.00000     0.00000     0.00000     4.42665    -0.00000     0.00000     0.00000    -0.00000    -0.00000     0.00000     0.00000    -0.00000     0.00000    -0.00000     0.00000    -0.00000
     0.00000     0.00000    -0.00000     0.00000     0.00000    -0.00000     0.00000    -0.00000     6.18072     0.00000    -0.00000    -0.00000    -0.00000     0.00000     0.00000    -0.00000     0.00000    -0.00000    -0.00000    -0.00000
     0.00000    -0.00000    -0.00000    -0.00000    -0.00000     0.00000     0.00000     0.00000     0.00000     8.51247     0.00000    -0.00000     0.00000    -0.00000    -0.00000     0.00000    -0.00000     0.00000    -0.00000     0.00000
     0.00000    -0.00000     0.00000     0.00000     0.00000    -0.00000    -0.00000     0.00000    -0.00000     0.00000    11.65349     0.00000     0.00000     0.00000     0.00000    -0.00000     0.00000    -0.00000     0.00000    -0.00000
    -0.00000     0.00000    -0.00000    -0.00000    -0.00000     0.00000     0.00000    -0.00000    -0.00000    -0.00000     0.00000    15.98069    -0.00000     0.00000    -0.00000     0.00000    -0.00000     0.00000    -0.00000     0.00000
     0.00000    -0.00000    -0.00000    -0.00000    -0.00000     0.00000     0.00000    -0.00000    -0.00000     0.00000     0.00000    -0.00000    22.08329     0.00000     0.00000     0.00000    -0.00000     0.00000    -0.00000     0.00000
     0.00000     0.00000     0.00000    -0.00000     0.00000    -0.00000    -0.00000     0.00000     0.00000    -0.00000     0.00000     0.00000     0.00000    30.98904    -0.00000     0.00000     0.00000    -0.00000     0.00000    -0.00000
     0.00000    -0.00000     0.00000     0.00000     0.00000    -0.00000    -0.00000     0.00000     0.00000    -0.00000     0.00000    -0.00000     0.00000    -0.00000    44.36872     0.00000    -0.00000    -0.00000     0.00000    -0.00000
     0.00000     0.00000     0.00000    -0.00000    -0.00000     0.00000     0.00000    -0.00000    -0.00000     0.00000    -0.00000     0.00000     0.00000     0.00000     0.00000    65.28571     0.00000     0.00000    -0.00000     0.00000
    -0.00000    -0.00000    -0.00000     0.00000     0.00000    -0.00000     0.00000     0.00000     0.00000    -0.00000     0.00000    -0.00000    -0.00000     0.00000    -0.00000     0.00000    98.48628     0.00000    -0.00000    -0.00000
    -0.00000    -0.00000     0.00000    -0.00000    -0.00000     0.00000     0.00000    -0.00000    -0.00000     0.00000    -0.00000     0.00000     0.00000    -0.00000    -0.00000     0.00000     0.00000   152.71840     0.00000     0.00000
     0.00000     0.00000     0.00000     0.00000     0.00000    -0.00000    -0.00000     0.00000    -0.00000    -0.00000     0.00000    -0.00000    -0.00000     0.00000     0.00000    -0.00000    -0.00000     0.00000   245.53835     0.00000
     0.00000    -0.00000    -0.00000    -0.00000    -0.00000    -0.00000    -0.00000    -0.00000    -0.00000     0.00000    -0.00000     0.00000     0.00000    -0.00000    -0.00000     0.00000    -0.00000     0.00000     0.00000   425.60571
Full H matrix for nchani,nchanf=  1  1 
     0.04986     0.00000    -0.00000    -0.00000     0.00000     0.00000     0.00000    -0.00000     0.00000     0.00000     0.00000     0.00000     0.00000     0.00000     0.00000    -0.00000     0.00000     0.00000    -0.00000     0.00000     0.00000    -0.00000    -0.00000     0.00000     0.00000    -0.00000    -0.00000    -0.00000     0.00000    -0.00000     0.00000    -0.00000    -0.00000    -0.00000     0.00000    -0.00000    -0.00000     0.00000    -0.00000     0.00000
     0.00000     0.12475     0.00000     0.00000    -0.00000    -0.00000    -0.00000     0.00000    -0.00000    -0.00000    -0.00000    -0.00000    -0.00000    -0.00000    -0.00000     0.00000    -0.00000    -0.00000     0.00000    -0.00000    -0.00000     0.00000     0.00000    -0.00000    -0.00000     0.00000     0.00000     0.00000    -0.00000     0.00000    -0.00000     0.00000     0.00000     0.00000    -0.00000     0.00000     0.00000    -0.00000     0.00000    -0.00000
    -0.00000     0.00000     0.23057    -0.00000     0.00000     0.00000     0.00000    -0.00000     0.00000     0.00000     0.00000     0.00000     0.00000     0.00000     0.00000    -0.00000     0.00000     0.00000    -0.00000     0.00000     0.00000    -0.00000    -0.00000     0.00000     0.00000    -0.00000    -0.00000    -0.00000     0.00000    -0.00000     0.00000    -0.00000    -0.00000    -0.00000     0.00000    -0.00000    -0.00000     0.00000    -0.00000     0.00000
    -0.00000     0.00000    -0.00000     0.36863     0.00000     0.00000     0.00000    -0.00000     0.00000     0.00000     0.00000     0.00000     0.00000     0.00000     0.00000    -0.00000     0.00000     0.00000    -0.00000     0.00000     0.00000    -0.00000    -0.00000     0.00000     0.00000    -0.00000    -0.00000    -0.00000     0.00000    -0.00000     0.00000    -0.00000    -0.00000    -0.00000     0.00000    -0.00000    -0.00000     0.00000    -0.00000     0.00000
     0.00000    -0.00000     0.00000     0.00000     0.54055    -0.00000    -0.00000     0.00000    -0.00000    -0.00000    -0.00000    -0.00000    -0.00000    -0.00000    -0.00000     0.00000    -0.00000    -0.00000     0.00000    -0.00000    -0.00000     0.00000     0.00000    -0.00000    -0.00000     0.00000     0.00000     0.00000    -0.00000     0.00000    -0.00000     0.00000     0.00000     0.00000    -0.00000     0.00000     0.00000    -0.00000     0.00000    -0.00000
     0.00000    -0.00000     0.00000     0.00000    -0.00000     0.74825    -0.00000     0.00000    -0.00000    -0.00000    -0.00000    -0.00000    -0.00000    -0.00000    -0.00000     0.00000    -0.00000    -0.00000     0.00000    -0.00000    -0.00000     0.00000     0.00000    -0.00000    -0.00000     0.00000     0.00000     0.00000    -0.00000     0.00000    -0.00000     0.00000     0.00000     0.00000    -0.00000     0.00000     0.00000    -0.00000     0.00000    -0.00000
     0.00000    -0.00000     0.00000     0.00000    -0.00000    -0.00000     0.99387     0.00000    -0.00000    -0.00000    -0.00000    -0.00000    -0.00000    -0.00000    -0.00000     0.00000    -0.00000    -0.00000     0.00000    -0.00000    -0.00000     0.00000     0.00000    -0.00000    -0.00000     0.00000     0.00000     0.00000    -0.00000     0.00000    -0.00000     0.00000     0.00000     0.00000    -0.00000     0.00000     0.00000    -0.00000     0.00000    -0.00000
    -0.00000     0.00000    -0.00000    -0.00000     0.00000     0.00000     0.00000     1.27954     0.00000     0.00000     0.00000     0.00000     0.00000     0.00000     0.00000    -0.00000     0.00000     0.00000    -0.00000     0.00000     0.00000    -0.00000    -0.00000     0.00000     0.00000    -0.00000    -0.00000    -0.00000     0.00000    -0.00000     0.00000    -0.00000    -0.00000    -0.00000     0.00000    -0.00000    -0.00000     0.00000    -0.00000     0.00000
     0.00000    -0.00000     0.00000     0.00000    -0.00000    -0.00000    -0.00000     0.00000     1.60640    -0.00000    -0.00000    -0.00000    -0.00000    -0.00000    -0.00000     0.00000    -0.00000    -0.00000     0.00000    -0.00000    -0.00000     0.00000     0.00000    -0.00000    -0.00000     0.00000     0.00000     0.00000    -0.00000     0.00000    -0.00000     0.00000     0.00000     0.00000    -0.00000     0.00000     0.00000    -0.00000     0.00000    -0.00000
     0.00000    -0.00000     0.00000     0.00000    -0.00000    -0.00000    -0.00000     0.00000    -0.00000     1.97151    -0.00000    -0.00000    -0.00000    -0.00000    -0.00000     0.00000    -0.00000    -0.00000     0.00000    -0.00000    -0.00000     0.00000     0.00000    -0.00000    -0.00000     0.00000     0.00000     0.00000    -0.00000     0.00000    -0.00000     0.00000     0.00000     0.00000    -0.00000     0.00000     0.00000    -0.00000     0.00000    -0.00000
     0.00000    -0.00000     0.00000     0.00000    -0.00000    -0.00000    -0.00000     0.00000    -0.00000    -0.00000     2.35858    -0.00000    -0.00000    -0.00000    -0.00000     0.00000    -0.00000    -0.00000     0.00000    -0.00000    -0.00000     0.00000     0.00000    -0.00000    -0.00000     0.00000     0.00000     0.00000    -0.00000     0.00000    -0.00000     0.00000     0.00000     0.00000    -0.00000     0.00000     0.00000    -0.00000     0.00000    -0.00000
     0.00000    -0.00000     0.00000     0.00000    -0.00000    -0.00000    -0.00000     0.00000    -0.00000    -0.00000    -0.00000     2.74062    -0.00000    -0.00000    -0.00000     0.00000    -0.00000    -0.00000     0.00000    -0.00000    -0.00000     0.00000     0.00000    -0.00000    -0.00000     0.00000     0.00000     0.00000    -0.00000     0.00000    -0.00000     0.00000     0.00000     0.00000    -0.00000     0.00000     0.00000    -0.00000     0.00000    -0.00000
     0.00000    -0.00000     0.00000     0.00000    -0.00000    -0.00000    -0.00000     0.00000    -0.00000    -0.00000    -0.00000    -0.00000     3.16576    -0.00000    -0.00000     0.00000    -0.00000    -0.00000     0.00000    -0.00000    -0.00000     0.00000     0.00000    -0.00000    -0.00000     0.00000     0.00000     0.00000    -0.00000     0.00000    -0.00000     0.00000     0.00000     0.00000    -0.00000     0.00000     0.00000    -0.00000     0.00000    -0.00000
     0.00000    -0.00000     0.00000     0.00000    -0.00000    -0.00000    -0.00000     0.00000    -0.00000    -0.00000    -0.00000    -0.00000    -0.00000     3.70511    -0.00000     0.00000    -0.00000    -0.00000     0.00000    -0.00000    -0.00000     0.00000     0.00000    -0.00000    -0.00000     0.00000     0.00000     0.00000    -0.00000     0.00000    -0.00000     0.00000     0.00000     0.00000    -0.00000     0.00000     0.00000    -0.00000     0.00000    -0.00000
     0.00000    -0.00000     0.00000     0.00000    -0.00000    -0.00000    -0.00000     0.00000    -0.00000    -0.00000    -0.00000    -0.00000    -0.00000    -0.00000     4.35780     0.00000    -0.00000    -0.00000     0.00000    -0.00000    -0.00000     0.00000     0.00000    -0.00000    -0.00000     0.00000     0.00000     0.00000    -0.00000     0.00000    -0.00000     0.00000     0.00000     0.00000    -0.00000     0.00000     0.00000    -0.00000     0.00000    -0.00000
    -0.00000     0.00000    -0.00000    -0.00000     0.00000     0.00000     0.00000    -0.00000     0.00000     0.00000     0.00000     0.00000     0.00000     0.00000     0.00000     5.12073     0.00000     0.00000    -0.00000     0.00000     0.00000    -0.00000    -0.00000     0.00000     0.00000    -0.00000    -0.00000    -0.00000     0.00000    -0.00000     0.00000    -0.00000    -0.00000    -0.00000     0.00000    -0.00000    -0.00000     0.00000    -0.00000     0.00000
     0.00000    -0.00000     0.00000     0.00000    -0.00000    -0.00000    -0.00000     0.00000    -0.00000    -0.00000    -0.00000    -0.00000    -0.00000    -0.00000    -0.00000     0.00000     6.00323    -0.00000     0.00000    -0.00000    -0.00000     0.00000     0.00000    -0.00000    -0.00000     0.00000     0.00000     0.00000    -0.00000     0.00000    -0.00000     0.00000     0.00000     0.00000    -0.00000     0.00000     0.00000    -0.00000     0.00000    -0.00000
     0.00000    -0.00000     0.00000     0.00000    -0.00000    -0.00000    -0.00000     0.00000    -0.00000    -0.00000    -0.00000    -0.00000    -0.00000    -0.00000    -0.00000     0.00000    -0.00000     7.02207     0.00000    -0.00000    -0.00000     0.00000     0.00000    -0.00000    -0.00000     0.00000     0.00000     0.00000    -0.00000     0.00000    -0.00000     0.00000     0.00000     0.00000    -0.00000     0.00000     0.00000    -0.00000     0.00000    -0.00000
    -0.00000     0.00000    -0.00000    -0.00000     0.00000     0.00000     0.00000    -0.00000     0.00000     0.00000     0.00000     0.00000     0.00000     0.00000     0.00000    -0.00000     0.00000     0.00000     8.20016     0.00000     0.00000    -0.00000    -0.00000     0.00000     0.00000    -0.00000    -0.00000    -0.00000     0.00000    -0.00000     0.00000    -0.00000    -0.00000    -0.00000     0.00000    -0.00000    -0.00000     0.00000    -0.00000     0.00000
     0.00000    -0.00000     0.00000     0.00000    -0.00000    -0.00000    -0.00000     0.00000    -0.00000    -0.00000    -0.00000    -0.00000    -0.00000    -0.00000    -0.00000     0.00000    -0.00000    -0.00000     0.00000     9.56690    -0.00000     0.00000     0.00000    -0.00000    -0.00000     0.00000     0.00000     0.00000    -0.00000     0.00000    -0.00000     0.00000     0.00000     0.00000    -0.00000     0.00000     0.00000    -0.00000     0.00000    -0.00000
     0.00000    -0.00000     0.00000     0.00000    -0.00000    -0.00000    -0.00000     0.00000    -0.00000    -0.00000    -0.00000    -0.00000    -0.00000    -0.00000    -0.00000     0.00000    -0.00000    -0.00000     0.00000    -0.00000    11.15978     0.00000     0.00000    -0.00000    -0.00000     0.00000     0.00000     0.00000    -0.00000     0.00000    -0.00000     0.00000     0.00000     0.00000    -0.00000     0.00000     0.00000    -0.00000     0.00000    -0.00000
    -0.00000     0.00000    -0.00000    -0.00000     0.00000     0.00000     0.00000    -0.00000     0.00000     0.00000     0.00000     0.00000     0.00000     0.00000     0.00000    -0.00000     0.00000     0.00000    -0.00000     0.00000     0.00000    13.02665    -0.00000     0.00000     0.00000    -0.00000    -0.00000    -0.00000     0.00000    -0.00000     0.00000    -0.00000    -0.00000    -0.00000     0.00000    -0.00000    -0.00000     0.00000    -0.00000     0.00000
    -0.00000     0.00000    -0.00000    -0.00000     0.00000     0.00000     0.00000    -0.00000     0.00000     0.00000     0.00000     0.00000     0.00000     0.00000     0.00000    -0.00000     0.00000     0.00000    -0.00000     0.00000     0.00000    -0.00000    15.22924     0.00000     0.00000    -0.00000    -0.00000    -0.00000     0.00000    -0.00000     0.00000    -0.00000    -0.00000    -0.00000     0.00000    -0.00000    -0.00000     0.00000    -0.00000     0.00000
     0.00000    -0.00000     0.00000     0.00000    -0.00000    -0.00000    -0.00000     0.00000    -0.00000    -0.00000    -0.00000    -0.00000    -0.00000    -0.00000    -0.00000     0.00000    -0.00000    -0.00000     0.00000    -0.00000    -0.00000     0.00000     0.00000    17.84784    -0.00000     0.00000     0.00000     0.00000    -0.00000     0.00000    -0.00000     0.00000     0.00000     0.00000    -0.00000     0.00000     0.00000    -0.00000     0.00000    -0.00000
     0.00000    -0.00000     0.00000     0.00000    -0.00000    -0.00000    -0.00000     0.00000    -0.00000    -0.00000    -0.00000    -0.00000    -0.00000    -0.00000    -0.00000     0.00000    -0.00000    -0.00000     0.00000    -0.00000    -0.00000     0.00000     0.00000    -0.00000    20.98853     0.00000     0.00000     0.00000    -0.00000     0.00000    -0.00000     0.00000     0.00000     0.00000    -0.00000     0.00000     0.00000    -0.00000     0.00000    -0.00000
    -0.00000     0.00000    -0.00000    -0.00000     0.00000     0.00000     0.00000    -0.00000     0.00000     0.00000     0.00000     0.00000     0.00000     0.00000     0.00000    -0.00000     0.00000     0.00000    -0.00000     0.00000     0.00000    -0.00000    -0.00000     0.00000     0.00000    24.79309    -0.00000    -0.00000     0.00000    -0.00000     0.00000    -0.00000    -0.00000    -0.00000     0.00000    -0.00000    -0.00000     0.00000    -0.00000     0.00000
    -0.00000     0.00000    -0.00000    -0.00000     0.00000     0.00000     0.00000    -0.00000     0.00000     0.00000     0.00000     0.00000     0.00000     0.00000     0.00000    -0.00000     0.00000     0.00000    -0.00000     0.00000     0.00000    -0.00000    -0.00000     0.00000     0.00000    -0.00000    29.45452    -0.00000     0.00000    -0.00000     0.00000    -0.00000    -0.00000    -0.00000     0.00000    -0.00000    -0.00000     0.00000    -0.00000     0.00000
    -0.00000     0.00000    -0.00000    -0.00000     0.00000     0.00000     0.00000    -0.00000     0.00000     0.00000     0.00000     0.00000     0.00000     0.00000     0.00000    -0.00000     0.00000     0.00000    -0.00000     0.00000     0.00000    -0.00000    -0.00000     0.00000     0.00000    -0.00000    -0.00000    35.23923     0.00000    -0.00000     0.00000    -0.00000    -0.00000    -0.00000     0.00000    -0.00000    -0.00000     0.00000    -0.00000     0.00000
     0.00000    -0.00000     0.00000     0.00000    -0.00000    -0.00000    -0.00000     0.00000    -0.00000    -0.00000    -0.00000    -0.00000    -0.00000    -0.00000    -0.00000     0.00000    -0.00000    -0.00000     0.00000    -0.00000    -0.00000     0.00000     0.00000    -0.00000    -0.00000     0.00000     0.00000     0.00000    42.52235     0.00000    -0.00000     0.00000     0.00000     0.00000    -0.00000     0.00000     0.00000    -0.00000     0.00000    -0.00000
    -0.00000     0.00000    -0.00000    -0.00000     0.00000     0.00000     0.00000    -0.00000     0.00000     0.00000     0.00000     0.00000     0.00000     0.00000     0.00000    -0.00000     0.00000     0.00000    -0.00000     0.00000     0.00000    -0.00000    -0.00000     0.00000     0.00000    -0.00000    -0.00000    -0.00000     0.00000    51.83891     0.00000    -0.00000    -0.00000    -0.00000     0.00000    -0.00000    -0.00000     0.00000    -0.00000     0.00000
     0.00000    -0.00000     0.00000     0.00000    -0.00000    -0.00000    -0.00000     0.00000    -0.00000    -0.00000    -0.00000    -0.00000    -0.00000    -0.00000    -0.00000     0.00000    -0.00000    -0.00000     0.00000    -0.00000    -0.00000     0.00000     0.00000    -0.00000    -0.00000     0.00000     0.00000     0.00000    -0.00000     0.00000    63.96584     0.00000     0.00000     0.00000    -0.00000     0.00000     0.00000    -0.00000     0.00000    -0.00000
    -0.00000     0.00000    -0.00000    -0.00000     0.00000     0.00000     0.00000    -0.00000     0.00000     0.00000     0.00000     0.00000     0.00000     0.00000     0.00000    -0.00000     0.00000     0.00000    -0.00000     0.00000     0.00000    -0.00000    -0.00000     0.00000     0.00000    -0.00000    -0.00000    -0.00000     0.00000    -0.00000     0.00000    80.03488    -0.00000    -0.00000     0.00000    -0.00000    -0.00000     0.00000    -0.00000     0.00000
    -0.00000     0.00000    -0.00000    -0.00000     0.00000     0.00000     0.00000    -0.00000     0.00000     0.00000     0.00000     0.00000     0.00000     0.00000     0.00000    -0.00000     0.00000     0.00000    -0.00000     0.00000     0.00000    -0.00000    -0.00000     0.00000     0.00000    -0.00000    -0.00000    -0.00000     0.00000    -0.00000     0.00000    -0.00000   101.71500    -0.00000     0.00000    -0.00000    -0.00000     0.00000    -0.00000     0.00000
    -0.00000     0.00000    -0.00000    -0.00000     0.00000     0.00000     0.00000    -0.00000     0.00000     0.00000     0.00000     0.00000     0.00000     0.00000     0.00000    -0.00000     0.00000     0.00000    -0.00000     0.00000     0.00000    -0.00000    -0.00000     0.00000     0.00000    -0.00000    -0.00000    -0.00000     0.00000    -0.00000     0.00000    -0.00000    -0.00000   131.42425     0.00000    -0.00000    -0.00000     0.00000    -0.00000     0.00000
     0.00000    -0.00000     0.00000     0.00000    -0.00000    -0.00000    -0.00000     0.00000    -0.00000    -0.00000    -0.00000    -0.00000    -0.00000    -0.00000    -0.00000     0.00000    -0.00000    -0.00000     0.00000    -0.00000    -0.00000     0.00000     0.00000    -0.00000    -0.00000     0.00000     0.00000     0.00000    -0.00000     0.00000    -0.00000     0.00000     0.00000     0.00000   172.75288     0.00000     0.00000    -0.00000     0.00000    -0.00000
    -0.00000     0.00000    -0.00000    -0.00000     0.00000     0.00000     0.00000    -0.00000     0.00000     0.00000     0.00000     0.00000     0.00000     0.00000     0.00000    -0.00000     0.00000     0.00000    -0.00000     0.00000     0.00000    -0.00000    -0.00000     0.00000     0.00000    -0.00000    -0.00000    -0.00000     0.00000    -0.00000     0.00000    -0.00000    -0.00000    -0.00000     0.00000   230.83905    -0.00000     0.00000    -0.00000     0.00000
    -0.00000     0.00000    -0.00000    -0.00000     0.00000     0.00000     0.00000    -0.00000     0.00000     0.00000     0.00000     0.00000     0.00000     0.00000     0.00000    -0.00000     0.00000     0.00000    -0.00000     0.00000     0.00000    -0.00000    -0.00000     0.00000     0.00000    -0.00000    -0.00000    -0.00000     0.00000    -0.00000     0.00000    -0.00000    -0.00000    -0.00000     0.00000    -0.00000   313.56108     0.00000    -0.00000     0.00000
     0.00000    -0.00000     0.00000     0.00000    -0.00000    -0.00000    -0.00000     0.00000    -0.00000    -0.00000    -0.00000    -0.00000    -0.00000    -0.00000    -0.00000     0.00000    -0.00000    -0.00000     0.00000    -0.00000    -0.00000     0.00000     0.00000    -0.00000    -0.00000     0.00000     0.00000     0.00000    -0.00000     0.00000    -0.00000     0.00000     0.00000     0.00000    -0.00000     0.00000     0.00000   434.72289     0.00000    -0.00000
    -0.00000     0.00000    -0.00000    -0.00000     0.00000     0.00000     0.00000    -0.00000     0.00000     0.00000     0.00000     0.00000     0.00000     0.00000     0.00000    -0.00000     0.00000     0.00000    -0.00000     0.00000     0.00000    -0.00000    -0.00000     0.00000     0.00000    -0.00000    -0.00000    -0.00000     0.00000    -0.00000     0.00000    -0.00000    -0.00000    -0.00000     0.00000    -0.00000    -0.00000     0.00000   620.71768     0.00000
     0.00000    -0.00000     0.00000     0.00000    -0.00000    -0.00000    -0.00000     0.00000    -0.00000    -0.00000    -0.00000    -0.00000    -0.00000    -0.00000    -0.00000     0.00000    -0.00000    -0.00000     0.00000    -0.00000    -0.00000     0.00000     0.00000    -0.00000    -0.00000     0.00000     0.00000     0.00000    -0.00000     0.00000    -0.00000     0.00000     0.00000     0.00000    -0.00000     0.00000     0.00000    -0.00000     0.00000   937.04202
