
 # S.p. Hamiltonian for channel  1 and configuration p1.5
    -1.03209     2.93217     2.06812     1.99046     1.72121     1.26033     0.77714     0.38548     0.12198    -0.02486    -0.08582    -0.09325    -0.07314    -0.04321    -0.01381     0.01011     0.02710     0.03766     0.04317     0.04521
     2.93217    13.85523    11.89779     5.87634     3.29546     2.19748     1.60615     1.16223     0.78162     0.46718     0.23132     0.07447    -0.01449    -0.05240    -0.05650    -0.04140    -0.01792     0.00690     0.02907     0.04684
     2.06812    11.89779    22.80634    18.90232    10.21937     5.58122     3.29833     2.16368     1.52095     1.07910     0.73485     0.46186     0.25596     0.11362     0.02676    -0.01614    -0.02762    -0.01909     0.00021     0.02360
     1.99046     5.87634    18.90232    29.97004    25.04595    14.62336     8.31135     4.82254     2.97481     1.97418     1.37729     0.97077     0.66605     0.43162     0.25670     0.13493     0.05895     0.01976     0.00778     0.01406
     1.72121     3.29546    10.21937    25.04595    36.15453    30.54851    18.88745    11.22759     6.62837     4.02103     2.57043     1.73804     1.22011     0.86385     0.60036     0.40122     0.25444     0.15278     0.08940     0.05683
     1.26033     2.19748     5.58122    14.62336    30.54851    41.64886    35.55413    22.97092    14.21626     8.62413     5.26435     3.31536     2.18761     1.51053     1.07405     0.76954     0.54526     0.37786     0.25611     0.17293
     0.77714     1.60615     3.29833     8.31135    18.88745    35.55413    46.63494    40.17361    26.87721    17.21892    10.74545     6.66450     4.19703     2.73341     1.85725     1.31110     0.94851     0.69218     0.50377     0.36470
     0.38548     1.16223     2.16368     4.82254    11.22759    22.97092    40.17361    51.23239    44.48428    30.61850    20.20248    12.94694     8.18648     5.19845     3.37389     2.26763     1.58500     1.14577     0.84709     0.63375
     0.12198     0.78162     1.52095     2.97481     6.62837    14.21626    26.87721    44.48428    55.52032    48.54023    34.20835    23.14819    15.19699     9.80206     6.30245     4.10335     2.74410     1.90204     1.36802     1.01509
    -0.02486     0.46718     1.07910     1.97418     4.02103     8.62413    17.21892    30.61850    48.54023    59.55370    52.38120    37.66017    26.04593    17.47368    11.48903     7.49330     4.91432     3.28595     2.26560     1.62012
    -0.08582     0.23132     0.73485     1.37729     2.57043     5.26435    10.74545    20.20248    34.20835    52.38120    63.37288    56.03774    40.98652    28.89074    19.76166    13.22997     8.75716     5.79878     3.89065     2.67696
    -0.09325     0.07447     0.46186     0.97077     1.73804     3.31536     6.66450    12.94694    23.14819    37.66017    56.03774    67.00872    59.53396    44.19878    31.68064    22.05011    15.01116    10.08206     6.74880     4.55462
    -0.07314    -0.01449     0.25596     0.66605     1.22011     2.18761     4.19703     8.18648    15.19699    26.04593    40.98652    59.53396    70.48546    62.88930    47.30705    34.41542    24.33131    16.82175    11.45775     7.75693
    -0.04321    -0.05240     0.11362     0.43162     0.86385     1.51053     2.73341     5.19845     9.80206    17.47368    28.89074    44.19878    62.88930    73.82251    66.11959    50.32022    37.09591    26.59980    18.65316    12.87552
    -0.01381    -0.05650     0.02676     0.25670     0.60036     1.07405     1.85725     3.37389     6.30245    11.48903    19.76166    31.68064    47.30705    66.11959    77.03564    69.23794    53.24610    39.72352    28.85168    20.49852
     0.01011    -0.04140    -0.01614     0.13493     0.40122     0.76954     1.31110     2.26763     4.10335     7.49330    13.22997    22.05011    34.41542    50.32022    69.23794    80.13787    72.25535    56.09157    42.30001    31.08423
     0.02710    -0.01792    -0.02762     0.05895     0.25444     0.54526     0.94851     1.58500     2.74410     4.91432     8.75716    15.01116    24.33131    37.09591    53.24610    72.25535    83.14012    75.18111    58.86270    44.82730
     0.03766     0.00690    -0.01909     0.01976     0.15278     0.37786     0.69218     1.14577     1.90204     3.28595     5.79878    10.08206    16.82175    26.59980    39.72352    56.09157    75.18111    86.05160    78.02321    61.56489
     0.04317     0.02907     0.00021     0.00778     0.08940     0.25611     0.50377     0.84709     1.36802     2.26560     3.89065     6.74880    11.45775    18.65316    28.85168    42.30001    58.86270    78.02321    88.88023    80.78853
     0.04521     0.04684     0.02360     0.01406     0.05683     0.17293     0.36470     0.63375     1.01509     1.62012     2.67696     4.55462     7.75693    12.87552    20.49852    31.08423    44.82730    61.56489    80.78853    91.63279

 # S.p. Hamiltonian for channel  1 and configuration d2.5
     3.28479     1.31026    -0.34718     0.43003     1.16059     1.36052     1.16881     0.81523     0.46153     0.18549     0.00612    -0.08852    -0.12172    -0.11698    -0.09320    -0.06341    -0.03543    -0.01306     0.00255     0.01183     0.01598     0.01643     0.01452     0.01138     0.00782     0.00442     0.00150    -0.00080    -0.00243    -0.00347    -0.00400    -0.00414    -0.00400    -0.00370    -0.00330    -0.00287    -0.00247    -0.00211    -0.00182    -0.00161
     1.31026    13.59110    10.22086     4.19289     2.14576     1.66071     1.54594     1.38165     1.10770     0.78259     0.47438     0.22557     0.05081    -0.05442    -0.10433    -0.11573    -0.10392    -0.08090    -0.05498    -0.03120    -0.01212     0.00149     0.00992     0.01404     0.01491     0.01359     0.01099     0.00784     0.00464     0.00174    -0.00068    -0.00255    -0.00387    -0.00470    -0.00512    -0.00523    -0.00511    -0.00485    -0.00451    -0.00415
    -0.34718    10.22086    22.06603    17.39563     8.73326     4.48679     2.68608     1.96948     1.61479     1.32473     1.02231     0.71859     0.44446     0.22295     0.06278    -0.03914    -0.09290    -0.11118    -0.10629    -0.08852    -0.06556    -0.04260    -0.02264    -0.00709     0.00375     0.01030     0.01332     0.01369     0.01225     0.00975     0.00678     0.00377     0.00100    -0.00136    -0.00322    -0.00460    -0.00552    -0.00606    -0.00628    -0.00627
     0.43003     4.19289    17.39563    28.97173    23.54476    13.18037     7.21560     4.15355     2.69159     1.97778     1.55443     1.22110     0.91516     0.63345     0.38965     0.19530     0.05412    -0.03747    -0.08770    -0.10674    -0.10461    -0.08997    -0.06954    -0.04808    -0.02859    -0.01265    -0.00083     0.00699     0.01132     0.01287     0.01239     0.01056     0.00798     0.00511     0.00227    -0.00030    -0.00248    -0.00421    -0.00550    -0.00638
     1.16059     2.14576     8.73326    23.54476    34.99271    29.05361    17.47600    10.13130     5.91690     3.66667     2.49524     1.84695     1.42318     1.08887     0.79743     0.54183     0.32741     0.15913     0.03747    -0.04171    -0.08559    -0.10259    -0.10103    -0.08813    -0.06966    -0.04979    -0.03129    -0.01572    -0.00375     0.00458     0.00961     0.01192     0.01213     0.01087     0.00869     0.00604     0.00328     0.00066    -0.00167    -0.00362
     1.36052     1.66071     4.48679    13.18037    29.05361    40.40927    34.08252    21.58867    13.11727     7.87340     4.84502     3.16571     2.22743     1.65962     1.26388     0.94886     0.68105     0.45314     0.26636     0.12204     0.01868    -0.04817    -0.08491    -0.09872    -0.09656    -0.08451    -0.06746    -0.04903    -0.03166    -0.01680    -0.00512     0.00326     0.00858     0.01130     0.01196     0.01111     0.00927     0.00686     0.00423     0.00164
     1.16881     1.54594     2.68608     7.21560    17.47600    34.08252    45.36116    38.72780    25.51736    16.11302     9.95631     6.18411     3.97640     2.70442     1.94838     1.45806     1.10020     0.81278     0.57198     0.37134     0.21001     0.08726     0.00048    -0.05486    -0.08455    -0.09478    -0.09145    -0.07970    -0.06370    -0.04651    -0.03028    -0.01627    -0.00512     0.00303     0.00836     0.01124     0.01216     0.01159     0.01001     0.00780
     0.81523     1.38165     1.96948     4.15355    10.13130    21.58867    38.72780    49.94214    43.06038    29.27435    19.08664    12.12062     7.64858     4.91012     3.27697     2.29832     1.68339     1.26187     0.94359     0.68624     0.47290     0.29808     0.15986     0.05636    -0.01563    -0.06057    -0.08368    -0.09036    -0.08566    -0.07395    -0.05873    -0.04264    -0.02749    -0.01439    -0.00390     0.00384     0.00899     0.01187     0.01289     0.01249
     0.46153     1.10770     1.61479     2.69159     5.91690    13.11727    25.51736    43.06038    54.22096    47.13362    32.87473    22.02051    14.33482     9.20968     5.94918     3.93942     2.71253     1.94735     1.44196     1.07979     0.79944     0.57188     0.38496     0.23400     0.11656     0.03009    -0.02886    -0.06457    -0.08177    -0.08518    -0.07913    -0.06733    -0.05276    -0.03766    -0.02354    -0.01137    -0.00160     0.00564     0.01049     0.01324
     0.18549     0.78259     1.32473     1.97778     3.66667     7.87340    16.11302    29.27435    47.13362    58.24850    50.98766    36.33283    24.90481    16.57655    10.84438     7.07717     4.68407     3.19073     2.25417     1.64636     1.22682     0.91540     0.67007     0.47070     0.30842     0.17915     0.08021     0.00871    -0.03885    -0.06652    -0.07854    -0.07905    -0.07178    -0.05990    -0.04591    -0.03172    -0.01859    -0.00733     0.00169     0.00838
     0.00612     0.47438     1.02231     1.55443     2.49524     4.84502     9.95631    19.08664    32.87473    50.98766    62.06290    54.65315    39.66152    27.73436    18.82985    12.53448     8.27963     5.50268     3.73059     2.60578     1.87915     1.38911     1.03774     0.76974     0.55612     0.38277     0.24300     0.13322     0.05061    -0.00782    -0.04553    -0.06626    -0.07383    -0.07187    -0.06357    -0.05166    -0.03824    -0.02491    -0.01273    -0.00235
    -0.08852     0.22557     0.71859     1.22110     1.84695     3.16571     6.18411    12.12062    22.02051    36.33283    54.65315    65.69345    58.15416    42.87221    30.50693    21.08332    14.26561     9.54405     6.38710     4.32870     3.00249     2.14289     1.57006     1.16961     0.87318     0.64245     0.45728     0.30756     0.18810     0.09565     0.02737    -0.01973    -0.04896    -0.06379    -0.06760    -0.06358    -0.05448    -0.04261    -0.02977    -0.01726
    -0.12172     0.05081     0.44446     0.91516     1.42318     2.22743     3.97640     7.64858    14.33482    24.90481    39.66152    58.15416    69.16328    61.51003    45.97501    33.22207    23.32881    16.02641    10.85978     7.32966     4.98106     3.44353     2.43901     1.77217     1.31367     0.98260     0.73112     0.53256     0.37275     0.24428     0.14297     0.06581     0.01003    -0.02731    -0.04932    -0.05916    -0.05986    -0.05417    -0.04449    -0.03276
    -0.11698    -0.05442     0.22295     0.63345     1.08887     1.65962     2.70442     4.91012     9.20968    16.57655    27.73436    42.87221    61.51003    72.49107    64.73663    48.97883    35.88044    25.56051    17.80786    12.21774     8.32329     5.68343     3.92737     2.76804     1.99717     1.47207     1.09995     0.82358     0.60943     0.43877     0.30149     0.19200     0.10678     0.04304    -0.00191    -0.03090    -0.04680    -0.05248    -0.05062    -0.04363
    -0.09320    -0.10433     0.06278     0.38965     0.79743     1.26388     1.94838     3.27697     5.94918    10.84438    18.82985    30.50693    45.97501    64.73663    75.69218    67.84711    51.89156    38.48335    27.77425    19.60278    13.61022     9.36159     6.43160     4.45208     3.12987     2.24617     1.64646     1.22696     0.92125     0.68882     0.50606     0.35971     0.24240     0.14975     0.07871     0.02668    -0.00895    -0.03082    -0.04159    -0.04384
    -0.06341    -0.11573    -0.03914     0.19530     0.54183     0.94886     1.45806     2.29832     3.93942     7.07717    12.53448    21.08332    33.22207    48.97883    67.84711    78.77938    70.85258    54.72017    41.03247    29.96708    21.40540    15.03069    10.43881     7.22147     5.01543     3.52393     2.51976     1.83809     1.36505     1.02542     0.77170     0.57518     0.41912     0.29403     0.19437     0.11659     0.05799     0.01609    -0.01154    -0.02740
    -0.03543    -0.10392    -0.09290     0.05412     0.32741     0.68105     1.10020     1.68339     2.71253     4.68407     8.27963    14.26561    23.32881    35.88044    51.89156    70.85258    81.76343    73.76246    57.47080    43.52968    32.13695    23.21112    16.47360    11.54981     8.04915     5.61508     3.94932     2.81813     2.04786     1.51540     1.13724     0.85900     0.64674     0.48002     0.34690     0.24043     0.15633     0.09163     0.04386     0.01072
    -0.01306    -0.08090    -0.11118    -0.03747     0.15913     0.45314     0.81278     1.26187     1.94735     3.19073     5.50268     9.54405    16.02641    25.56051    38.48335    54.72017    73.76246    84.65349    76.58481    60.14893    45.97691    34.28248    25.01623    17.93422    12.69002     8.91100     6.24864     4.40491     3.14119     2.27632     1.67895     1.25772     0.95161     0.72139     0.54276     0.40112     0.28784     0.19770     0.12729     0.07403
     0.00255    -0.05498    -0.10629    -0.08770     0.03747     0.26636     0.57198     0.94359     1.44196     2.25417     3.73059     6.38710    10.85978    17.80786    27.77425    41.03247    57.47080    76.58481    87.45744    79.32663    62.75944    48.37614    36.40277    26.81773    19.40856    13.85540     9.80364     6.91376     4.88941     3.48857     2.52382     1.85640     1.38773     1.05034     0.79979     0.60779     0.45690     0.33660     0.24056     0.16474
     0.01183    -0.03120    -0.08852    -0.10674    -0.04171     0.12204     0.37134     0.68624     1.07979     1.64636     2.60578     4.32870     7.32966    12.21774    19.60278    29.96708    43.52968    60.14893    79.32663    90.18208    81.99402    65.30669    50.72929    38.49729    28.61323    20.89317    15.04236    10.72394     7.60814     5.40146     3.85976     2.79045     2.04829     1.52797     1.15592     0.88256     0.67555     0.51449     0.38681     0.28484
     0.01598    -0.01212    -0.06556    -0.10461    -0.08559     0.01868     0.21001     0.47290     0.79944     1.22682     1.87915     3.00249     4.98106     8.32329    13.61022    21.40540    32.13695    45.97691    62.75944    81.99402    92.83337    84.59231    67.79460    53.03824    40.56579    30.40079    22.38516    16.24772    11.66903     8.32957     5.93964     4.25407     3.07617     2.25496     1.67902     1.26899     0.97028     0.74650     0.57419     0.43858
     0.01643     0.00149    -0.04260    -0.08997    -0.10259    -0.04817     0.08726     0.29808     0.57188     0.91540     1.38911     2.14289     3.44353     5.68343     9.36159    15.03069    23.21112    34.28248    48.37614    65.30669    84.59231    95.41652    87.12624    70.22670    55.30480    42.60825    32.17886    23.88202    17.46867    12.63631     9.07596     6.50253     4.67077     3.38078     2.47664     1.84135     1.39011     1.06348     0.82108     0.63631
     0.01452     0.00992    -0.02264    -0.06954    -0.10103    -0.08491     0.00048     0.15986     0.38496     0.67007     1.03774     1.57006     2.43901     3.92737     6.43160    10.43881    16.47360    25.01623    36.40277    50.72929    67.79460    87.12624    97.93617    89.60001    72.60619    57.53067    44.62478    33.94619    25.38162    18.70271    13.62336     9.84532     7.08870     5.10901     3.70397     2.71341     2.01529     1.51973     1.16266     0.89973
     0.01138     0.01404    -0.00709    -0.04808    -0.08813    -0.09872    -0.05486     0.05636     0.23400     0.47070     0.76974     1.16961     1.77217     2.76804     4.45208     7.22147    11.54981    17.93422    26.81773    38.49729    53.03824    70.22670    89.60001   100.39642    92.01736    74.93598    59.71751    46.61562    35.70179    26.88213    19.94762    14.62801    10.63579     7.69678     5.56795     4.04535     2.96526     2.20110     1.65827     1.26824
     0.00782     0.01491     0.00375    -0.02859    -0.06966    -0.09656    -0.08455    -0.01563     0.11656     0.30842     0.55612     0.87318     1.31367     1.99717     3.12987     5.01543     8.04915    12.69002    19.40856    28.61323    40.56579    55.30480    72.60619    92.01736   102.80095    94.38168    77.21870    61.86685    48.58107    37.44488    28.38198    21.20146    15.64825    11.44561     8.32542     6.04668     4.40448     3.23210     2.39894     1.80602
     0.00442     0.01359     0.01030    -0.01265    -0.04979    -0.08451    -0.09478    -0.06057     0.03009     0.17915     0.38277     0.64245     0.98260     1.47207     2.24617     3.52393     5.61508     8.91100    13.85540    20.89317    30.40079    42.60825    57.53067    74.93598    94.38168   105.15307    96.69598    79.45677    63.98017    50.52153    39.17485    29.87983    22.46247    16.68228    12.27314     8.97330     6.54431     4.78084     3.51376     2.60889
     0.00150     0.01099     0.01332    -0.00083    -0.03129    -0.06746    -0.09145    -0.08368    -0.02886     0.08021     0.24300     0.45728     0.73112     1.09995     1.64646     2.51976     3.94932     6.24864     9.80364    15.04236    22.38516    32.17886    44.62478    59.71751    77.21870    96.69598   107.45575    98.96302    81.65241    66.05886    52.43743    40.89123    31.37453    23.72912    17.72844    13.11686     9.63919     7.05995     5.17390     3.81001
    -0.00080     0.00784     0.01369     0.00699    -0.01572    -0.04903    -0.07970    -0.09036    -0.06457     0.00871     0.13322     0.30756     0.53256     0.82358     1.22696     1.83809     2.81813     4.40491     6.91376    10.72394    16.24772    23.88202    33.94619    46.61562    61.86685    79.45677    98.96302   109.71168   101.18530    83.80763    68.10421    54.32921    42.59365    32.86508    25.00002    18.78522    13.97534    10.32189     7.59270     5.58310
    -0.00243     0.00464     0.01225     0.01132    -0.00375    -0.03166    -0.06370    -0.08566    -0.08177    -0.03885     0.05061     0.18810     0.37275     0.60943     0.92125     1.36505     2.04786     3.14119     4.88941     7.60814    11.66903    17.46867    25.38162    35.70179    48.58107    63.98017    81.65241   101.18530   111.92333   103.36509    85.92432    70.11747    56.19735    44.28187    34.35065    26.27395    19.85126    14.84727    11.02026     8.14170
    -0.00347     0.00174     0.00975     0.01287     0.00458    -0.01680    -0.04651    -0.07395    -0.08518    -0.06652    -0.00782     0.09565     0.24428     0.43877     0.68882     1.02542     1.51540     2.27632     3.48857     5.40146     8.32957    12.63631    18.70271    26.88213    37.44488    50.52153    66.05886    83.80763   103.36509   114.09293   105.50447    88.00420    72.09980    58.04235    45.95571    35.83049    27.54982    20.92530    15.73140    11.73323
    -0.00400    -0.00068     0.00678     0.01239     0.00961    -0.00512    -0.03028    -0.05873    -0.07913    -0.07854    -0.04553     0.02737     0.14297     0.30149     0.50606     0.77170     1.13724     1.67895     2.52382     3.85976     5.93964     9.07596    13.62336    19.94762    28.38198    39.17485    52.43743    68.10421    85.92432   105.50447   116.22252   107.60536    90.04886    74.05230    59.86469    47.61504    37.30399    28.82667    22.00621    16.62660
    -0.00414    -0.00255     0.00377     0.01056     0.01192     0.00326    -0.01627    -0.04264    -0.06733    -0.07905    -0.06626    -0.01973     0.06581     0.19200     0.35971     0.57518     0.85900     1.25772     1.85640     2.79045     4.25407     6.50253     9.84532    14.62801    21.20146    29.87983    40.89123    54.32921    70.11747    88.00420   107.60536   118.31400   109.66953    92.05980    75.97602    61.66488    49.25981    38.77061    30.10363    23.09294
    -0.00400    -0.00387     0.00100     0.00798     0.01213     0.00858    -0.00512    -0.02749    -0.05276    -0.07178    -0.07383    -0.04896     0.01003     0.10678     0.24240     0.41912     0.64674     0.95161     1.38773     2.04829     3.07617     4.67077     7.08870    10.63579    15.64825    22.46247    31.37453    42.59365    56.19735    72.09980    90.04886   109.66953   120.36908   111.69858    94.03839    77.87193    63.44341    50.89001    40.22992    31.37992
    -0.00370    -0.00470    -0.00136     0.00511     0.01087     0.01130     0.00303    -0.01439    -0.03766    -0.05990    -0.07187    -0.06379    -0.02731     0.04304     0.14975     0.29403     0.48002     0.72139     1.05034     1.52797     2.25496     3.38078     5.10901     7.69678    11.44561    16.68228    23.72912    32.86508    44.28187    58.04235    74.05230    92.05980   111.69858   122.38938   113.69403    95.98590    79.74098    65.20076    52.50567    41.68151
    -0.00330    -0.00512    -0.00322     0.00227     0.00869     0.01196     0.00836    -0.00390    -0.02354    -0.04591    -0.06357    -0.06760    -0.04932    -0.00191     0.07871     0.19437     0.34690     0.54276     0.79979     1.15592     1.67902     2.47664     3.70397     5.56795     8.32542    12.27314    17.72844    25.00002    34.35065    45.95571    59.86469    75.97602    94.03839   113.69403   124.37637   115.65726    97.90355    81.58404    66.93742    54.10684
    -0.00287    -0.00523    -0.00460    -0.00030     0.00604     0.01111     0.01124     0.00384    -0.01137    -0.03172    -0.05166    -0.06358    -0.05916    -0.03090     0.02668     0.11659     0.24043     0.40112     0.60779     0.88256     1.26899     1.84135     2.71341     4.04535     6.04668     8.97330    13.11686    18.78522    26.27395    35.83049    47.61504    61.66488    77.87193    95.98590   115.65726   126.33143   117.58958    99.79245    83.40194    68.65384
    -0.00247    -0.00511    -0.00552    -0.00248     0.00328     0.00927     0.01216     0.00899    -0.00160    -0.01859    -0.03824    -0.05448    -0.05986    -0.04680    -0.00895     0.05799     0.15633     0.28784     0.45690     0.67555     0.97028     1.39011     2.01529     2.96526     4.40448     6.54431     9.63919    13.97534    19.85126    27.54982    37.30399    49.25981    63.44341    79.74098    97.90355   117.58958   128.25583   119.49219   101.65365    85.19548
    -0.00211    -0.00485    -0.00606    -0.00421     0.00066     0.00686     0.01159     0.01187     0.00564    -0.00733    -0.02491    -0.04261    -0.05417    -0.05248    -0.03082     0.01609     0.09163     0.19770     0.33660     0.51449     0.74650     1.06348     1.51973     2.20110     3.23210     4.78084     7.05995    10.32189    14.84727    20.92530    28.82667    38.77061    50.89001    65.20076    81.58404    99.79245   119.49219   130.15077   121.36622   103.48813
    -0.00182    -0.00451    -0.00628    -0.00550    -0.00167     0.00423     0.01001     0.01289     0.01049     0.00169    -0.01273    -0.02977    -0.04449    -0.05062    -0.04159    -0.01154     0.04386     0.12729     0.24056     0.38681     0.57419     0.82108     1.16266     1.65827     2.39894     3.51376     5.17390     7.59270    11.02026    15.73140    22.00621    30.10363    40.22992    52.50567    66.93742    83.40194   101.65365   121.36622   132.01735   123.21272
    -0.00161    -0.00415    -0.00627    -0.00638    -0.00362     0.00164     0.00780     0.01249     0.01324     0.00838    -0.00235    -0.01726    -0.03276    -0.04363    -0.04384    -0.02740     0.01072     0.07403     0.16474     0.28484     0.43858     0.63631     0.89973     1.26824     1.80602     2.60889     3.81001     5.58310     8.14170    11.73323    16.62660    23.09294    31.37992    41.68151    54.10684    68.65384    85.19548   103.48813   123.21272   133.85661
