 # Cross sections for state #  8 Ex=  2.938 MeV J/pi=  0.0+
    0.100     167.92    
    0.600     164.63    
    1.100     156.86    
    1.600     145.10    
    2.100     130.10    
    2.600     112.81    
    3.100     94.275    
    3.600     75.585    
    4.100     57.774    
    4.600     41.755    
    5.100     28.249    
    5.600     17.737    
    6.100     10.435    
    6.600     6.2884    
    7.100     4.9880    
    7.600     6.0166    
    8.100     8.7090    
    8.600     12.329    
    9.100     16.149    
    9.600     19.530    
   10.100     21.982    
   10.600     23.206    
   11.100     23.107    
   11.600     21.778    
   12.100     19.462    
   12.600     16.500    
   13.100     13.265    
   13.600     10.109    
   14.100     7.3163    
   14.600     5.0779    
   15.100     3.4807    
   15.600     2.5170    
   16.100     2.1043    
   16.600     2.1118    
   17.100     2.3886    
   17.600     2.7873    
   18.100     3.1824    
   18.600     3.4811    
   19.100     3.6272    
   19.600     3.5991    
   20.100     3.4043    
   20.600     3.0714    
   21.100     2.6416    
   21.600     2.1609    
   22.100     1.6735    
   22.600     1.2170    
   23.100    0.81957    
   23.600    0.49905    
   24.100    0.26284    
   24.600    0.10941    
   25.100    0.30227E-01
   25.600    0.11970E-01
   26.100    0.38796E-01
   26.600    0.94316E-01
   27.100    0.16322    
   27.600    0.23247    
   28.100    0.29198    
   28.600    0.33499    
   29.100    0.35798    
   29.600    0.36037    
   30.100    0.34400    
   30.600    0.31249    
   31.100    0.27060    
   31.600    0.22353    
   32.100    0.17639    
   32.600    0.13369    
   33.100    0.99049E-01
   33.600    0.74952E-01
   34.100    0.62708E-01
   34.600    0.62483E-01
   35.100    0.73424E-01
   35.600    0.93856E-01
   36.100    0.12151    
   36.600    0.15376    
   37.100    0.18788    
   37.600    0.22125    
   38.100    0.25153    
   38.600    0.27685    
   39.100    0.29583    
   39.600    0.30768    
   40.100    0.31217    
   40.600    0.30957    
   41.100    0.30058    
   41.600    0.28623    
   42.100    0.26777    
   42.600    0.24656    
   43.100    0.22397    
   43.600    0.20129    
   44.100    0.17969    
   44.600    0.16013    
   45.100    0.14331    
   45.600    0.12971    
   46.100    0.11954    
   46.600    0.11275    
   47.100    0.10912    
   47.600    0.10821    
   48.100    0.10951    
   48.600    0.11241    
   49.100    0.11629    
   49.600    0.12053    
   50.100    0.12459    
   50.600    0.12799    
   51.100    0.13036    
   51.600    0.13142    
   52.100    0.13100    
   52.600    0.12905    
   53.100    0.12562    
   53.600    0.12083    
   54.100    0.11489    
   54.600    0.10805    
   55.100    0.10059    
   55.600    0.92813E-01
   56.100    0.84983E-01
   56.600    0.77355E-01
   57.100    0.70142E-01
   57.600    0.63515E-01
   58.100    0.57596E-01
   58.600    0.52464E-01
   59.100    0.48152E-01
   59.600    0.44649E-01
   60.100    0.41912E-01
   60.600    0.39861E-01
   61.100    0.38397E-01
   61.600    0.37402E-01
   62.100    0.36751E-01
   62.600    0.36320E-01
   63.100    0.35994E-01
   63.600    0.35675E-01
   64.100    0.35279E-01
   64.600    0.34745E-01
   65.100    0.34029E-01
   65.600    0.33108E-01
   66.100    0.31973E-01
   66.600    0.30633E-01
   67.100    0.29107E-01
   67.600    0.27428E-01
   68.100    0.25635E-01
   68.600    0.23775E-01
   69.100    0.21895E-01
   69.600    0.20041E-01
   70.100    0.18255E-01
   70.600    0.16572E-01
   71.100    0.15019E-01
   71.600    0.13613E-01
   72.100    0.12367E-01
   72.600    0.11282E-01
   73.100    0.10357E-01
   73.600    0.95848E-02
   74.100    0.89525E-02
   74.600    0.84452E-02
   75.100    0.80443E-02
   75.600    0.77293E-02
   76.100    0.74790E-02
   76.600    0.72724E-02
   77.100    0.70905E-02
   77.600    0.69170E-02
   78.100    0.67389E-02
   78.600    0.65469E-02
   79.100    0.63349E-02
   79.600    0.60992E-02
   80.100    0.58389E-02
   80.600    0.55546E-02
   81.100    0.52484E-02
   81.600    0.49241E-02
   82.100    0.45868E-02
   82.600    0.42424E-02
   83.100    0.38978E-02
   83.600    0.35597E-02
   84.100    0.32347E-02
   84.600    0.29281E-02
   85.100    0.26440E-02
   85.600    0.23848E-02
   86.100    0.21520E-02
   86.600    0.19458E-02
   87.100    0.17656E-02
   87.600    0.16105E-02
   88.100    0.14791E-02
   88.600    0.13695E-02
   89.100    0.12796E-02
   89.600    0.12066E-02
   90.100    0.11476E-02
   90.600    0.10995E-02
   91.100    0.10591E-02
   91.600    0.10237E-02
   92.100    0.99112E-03
   92.600    0.95951E-03
   93.100    0.92773E-03
   93.600    0.89499E-03
   94.100    0.86074E-03
   94.600    0.82460E-03
   95.100    0.78628E-03
   95.600    0.74563E-03
   96.100    0.70269E-03
   96.600    0.65778E-03
   97.100    0.61149E-03
   97.600    0.56462E-03
   98.100    0.51811E-03
   98.600    0.47287E-03
   99.100    0.42965E-03
   99.600    0.38903E-03
  100.100    0.35132E-03
  100.600    0.31669E-03
  101.100    0.28518E-03
  101.600    0.25680E-03
  102.100    0.23158E-03
  102.600    0.20952E-03
  103.100    0.19060E-03
  103.600    0.17472E-03
  104.100    0.16166E-03
  104.600    0.15107E-03
  105.100    0.14253E-03
  105.600    0.13559E-03
  106.100    0.12987E-03
  106.600    0.12502E-03
  107.100    0.12084E-03
  107.600    0.11715E-03
  108.100    0.11385E-03
  108.600    0.11081E-03
  109.100    0.10788E-03
  109.600    0.10489E-03
  110.100    0.10165E-03
  110.600    0.98009E-04
  111.100    0.93895E-04
  111.600    0.89306E-04
  112.100    0.84322E-04
  112.600    0.79072E-04
  113.100    0.73695E-04
  113.600    0.68310E-04
  114.100    0.62997E-04
  114.600    0.57795E-04
  115.100    0.52722E-04
  115.600    0.47792E-04
  116.100    0.43041E-04
  116.600    0.38523E-04
  117.100    0.34311E-04
  117.600    0.30476E-04
  118.100    0.27066E-04
  118.600    0.24096E-04
  119.100    0.21546E-04
  119.600    0.19365E-04
  120.100    0.17495E-04
  120.600    0.15887E-04
  121.100    0.14512E-04
  121.600    0.13359E-04
  122.100    0.12433E-04
  122.600    0.11732E-04
  123.100    0.11243E-04
  123.600    0.10928E-04
  124.100    0.10736E-04
  124.600    0.10605E-04
  125.100    0.10478E-04
  125.600    0.10317E-04
  126.100    0.10104E-04
  126.600    0.98395E-05
  127.100    0.95375E-05
  127.600    0.92113E-05
  128.100    0.88665E-05
  128.600    0.84978E-05
  129.100    0.80925E-05
  129.600    0.76375E-05
  130.100    0.71275E-05
  130.600    0.65688E-05
  131.100    0.59788E-05
  131.600    0.53814E-05
  132.100    0.48000E-05
  132.600    0.42510E-05
  133.100    0.37408E-05
  133.600    0.32659E-05
  134.100    0.28174E-05
  134.600    0.23874E-05
  135.100    0.19745E-05
  135.600    0.15856E-05
  136.100    0.12346E-05
  136.600    0.93636E-06
  137.100    0.70106E-06
  137.600    0.53047E-06
  138.100    0.41784E-06
  138.600    0.35083E-06
  139.100    0.31581E-06
  139.600    0.30176E-06
  140.100    0.30241E-06
  140.600    0.31642E-06
  141.100    0.34551E-06
  141.600    0.39122E-06
  142.100    0.45156E-06
  142.600    0.51912E-06
  143.100    0.58200E-06
  143.600    0.62750E-06
  144.100    0.64683E-06
  144.600    0.63846E-06
  145.100    0.60826E-06
  145.600    0.56666E-06
  146.100    0.52436E-06
  146.600    0.48885E-06
  147.100    0.46287E-06
  147.600    0.44468E-06
  148.100    0.42945E-06
  148.600    0.41117E-06
  149.100    0.38482E-06
  149.600    0.34845E-06
  150.100    0.30428E-06
  150.600    0.25808E-06
  151.100    0.21660E-06
  151.600    0.18445E-06
  152.100    0.16211E-06
  152.600    0.14642E-06
  153.100    0.13302E-06
  153.600    0.11907E-06
  154.100    0.10463E-06
  154.600    0.92224E-07
  155.100    0.85454E-07
  155.600    0.87608E-07
  156.100    0.10080E-06
  156.600    0.12528E-06
  157.100    0.15876E-06
  157.600    0.19618E-06
  158.100    0.23079E-06
  158.600    0.25650E-06
  159.100    0.27063E-06
  159.600    0.27509E-06
  160.100    0.27509E-06
  160.600    0.27616E-06
  161.100    0.28121E-06
  161.600    0.28953E-06
  162.100    0.29793E-06
  162.600    0.30302E-06
  163.100    0.30336E-06
  163.600    0.30080E-06
  164.100    0.30090E-06
  164.600    0.31228E-06
  165.100    0.34453E-06
  165.600    0.40436E-06
  166.100    0.49130E-06
  166.600    0.59535E-06
  167.100    0.69885E-06
  167.600    0.78263E-06
  168.100    0.83347E-06
  168.600    0.84900E-06
  169.100    0.83740E-06
  169.600    0.81249E-06
  170.100    0.78728E-06
  170.600    0.76919E-06
  171.100    0.75820E-06
  171.600    0.74757E-06
  172.100    0.72642E-06
  172.600    0.68382E-06
  173.100    0.61424E-06
  173.600    0.52260E-06
  174.100    0.42576E-06
  174.600    0.34771E-06
  175.100    0.30931E-06
  175.600    0.31768E-06
  176.100    0.36176E-06
  176.600    0.41746E-06
  177.100    0.45960E-06
  177.600    0.47349E-06
  178.100    0.45951E-06
  178.600    0.42932E-06
  179.100    0.39778E-06
