  # CC set:   1 Chans:  28 JTOT=   0.0 Parity: 1
 #ich: n  L   Jp  Jt   KCM
    1  1  0  0.0  0.0  2.6833
    2  2  0  0.0  0.0  2.6444
    3  3  0  0.0  0.0  2.6440
    4  4  0  0.0  0.0  2.6406
    5  5  0  0.0  0.0  2.6346
    6  6  0  0.0  0.0  2.6253
    7  7  0  0.0  0.0  2.6114
    8  8  0  0.0  0.0  2.5923
    9  9  0  0.0  0.0  2.5671
   10 10  0  0.0  0.0  2.5335
   11 11  0  0.0  0.0  2.4877
   12 12  0  0.0  0.0  2.4229
   13 13  0  0.0  0.0  2.3267
   14 14  0  0.0  0.0  2.1737
   15 15  0  0.0  0.0  1.9053
   16 16  0  0.0  0.0  1.3261
   17 17  2  2.0  0.0  2.6415
   18 18  2  2.0  0.0  2.6351
   19 19  2  2.0  0.0  2.6249
   20 20  2  2.0  0.0  2.6098
   21 21  2  2.0  0.0  2.5883
   22 22  2  2.0  0.0  2.5578
   23 23  2  2.0  0.0  2.5139
   24 24  2  2.0  0.0  2.4487
   25 25  2  2.0  0.0  2.3467
   26 26  2  2.0  0.0  2.1745
   27 27  2  2.0  0.0  1.8473
   28 28  2  2.0  0.0  1.0128
  # CC set:   4 Chans:  40 JTOT=   1.0 Parity:-1
 #ich: n  L   Jp  Jt   KCM
    1  1  1  0.0  0.0  2.6833
    2  2  1  0.0  0.0  2.6444
    3  3  1  0.0  0.0  2.6440
    4  4  1  0.0  0.0  2.6406
    5  5  1  0.0  0.0  2.6346
    6  6  1  0.0  0.0  2.6253
    7  7  1  0.0  0.0  2.6114
    8  8  1  0.0  0.0  2.5923
    9  9  1  0.0  0.0  2.5671
   10 10  1  0.0  0.0  2.5335
   11 11  1  0.0  0.0  2.4877
   12 12  1  0.0  0.0  2.4229
   13 13  1  0.0  0.0  2.3267
   14 14  1  0.0  0.0  2.1737
   15 15  1  0.0  0.0  1.9053
   16 16  1  0.0  0.0  1.3261
   17 17  1  2.0  0.0  2.6415
   18 17  3  2.0  0.0  2.6415
   19 18  1  2.0  0.0  2.6351
   20 18  3  2.0  0.0  2.6351
   21 19  1  2.0  0.0  2.6249
   22 19  3  2.0  0.0  2.6249
   23 20  1  2.0  0.0  2.6098
   24 20  3  2.0  0.0  2.6098
   25 21  1  2.0  0.0  2.5883
   26 21  3  2.0  0.0  2.5883
   27 22  1  2.0  0.0  2.5578
   28 22  3  2.0  0.0  2.5578
   29 23  1  2.0  0.0  2.5139
   30 23  3  2.0  0.0  2.5139
   31 24  1  2.0  0.0  2.4487
   32 24  3  2.0  0.0  2.4487
   33 25  1  2.0  0.0  2.3467
   34 25  3  2.0  0.0  2.3467
   35 26  1  2.0  0.0  2.1745
   36 26  3  2.0  0.0  2.1745
   37 27  1  2.0  0.0  1.8473
   38 27  3  2.0  0.0  1.8473
   39 28  1  2.0  0.0  1.0128
   40 28  3  2.0  0.0  1.0128
  # CC set:   5 Chans:  52 JTOT=   2.0 Parity: 1
 #ich: n  L   Jp  Jt   KCM
    1  1  2  0.0  0.0  2.6833
    2  2  2  0.0  0.0  2.6444
    3  3  2  0.0  0.0  2.6440
    4  4  2  0.0  0.0  2.6406
    5  5  2  0.0  0.0  2.6346
    6  6  2  0.0  0.0  2.6253
    7  7  2  0.0  0.0  2.6114
    8  8  2  0.0  0.0  2.5923
    9  9  2  0.0  0.0  2.5671
   10 10  2  0.0  0.0  2.5335
   11 11  2  0.0  0.0  2.4877
   12 12  2  0.0  0.0  2.4229
   13 13  2  0.0  0.0  2.3267
   14 14  2  0.0  0.0  2.1737
   15 15  2  0.0  0.0  1.9053
   16 16  2  0.0  0.0  1.3261
   17 17  0  2.0  0.0  2.6415
   18 17  2  2.0  0.0  2.6415
   19 17  4  2.0  0.0  2.6415
   20 18  0  2.0  0.0  2.6351
   21 18  2  2.0  0.0  2.6351
   22 18  4  2.0  0.0  2.6351
   23 19  0  2.0  0.0  2.6249
   24 19  2  2.0  0.0  2.6249
   25 19  4  2.0  0.0  2.6249
   26 20  0  2.0  0.0  2.6098
   27 20  2  2.0  0.0  2.6098
   28 20  4  2.0  0.0  2.6098
   29 21  0  2.0  0.0  2.5883
   30 21  2  2.0  0.0  2.5883
   31 21  4  2.0  0.0  2.5883
   32 22  0  2.0  0.0  2.5578
   33 22  2  2.0  0.0  2.5578
   34 22  4  2.0  0.0  2.5578
   35 23  0  2.0  0.0  2.5139
   36 23  2  2.0  0.0  2.5139
   37 23  4  2.0  0.0  2.5139
   38 24  0  2.0  0.0  2.4487
   39 24  2  2.0  0.0  2.4487
   40 24  4  2.0  0.0  2.4487
   41 25  0  2.0  0.0  2.3467
   42 25  2  2.0  0.0  2.3467
   43 25  4  2.0  0.0  2.3467
   44 26  0  2.0  0.0  2.1745
   45 26  2  2.0  0.0  2.1745
   46 26  4  2.0  0.0  2.1745
   47 27  0  2.0  0.0  1.8473
   48 27  2  2.0  0.0  1.8473
   49 27  4  2.0  0.0  1.8473
   50 28  0  2.0  0.0  1.0128
   51 28  2  2.0  0.0  1.0128
   52 28  4  2.0  0.0  1.0128
  # CC set:   8 Chans:  52 JTOT=   3.0 Parity:-1
 #ich: n  L   Jp  Jt   KCM
    1  1  3  0.0  0.0  2.6833
    2  2  3  0.0  0.0  2.6444
    3  3  3  0.0  0.0  2.6440
    4  4  3  0.0  0.0  2.6406
    5  5  3  0.0  0.0  2.6346
    6  6  3  0.0  0.0  2.6253
    7  7  3  0.0  0.0  2.6114
    8  8  3  0.0  0.0  2.5923
    9  9  3  0.0  0.0  2.5671
   10 10  3  0.0  0.0  2.5335
   11 11  3  0.0  0.0  2.4877
   12 12  3  0.0  0.0  2.4229
   13 13  3  0.0  0.0  2.3267
   14 14  3  0.0  0.0  2.1737
   15 15  3  0.0  0.0  1.9053
   16 16  3  0.0  0.0  1.3261
   17 17  1  2.0  0.0  2.6415
   18 17  3  2.0  0.0  2.6415
   19 17  5  2.0  0.0  2.6415
   20 18  1  2.0  0.0  2.6351
   21 18  3  2.0  0.0  2.6351
   22 18  5  2.0  0.0  2.6351
   23 19  1  2.0  0.0  2.6249
   24 19  3  2.0  0.0  2.6249
   25 19  5  2.0  0.0  2.6249
   26 20  1  2.0  0.0  2.6098
   27 20  3  2.0  0.0  2.6098
   28 20  5  2.0  0.0  2.6098
   29 21  1  2.0  0.0  2.5883
   30 21  3  2.0  0.0  2.5883
   31 21  5  2.0  0.0  2.5883
   32 22  1  2.0  0.0  2.5578
   33 22  3  2.0  0.0  2.5578
   34 22  5  2.0  0.0  2.5578
   35 23  1  2.0  0.0  2.5139
   36 23  3  2.0  0.0  2.5139
   37 23  5  2.0  0.0  2.5139
   38 24  1  2.0  0.0  2.4487
   39 24  3  2.0  0.0  2.4487
   40 24  5  2.0  0.0  2.4487
   41 25  1  2.0  0.0  2.3467
   42 25  3  2.0  0.0  2.3467
   43 25  5  2.0  0.0  2.3467
   44 26  1  2.0  0.0  2.1745
   45 26  3  2.0  0.0  2.1745
   46 26  5  2.0  0.0  2.1745
   47 27  1  2.0  0.0  1.8473
   48 27  3  2.0  0.0  1.8473
   49 27  5  2.0  0.0  1.8473
   50 28  1  2.0  0.0  1.0128
   51 28  3  2.0  0.0  1.0128
   52 28  5  2.0  0.0  1.0128
  # CC set:   9 Chans:  52 JTOT=   4.0 Parity: 1
 #ich: n  L   Jp  Jt   KCM
    1  1  4  0.0  0.0  2.6833
    2  2  4  0.0  0.0  2.6444
    3  3  4  0.0  0.0  2.6440
    4  4  4  0.0  0.0  2.6406
    5  5  4  0.0  0.0  2.6346
    6  6  4  0.0  0.0  2.6253
    7  7  4  0.0  0.0  2.6114
    8  8  4  0.0  0.0  2.5923
    9  9  4  0.0  0.0  2.5671
   10 10  4  0.0  0.0  2.5335
   11 11  4  0.0  0.0  2.4877
   12 12  4  0.0  0.0  2.4229
   13 13  4  0.0  0.0  2.3267
   14 14  4  0.0  0.0  2.1737
   15 15  4  0.0  0.0  1.9053
   16 16  4  0.0  0.0  1.3261
   17 17  2  2.0  0.0  2.6415
   18 17  4  2.0  0.0  2.6415
   19 17  6  2.0  0.0  2.6415
   20 18  2  2.0  0.0  2.6351
   21 18  4  2.0  0.0  2.6351
   22 18  6  2.0  0.0  2.6351
   23 19  2  2.0  0.0  2.6249
   24 19  4  2.0  0.0  2.6249
   25 19  6  2.0  0.0  2.6249
   26 20  2  2.0  0.0  2.6098
   27 20  4  2.0  0.0  2.6098
   28 20  6  2.0  0.0  2.6098
   29 21  2  2.0  0.0  2.5883
   30 21  4  2.0  0.0  2.5883
   31 21  6  2.0  0.0  2.5883
   32 22  2  2.0  0.0  2.5578
   33 22  4  2.0  0.0  2.5578
   34 22  6  2.0  0.0  2.5578
   35 23  2  2.0  0.0  2.5139
   36 23  4  2.0  0.0  2.5139
   37 23  6  2.0  0.0  2.5139
   38 24  2  2.0  0.0  2.4487
   39 24  4  2.0  0.0  2.4487
   40 24  6  2.0  0.0  2.4487
   41 25  2  2.0  0.0  2.3467
   42 25  4  2.0  0.0  2.3467
   43 25  6  2.0  0.0  2.3467
   44 26  2  2.0  0.0  2.1745
   45 26  4  2.0  0.0  2.1745
   46 26  6  2.0  0.0  2.1745
   47 27  2  2.0  0.0  1.8473
   48 27  4  2.0  0.0  1.8473
   49 27  6  2.0  0.0  1.8473
   50 28  2  2.0  0.0  1.0128
   51 28  4  2.0  0.0  1.0128
   52 28  6  2.0  0.0  1.0128
  # CC set:  12 Chans:  52 JTOT=   5.0 Parity:-1
 #ich: n  L   Jp  Jt   KCM
    1  1  5  0.0  0.0  2.6833
    2  2  5  0.0  0.0  2.6444
    3  3  5  0.0  0.0  2.6440
    4  4  5  0.0  0.0  2.6406
    5  5  5  0.0  0.0  2.6346
    6  6  5  0.0  0.0  2.6253
    7  7  5  0.0  0.0  2.6114
    8  8  5  0.0  0.0  2.5923
    9  9  5  0.0  0.0  2.5671
   10 10  5  0.0  0.0  2.5335
   11 11  5  0.0  0.0  2.4877
   12 12  5  0.0  0.0  2.4229
   13 13  5  0.0  0.0  2.3267
   14 14  5  0.0  0.0  2.1737
   15 15  5  0.0  0.0  1.9053
   16 16  5  0.0  0.0  1.3261
   17 17  3  2.0  0.0  2.6415
   18 17  5  2.0  0.0  2.6415
   19 17  7  2.0  0.0  2.6415
   20 18  3  2.0  0.0  2.6351
   21 18  5  2.0  0.0  2.6351
   22 18  7  2.0  0.0  2.6351
   23 19  3  2.0  0.0  2.6249
   24 19  5  2.0  0.0  2.6249
   25 19  7  2.0  0.0  2.6249
   26 20  3  2.0  0.0  2.6098
   27 20  5  2.0  0.0  2.6098
   28 20  7  2.0  0.0  2.6098
   29 21  3  2.0  0.0  2.5883
   30 21  5  2.0  0.0  2.5883
   31 21  7  2.0  0.0  2.5883
   32 22  3  2.0  0.0  2.5578
   33 22  5  2.0  0.0  2.5578
   34 22  7  2.0  0.0  2.5578
   35 23  3  2.0  0.0  2.5139
   36 23  5  2.0  0.0  2.5139
   37 23  7  2.0  0.0  2.5139
   38 24  3  2.0  0.0  2.4487
   39 24  5  2.0  0.0  2.4487
   40 24  7  2.0  0.0  2.4487
   41 25  3  2.0  0.0  2.3467
   42 25  5  2.0  0.0  2.3467
   43 25  7  2.0  0.0  2.3467
   44 26  3  2.0  0.0  2.1745
   45 26  5  2.0  0.0  2.1745
   46 26  7  2.0  0.0  2.1745
   47 27  3  2.0  0.0  1.8473
   48 27  5  2.0  0.0  1.8473
   49 27  7  2.0  0.0  1.8473
   50 28  3  2.0  0.0  1.0128
   51 28  5  2.0  0.0  1.0128
   52 28  7  2.0  0.0  1.0128
  # CC set:  13 Chans:  52 JTOT=   6.0 Parity: 1
 #ich: n  L   Jp  Jt   KCM
    1  1  6  0.0  0.0  2.6833
    2  2  6  0.0  0.0  2.6444
    3  3  6  0.0  0.0  2.6440
    4  4  6  0.0  0.0  2.6406
    5  5  6  0.0  0.0  2.6346
    6  6  6  0.0  0.0  2.6253
    7  7  6  0.0  0.0  2.6114
    8  8  6  0.0  0.0  2.5923
    9  9  6  0.0  0.0  2.5671
   10 10  6  0.0  0.0  2.5335
   11 11  6  0.0  0.0  2.4877
   12 12  6  0.0  0.0  2.4229
   13 13  6  0.0  0.0  2.3267
   14 14  6  0.0  0.0  2.1737
   15 15  6  0.0  0.0  1.9053
   16 16  6  0.0  0.0  1.3261
   17 17  4  2.0  0.0  2.6415
   18 17  6  2.0  0.0  2.6415
   19 17  8  2.0  0.0  2.6415
   20 18  4  2.0  0.0  2.6351
   21 18  6  2.0  0.0  2.6351
   22 18  8  2.0  0.0  2.6351
   23 19  4  2.0  0.0  2.6249
   24 19  6  2.0  0.0  2.6249
   25 19  8  2.0  0.0  2.6249
   26 20  4  2.0  0.0  2.6098
   27 20  6  2.0  0.0  2.6098
   28 20  8  2.0  0.0  2.6098
   29 21  4  2.0  0.0  2.5883
   30 21  6  2.0  0.0  2.5883
   31 21  8  2.0  0.0  2.5883
   32 22  4  2.0  0.0  2.5578
   33 22  6  2.0  0.0  2.5578
   34 22  8  2.0  0.0  2.5578
   35 23  4  2.0  0.0  2.5139
   36 23  6  2.0  0.0  2.5139
   37 23  8  2.0  0.0  2.5139
   38 24  4  2.0  0.0  2.4487
   39 24  6  2.0  0.0  2.4487
   40 24  8  2.0  0.0  2.4487
   41 25  4  2.0  0.0  2.3467
   42 25  6  2.0  0.0  2.3467
   43 25  8  2.0  0.0  2.3467
   44 26  4  2.0  0.0  2.1745
   45 26  6  2.0  0.0  2.1745
   46 26  8  2.0  0.0  2.1745
   47 27  4  2.0  0.0  1.8473
   48 27  6  2.0  0.0  1.8473
   49 27  8  2.0  0.0  1.8473
   50 28  4  2.0  0.0  1.0128
   51 28  6  2.0  0.0  1.0128
   52 28  8  2.0  0.0  1.0128
  # CC set:  16 Chans:  52 JTOT=   7.0 Parity:-1
 #ich: n  L   Jp  Jt   KCM
    1  1  7  0.0  0.0  2.6833
    2  2  7  0.0  0.0  2.6444
    3  3  7  0.0  0.0  2.6440
    4  4  7  0.0  0.0  2.6406
    5  5  7  0.0  0.0  2.6346
    6  6  7  0.0  0.0  2.6253
    7  7  7  0.0  0.0  2.6114
    8  8  7  0.0  0.0  2.5923
    9  9  7  0.0  0.0  2.5671
   10 10  7  0.0  0.0  2.5335
   11 11  7  0.0  0.0  2.4877
   12 12  7  0.0  0.0  2.4229
   13 13  7  0.0  0.0  2.3267
   14 14  7  0.0  0.0  2.1737
   15 15  7  0.0  0.0  1.9053
   16 16  7  0.0  0.0  1.3261
   17 17  5  2.0  0.0  2.6415
   18 17  7  2.0  0.0  2.6415
   19 17  9  2.0  0.0  2.6415
   20 18  5  2.0  0.0  2.6351
   21 18  7  2.0  0.0  2.6351
   22 18  9  2.0  0.0  2.6351
   23 19  5  2.0  0.0  2.6249
   24 19  7  2.0  0.0  2.6249
   25 19  9  2.0  0.0  2.6249
   26 20  5  2.0  0.0  2.6098
   27 20  7  2.0  0.0  2.6098
   28 20  9  2.0  0.0  2.6098
   29 21  5  2.0  0.0  2.5883
   30 21  7  2.0  0.0  2.5883
   31 21  9  2.0  0.0  2.5883
   32 22  5  2.0  0.0  2.5578
   33 22  7  2.0  0.0  2.5578
   34 22  9  2.0  0.0  2.5578
   35 23  5  2.0  0.0  2.5139
   36 23  7  2.0  0.0  2.5139
   37 23  9  2.0  0.0  2.5139
   38 24  5  2.0  0.0  2.4487
   39 24  7  2.0  0.0  2.4487
   40 24  9  2.0  0.0  2.4487
   41 25  5  2.0  0.0  2.3467
   42 25  7  2.0  0.0  2.3467
   43 25  9  2.0  0.0  2.3467
   44 26  5  2.0  0.0  2.1745
   45 26  7  2.0  0.0  2.1745
   46 26  9  2.0  0.0  2.1745
   47 27  5  2.0  0.0  1.8473
   48 27  7  2.0  0.0  1.8473
   49 27  9  2.0  0.0  1.8473
   50 28  5  2.0  0.0  1.0128
   51 28  7  2.0  0.0  1.0128
   52 28  9  2.0  0.0  1.0128
  # CC set:  17 Chans:  52 JTOT=   8.0 Parity: 1
 #ich: n  L   Jp  Jt   KCM
    1  1  8  0.0  0.0  2.6833
    2  2  8  0.0  0.0  2.6444
    3  3  8  0.0  0.0  2.6440
    4  4  8  0.0  0.0  2.6406
    5  5  8  0.0  0.0  2.6346
    6  6  8  0.0  0.0  2.6253
    7  7  8  0.0  0.0  2.6114
    8  8  8  0.0  0.0  2.5923
    9  9  8  0.0  0.0  2.5671
   10 10  8  0.0  0.0  2.5335
   11 11  8  0.0  0.0  2.4877
   12 12  8  0.0  0.0  2.4229
   13 13  8  0.0  0.0  2.3267
   14 14  8  0.0  0.0  2.1737
   15 15  8  0.0  0.0  1.9053
   16 16  8  0.0  0.0  1.3261
   17 17  6  2.0  0.0  2.6415
   18 17  8  2.0  0.0  2.6415
   19 17 10  2.0  0.0  2.6415
   20 18  6  2.0  0.0  2.6351
   21 18  8  2.0  0.0  2.6351
   22 18 10  2.0  0.0  2.6351
   23 19  6  2.0  0.0  2.6249
   24 19  8  2.0  0.0  2.6249
   25 19 10  2.0  0.0  2.6249
   26 20  6  2.0  0.0  2.6098
   27 20  8  2.0  0.0  2.6098
   28 20 10  2.0  0.0  2.6098
   29 21  6  2.0  0.0  2.5883
   30 21  8  2.0  0.0  2.5883
   31 21 10  2.0  0.0  2.5883
   32 22  6  2.0  0.0  2.5578
   33 22  8  2.0  0.0  2.5578
   34 22 10  2.0  0.0  2.5578
   35 23  6  2.0  0.0  2.5139
   36 23  8  2.0  0.0  2.5139
   37 23 10  2.0  0.0  2.5139
   38 24  6  2.0  0.0  2.4487
   39 24  8  2.0  0.0  2.4487
   40 24 10  2.0  0.0  2.4487
   41 25  6  2.0  0.0  2.3467
   42 25  8  2.0  0.0  2.3467
   43 25 10  2.0  0.0  2.3467
   44 26  6  2.0  0.0  2.1745
   45 26  8  2.0  0.0  2.1745
   46 26 10  2.0  0.0  2.1745
   47 27  6  2.0  0.0  1.8473
   48 27  8  2.0  0.0  1.8473
   49 27 10  2.0  0.0  1.8473
   50 28  6  2.0  0.0  1.0128
   51 28  8  2.0  0.0  1.0128
   52 28 10  2.0  0.0  1.0128
  # CC set:  20 Chans:  52 JTOT=   9.0 Parity:-1
 #ich: n  L   Jp  Jt   KCM
    1  1  9  0.0  0.0  2.6833
    2  2  9  0.0  0.0  2.6444
    3  3  9  0.0  0.0  2.6440
    4  4  9  0.0  0.0  2.6406
    5  5  9  0.0  0.0  2.6346
    6  6  9  0.0  0.0  2.6253
    7  7  9  0.0  0.0  2.6114
    8  8  9  0.0  0.0  2.5923
    9  9  9  0.0  0.0  2.5671
   10 10  9  0.0  0.0  2.5335
   11 11  9  0.0  0.0  2.4877
   12 12  9  0.0  0.0  2.4229
   13 13  9  0.0  0.0  2.3267
   14 14  9  0.0  0.0  2.1737
   15 15  9  0.0  0.0  1.9053
   16 16  9  0.0  0.0  1.3261
   17 17  7  2.0  0.0  2.6415
   18 17  9  2.0  0.0  2.6415
   19 17 11  2.0  0.0  2.6415
   20 18  7  2.0  0.0  2.6351
   21 18  9  2.0  0.0  2.6351
   22 18 11  2.0  0.0  2.6351
   23 19  7  2.0  0.0  2.6249
   24 19  9  2.0  0.0  2.6249
   25 19 11  2.0  0.0  2.6249
   26 20  7  2.0  0.0  2.6098
   27 20  9  2.0  0.0  2.6098
   28 20 11  2.0  0.0  2.6098
   29 21  7  2.0  0.0  2.5883
   30 21  9  2.0  0.0  2.5883
   31 21 11  2.0  0.0  2.5883
   32 22  7  2.0  0.0  2.5578
   33 22  9  2.0  0.0  2.5578
   34 22 11  2.0  0.0  2.5578
   35 23  7  2.0  0.0  2.5139
   36 23  9  2.0  0.0  2.5139
   37 23 11  2.0  0.0  2.5139
   38 24  7  2.0  0.0  2.4487
   39 24  9  2.0  0.0  2.4487
   40 24 11  2.0  0.0  2.4487
   41 25  7  2.0  0.0  2.3467
   42 25  9  2.0  0.0  2.3467
   43 25 11  2.0  0.0  2.3467
   44 26  7  2.0  0.0  2.1745
   45 26  9  2.0  0.0  2.1745
   46 26 11  2.0  0.0  2.1745
   47 27  7  2.0  0.0  1.8473
   48 27  9  2.0  0.0  1.8473
   49 27 11  2.0  0.0  1.8473
   50 28  7  2.0  0.0  1.0128
   51 28  9  2.0  0.0  1.0128
   52 28 11  2.0  0.0  1.0128
  # CC set:  21 Chans:  52 JTOT=  10.0 Parity: 1
 #ich: n  L   Jp  Jt   KCM
    1  1 10  0.0  0.0  2.6833
    2  2 10  0.0  0.0  2.6444
    3  3 10  0.0  0.0  2.6440
    4  4 10  0.0  0.0  2.6406
    5  5 10  0.0  0.0  2.6346
    6  6 10  0.0  0.0  2.6253
    7  7 10  0.0  0.0  2.6114
    8  8 10  0.0  0.0  2.5923
    9  9 10  0.0  0.0  2.5671
   10 10 10  0.0  0.0  2.5335
   11 11 10  0.0  0.0  2.4877
   12 12 10  0.0  0.0  2.4229
   13 13 10  0.0  0.0  2.3267
   14 14 10  0.0  0.0  2.1737
   15 15 10  0.0  0.0  1.9053
   16 16 10  0.0  0.0  1.3261
   17 17  8  2.0  0.0  2.6415
   18 17 10  2.0  0.0  2.6415
   19 17 12  2.0  0.0  2.6415
   20 18  8  2.0  0.0  2.6351
   21 18 10  2.0  0.0  2.6351
   22 18 12  2.0  0.0  2.6351
   23 19  8  2.0  0.0  2.6249
   24 19 10  2.0  0.0  2.6249
   25 19 12  2.0  0.0  2.6249
   26 20  8  2.0  0.0  2.6098
   27 20 10  2.0  0.0  2.6098
   28 20 12  2.0  0.0  2.6098
   29 21  8  2.0  0.0  2.5883
   30 21 10  2.0  0.0  2.5883
   31 21 12  2.0  0.0  2.5883
   32 22  8  2.0  0.0  2.5578
   33 22 10  2.0  0.0  2.5578
   34 22 12  2.0  0.0  2.5578
   35 23  8  2.0  0.0  2.5139
   36 23 10  2.0  0.0  2.5139
   37 23 12  2.0  0.0  2.5139
   38 24  8  2.0  0.0  2.4487
   39 24 10  2.0  0.0  2.4487
   40 24 12  2.0  0.0  2.4487
   41 25  8  2.0  0.0  2.3467
   42 25 10  2.0  0.0  2.3467
   43 25 12  2.0  0.0  2.3467
   44 26  8  2.0  0.0  2.1745
   45 26 10  2.0  0.0  2.1745
   46 26 12  2.0  0.0  2.1745
   47 27  8  2.0  0.0  1.8473
   48 27 10  2.0  0.0  1.8473
   49 27 12  2.0  0.0  1.8473
   50 28  8  2.0  0.0  1.0128
   51 28 10  2.0  0.0  1.0128
   52 28 12  2.0  0.0  1.0128
  # CC set:  24 Chans:  52 JTOT=  11.0 Parity:-1
 #ich: n  L   Jp  Jt   KCM
    1  1 11  0.0  0.0  2.6833
    2  2 11  0.0  0.0  2.6444
    3  3 11  0.0  0.0  2.6440
    4  4 11  0.0  0.0  2.6406
    5  5 11  0.0  0.0  2.6346
    6  6 11  0.0  0.0  2.6253
    7  7 11  0.0  0.0  2.6114
    8  8 11  0.0  0.0  2.5923
    9  9 11  0.0  0.0  2.5671
   10 10 11  0.0  0.0  2.5335
   11 11 11  0.0  0.0  2.4877
   12 12 11  0.0  0.0  2.4229
   13 13 11  0.0  0.0  2.3267
   14 14 11  0.0  0.0  2.1737
   15 15 11  0.0  0.0  1.9053
   16 16 11  0.0  0.0  1.3261
   17 17  9  2.0  0.0  2.6415
   18 17 11  2.0  0.0  2.6415
   19 17 13  2.0  0.0  2.6415
   20 18  9  2.0  0.0  2.6351
   21 18 11  2.0  0.0  2.6351
   22 18 13  2.0  0.0  2.6351
   23 19  9  2.0  0.0  2.6249
   24 19 11  2.0  0.0  2.6249
   25 19 13  2.0  0.0  2.6249
   26 20  9  2.0  0.0  2.6098
   27 20 11  2.0  0.0  2.6098
   28 20 13  2.0  0.0  2.6098
   29 21  9  2.0  0.0  2.5883
   30 21 11  2.0  0.0  2.5883
   31 21 13  2.0  0.0  2.5883
   32 22  9  2.0  0.0  2.5578
   33 22 11  2.0  0.0  2.5578
   34 22 13  2.0  0.0  2.5578
   35 23  9  2.0  0.0  2.5139
   36 23 11  2.0  0.0  2.5139
   37 23 13  2.0  0.0  2.5139
   38 24  9  2.0  0.0  2.4487
   39 24 11  2.0  0.0  2.4487
   40 24 13  2.0  0.0  2.4487
   41 25  9  2.0  0.0  2.3467
   42 25 11  2.0  0.0  2.3467
   43 25 13  2.0  0.0  2.3467
   44 26  9  2.0  0.0  2.1745
   45 26 11  2.0  0.0  2.1745
   46 26 13  2.0  0.0  2.1745
   47 27  9  2.0  0.0  1.8473
   48 27 11  2.0  0.0  1.8473
   49 27 13  2.0  0.0  1.8473
   50 28  9  2.0  0.0  1.0128
   51 28 11  2.0  0.0  1.0128
   52 28 13  2.0  0.0  1.0128
  # CC set:  25 Chans:  52 JTOT=  12.0 Parity: 1
 #ich: n  L   Jp  Jt   KCM
    1  1 12  0.0  0.0  2.6833
    2  2 12  0.0  0.0  2.6444
    3  3 12  0.0  0.0  2.6440
    4  4 12  0.0  0.0  2.6406
    5  5 12  0.0  0.0  2.6346
    6  6 12  0.0  0.0  2.6253
    7  7 12  0.0  0.0  2.6114
    8  8 12  0.0  0.0  2.5923
    9  9 12  0.0  0.0  2.5671
   10 10 12  0.0  0.0  2.5335
   11 11 12  0.0  0.0  2.4877
   12 12 12  0.0  0.0  2.4229
   13 13 12  0.0  0.0  2.3267
   14 14 12  0.0  0.0  2.1737
   15 15 12  0.0  0.0  1.9053
   16 16 12  0.0  0.0  1.3261
   17 17 10  2.0  0.0  2.6415
   18 17 12  2.0  0.0  2.6415
   19 17 14  2.0  0.0  2.6415
   20 18 10  2.0  0.0  2.6351
   21 18 12  2.0  0.0  2.6351
   22 18 14  2.0  0.0  2.6351
   23 19 10  2.0  0.0  2.6249
   24 19 12  2.0  0.0  2.6249
   25 19 14  2.0  0.0  2.6249
   26 20 10  2.0  0.0  2.6098
   27 20 12  2.0  0.0  2.6098
   28 20 14  2.0  0.0  2.6098
   29 21 10  2.0  0.0  2.5883
   30 21 12  2.0  0.0  2.5883
   31 21 14  2.0  0.0  2.5883
   32 22 10  2.0  0.0  2.5578
   33 22 12  2.0  0.0  2.5578
   34 22 14  2.0  0.0  2.5578
   35 23 10  2.0  0.0  2.5139
   36 23 12  2.0  0.0  2.5139
   37 23 14  2.0  0.0  2.5139
   38 24 10  2.0  0.0  2.4487
   39 24 12  2.0  0.0  2.4487
   40 24 14  2.0  0.0  2.4487
   41 25 10  2.0  0.0  2.3467
   42 25 12  2.0  0.0  2.3467
   43 25 14  2.0  0.0  2.3467
   44 26 10  2.0  0.0  2.1745
   45 26 12  2.0  0.0  2.1745
   46 26 14  2.0  0.0  2.1745
   47 27 10  2.0  0.0  1.8473
   48 27 12  2.0  0.0  1.8473
   49 27 14  2.0  0.0  1.8473
   50 28 10  2.0  0.0  1.0128
   51 28 12  2.0  0.0  1.0128
   52 28 14  2.0  0.0  1.0128
  # CC set:  28 Chans:  52 JTOT=  13.0 Parity:-1
 #ich: n  L   Jp  Jt   KCM
    1  1 13  0.0  0.0  2.6833
    2  2 13  0.0  0.0  2.6444
    3  3 13  0.0  0.0  2.6440
    4  4 13  0.0  0.0  2.6406
    5  5 13  0.0  0.0  2.6346
    6  6 13  0.0  0.0  2.6253
    7  7 13  0.0  0.0  2.6114
    8  8 13  0.0  0.0  2.5923
    9  9 13  0.0  0.0  2.5671
   10 10 13  0.0  0.0  2.5335
   11 11 13  0.0  0.0  2.4877
   12 12 13  0.0  0.0  2.4229
   13 13 13  0.0  0.0  2.3267
   14 14 13  0.0  0.0  2.1737
   15 15 13  0.0  0.0  1.9053
   16 16 13  0.0  0.0  1.3261
   17 17 11  2.0  0.0  2.6415
   18 17 13  2.0  0.0  2.6415
   19 17 15  2.0  0.0  2.6415
   20 18 11  2.0  0.0  2.6351
   21 18 13  2.0  0.0  2.6351
   22 18 15  2.0  0.0  2.6351
   23 19 11  2.0  0.0  2.6249
   24 19 13  2.0  0.0  2.6249
   25 19 15  2.0  0.0  2.6249
   26 20 11  2.0  0.0  2.6098
   27 20 13  2.0  0.0  2.6098
   28 20 15  2.0  0.0  2.6098
   29 21 11  2.0  0.0  2.5883
   30 21 13  2.0  0.0  2.5883
   31 21 15  2.0  0.0  2.5883
   32 22 11  2.0  0.0  2.5578
   33 22 13  2.0  0.0  2.5578
   34 22 15  2.0  0.0  2.5578
   35 23 11  2.0  0.0  2.5139
   36 23 13  2.0  0.0  2.5139
   37 23 15  2.0  0.0  2.5139
   38 24 11  2.0  0.0  2.4487
   39 24 13  2.0  0.0  2.4487
   40 24 15  2.0  0.0  2.4487
   41 25 11  2.0  0.0  2.3467
   42 25 13  2.0  0.0  2.3467
   43 25 15  2.0  0.0  2.3467
   44 26 11  2.0  0.0  2.1745
   45 26 13  2.0  0.0  2.1745
   46 26 15  2.0  0.0  2.1745
   47 27 11  2.0  0.0  1.8473
   48 27 13  2.0  0.0  1.8473
   49 27 15  2.0  0.0  1.8473
   50 28 11  2.0  0.0  1.0128
   51 28 13  2.0  0.0  1.0128
   52 28 15  2.0  0.0  1.0128
  # CC set:  29 Chans:  52 JTOT=  14.0 Parity: 1
 #ich: n  L   Jp  Jt   KCM
    1  1 14  0.0  0.0  2.6833
    2  2 14  0.0  0.0  2.6444
    3  3 14  0.0  0.0  2.6440
    4  4 14  0.0  0.0  2.6406
    5  5 14  0.0  0.0  2.6346
    6  6 14  0.0  0.0  2.6253
    7  7 14  0.0  0.0  2.6114
    8  8 14  0.0  0.0  2.5923
    9  9 14  0.0  0.0  2.5671
   10 10 14  0.0  0.0  2.5335
   11 11 14  0.0  0.0  2.4877
   12 12 14  0.0  0.0  2.4229
   13 13 14  0.0  0.0  2.3267
   14 14 14  0.0  0.0  2.1737
   15 15 14  0.0  0.0  1.9053
   16 16 14  0.0  0.0  1.3261
   17 17 12  2.0  0.0  2.6415
   18 17 14  2.0  0.0  2.6415
   19 17 16  2.0  0.0  2.6415
   20 18 12  2.0  0.0  2.6351
   21 18 14  2.0  0.0  2.6351
   22 18 16  2.0  0.0  2.6351
   23 19 12  2.0  0.0  2.6249
   24 19 14  2.0  0.0  2.6249
   25 19 16  2.0  0.0  2.6249
   26 20 12  2.0  0.0  2.6098
   27 20 14  2.0  0.0  2.6098
   28 20 16  2.0  0.0  2.6098
   29 21 12  2.0  0.0  2.5883
   30 21 14  2.0  0.0  2.5883
   31 21 16  2.0  0.0  2.5883
   32 22 12  2.0  0.0  2.5578
   33 22 14  2.0  0.0  2.5578
   34 22 16  2.0  0.0  2.5578
   35 23 12  2.0  0.0  2.5139
   36 23 14  2.0  0.0  2.5139
   37 23 16  2.0  0.0  2.5139
   38 24 12  2.0  0.0  2.4487
   39 24 14  2.0  0.0  2.4487
   40 24 16  2.0  0.0  2.4487
   41 25 12  2.0  0.0  2.3467
   42 25 14  2.0  0.0  2.3467
   43 25 16  2.0  0.0  2.3467
   44 26 12  2.0  0.0  2.1745
   45 26 14  2.0  0.0  2.1745
   46 26 16  2.0  0.0  2.1745
   47 27 12  2.0  0.0  1.8473
   48 27 14  2.0  0.0  1.8473
   49 27 16  2.0  0.0  1.8473
   50 28 12  2.0  0.0  1.0128
   51 28 14  2.0  0.0  1.0128
   52 28 16  2.0  0.0  1.0128
  # CC set:  32 Chans:  52 JTOT=  15.0 Parity:-1
 #ich: n  L   Jp  Jt   KCM
    1  1 15  0.0  0.0  2.6833
    2  2 15  0.0  0.0  2.6444
    3  3 15  0.0  0.0  2.6440
    4  4 15  0.0  0.0  2.6406
    5  5 15  0.0  0.0  2.6346
    6  6 15  0.0  0.0  2.6253
    7  7 15  0.0  0.0  2.6114
    8  8 15  0.0  0.0  2.5923
    9  9 15  0.0  0.0  2.5671
   10 10 15  0.0  0.0  2.5335
   11 11 15  0.0  0.0  2.4877
   12 12 15  0.0  0.0  2.4229
   13 13 15  0.0  0.0  2.3267
   14 14 15  0.0  0.0  2.1737
   15 15 15  0.0  0.0  1.9053
   16 16 15  0.0  0.0  1.3261
   17 17 13  2.0  0.0  2.6415
   18 17 15  2.0  0.0  2.6415
   19 17 17  2.0  0.0  2.6415
   20 18 13  2.0  0.0  2.6351
   21 18 15  2.0  0.0  2.6351
   22 18 17  2.0  0.0  2.6351
   23 19 13  2.0  0.0  2.6249
   24 19 15  2.0  0.0  2.6249
   25 19 17  2.0  0.0  2.6249
   26 20 13  2.0  0.0  2.6098
   27 20 15  2.0  0.0  2.6098
   28 20 17  2.0  0.0  2.6098
   29 21 13  2.0  0.0  2.5883
   30 21 15  2.0  0.0  2.5883
   31 21 17  2.0  0.0  2.5883
   32 22 13  2.0  0.0  2.5578
   33 22 15  2.0  0.0  2.5578
   34 22 17  2.0  0.0  2.5578
   35 23 13  2.0  0.0  2.5139
   36 23 15  2.0  0.0  2.5139
   37 23 17  2.0  0.0  2.5139
   38 24 13  2.0  0.0  2.4487
   39 24 15  2.0  0.0  2.4487
   40 24 17  2.0  0.0  2.4487
   41 25 13  2.0  0.0  2.3467
   42 25 15  2.0  0.0  2.3467
   43 25 17  2.0  0.0  2.3467
   44 26 13  2.0  0.0  2.1745
   45 26 15  2.0  0.0  2.1745
   46 26 17  2.0  0.0  2.1745
   47 27 13  2.0  0.0  1.8473
   48 27 15  2.0  0.0  1.8473
   49 27 17  2.0  0.0  1.8473
   50 28 13  2.0  0.0  1.0128
   51 28 15  2.0  0.0  1.0128
   52 28 17  2.0  0.0  1.0128
  # CC set:  33 Chans:  52 JTOT=  16.0 Parity: 1
 #ich: n  L   Jp  Jt   KCM
    1  1 16  0.0  0.0  2.6833
    2  2 16  0.0  0.0  2.6444
    3  3 16  0.0  0.0  2.6440
    4  4 16  0.0  0.0  2.6406
    5  5 16  0.0  0.0  2.6346
    6  6 16  0.0  0.0  2.6253
    7  7 16  0.0  0.0  2.6114
    8  8 16  0.0  0.0  2.5923
    9  9 16  0.0  0.0  2.5671
   10 10 16  0.0  0.0  2.5335
   11 11 16  0.0  0.0  2.4877
   12 12 16  0.0  0.0  2.4229
   13 13 16  0.0  0.0  2.3267
   14 14 16  0.0  0.0  2.1737
   15 15 16  0.0  0.0  1.9053
   16 16 16  0.0  0.0  1.3261
   17 17 14  2.0  0.0  2.6415
   18 17 16  2.0  0.0  2.6415
   19 17 18  2.0  0.0  2.6415
   20 18 14  2.0  0.0  2.6351
   21 18 16  2.0  0.0  2.6351
   22 18 18  2.0  0.0  2.6351
   23 19 14  2.0  0.0  2.6249
   24 19 16  2.0  0.0  2.6249
   25 19 18  2.0  0.0  2.6249
   26 20 14  2.0  0.0  2.6098
   27 20 16  2.0  0.0  2.6098
   28 20 18  2.0  0.0  2.6098
   29 21 14  2.0  0.0  2.5883
   30 21 16  2.0  0.0  2.5883
   31 21 18  2.0  0.0  2.5883
   32 22 14  2.0  0.0  2.5578
   33 22 16  2.0  0.0  2.5578
   34 22 18  2.0  0.0  2.5578
   35 23 14  2.0  0.0  2.5139
   36 23 16  2.0  0.0  2.5139
   37 23 18  2.0  0.0  2.5139
   38 24 14  2.0  0.0  2.4487
   39 24 16  2.0  0.0  2.4487
   40 24 18  2.0  0.0  2.4487
   41 25 14  2.0  0.0  2.3467
   42 25 16  2.0  0.0  2.3467
   43 25 18  2.0  0.0  2.3467
   44 26 14  2.0  0.0  2.1745
   45 26 16  2.0  0.0  2.1745
   46 26 18  2.0  0.0  2.1745
   47 27 14  2.0  0.0  1.8473
   48 27 16  2.0  0.0  1.8473
   49 27 18  2.0  0.0  1.8473
   50 28 14  2.0  0.0  1.0128
   51 28 16  2.0  0.0  1.0128
   52 28 18  2.0  0.0  1.0128
  # CC set:  36 Chans:  52 JTOT=  17.0 Parity:-1
 #ich: n  L   Jp  Jt   KCM
    1  1 17  0.0  0.0  2.6833
    2  2 17  0.0  0.0  2.6444
    3  3 17  0.0  0.0  2.6440
    4  4 17  0.0  0.0  2.6406
    5  5 17  0.0  0.0  2.6346
    6  6 17  0.0  0.0  2.6253
    7  7 17  0.0  0.0  2.6114
    8  8 17  0.0  0.0  2.5923
    9  9 17  0.0  0.0  2.5671
   10 10 17  0.0  0.0  2.5335
   11 11 17  0.0  0.0  2.4877
   12 12 17  0.0  0.0  2.4229
   13 13 17  0.0  0.0  2.3267
   14 14 17  0.0  0.0  2.1737
   15 15 17  0.0  0.0  1.9053
   16 16 17  0.0  0.0  1.3261
   17 17 15  2.0  0.0  2.6415
   18 17 17  2.0  0.0  2.6415
   19 17 19  2.0  0.0  2.6415
   20 18 15  2.0  0.0  2.6351
   21 18 17  2.0  0.0  2.6351
   22 18 19  2.0  0.0  2.6351
   23 19 15  2.0  0.0  2.6249
   24 19 17  2.0  0.0  2.6249
   25 19 19  2.0  0.0  2.6249
   26 20 15  2.0  0.0  2.6098
   27 20 17  2.0  0.0  2.6098
   28 20 19  2.0  0.0  2.6098
   29 21 15  2.0  0.0  2.5883
   30 21 17  2.0  0.0  2.5883
   31 21 19  2.0  0.0  2.5883
   32 22 15  2.0  0.0  2.5578
   33 22 17  2.0  0.0  2.5578
   34 22 19  2.0  0.0  2.5578
   35 23 15  2.0  0.0  2.5139
   36 23 17  2.0  0.0  2.5139
   37 23 19  2.0  0.0  2.5139
   38 24 15  2.0  0.0  2.4487
   39 24 17  2.0  0.0  2.4487
   40 24 19  2.0  0.0  2.4487
   41 25 15  2.0  0.0  2.3467
   42 25 17  2.0  0.0  2.3467
   43 25 19  2.0  0.0  2.3467
   44 26 15  2.0  0.0  2.1745
   45 26 17  2.0  0.0  2.1745
   46 26 19  2.0  0.0  2.1745
   47 27 15  2.0  0.0  1.8473
   48 27 17  2.0  0.0  1.8473
   49 27 19  2.0  0.0  1.8473
   50 28 15  2.0  0.0  1.0128
   51 28 17  2.0  0.0  1.0128
   52 28 19  2.0  0.0  1.0128
  # CC set:  37 Chans:  52 JTOT=  18.0 Parity: 1
 #ich: n  L   Jp  Jt   KCM
    1  1 18  0.0  0.0  2.6833
    2  2 18  0.0  0.0  2.6444
    3  3 18  0.0  0.0  2.6440
    4  4 18  0.0  0.0  2.6406
    5  5 18  0.0  0.0  2.6346
    6  6 18  0.0  0.0  2.6253
    7  7 18  0.0  0.0  2.6114
    8  8 18  0.0  0.0  2.5923
    9  9 18  0.0  0.0  2.5671
   10 10 18  0.0  0.0  2.5335
   11 11 18  0.0  0.0  2.4877
   12 12 18  0.0  0.0  2.4229
   13 13 18  0.0  0.0  2.3267
   14 14 18  0.0  0.0  2.1737
   15 15 18  0.0  0.0  1.9053
   16 16 18  0.0  0.0  1.3261
   17 17 16  2.0  0.0  2.6415
   18 17 18  2.0  0.0  2.6415
   19 17 20  2.0  0.0  2.6415
   20 18 16  2.0  0.0  2.6351
   21 18 18  2.0  0.0  2.6351
   22 18 20  2.0  0.0  2.6351
   23 19 16  2.0  0.0  2.6249
   24 19 18  2.0  0.0  2.6249
   25 19 20  2.0  0.0  2.6249
   26 20 16  2.0  0.0  2.6098
   27 20 18  2.0  0.0  2.6098
   28 20 20  2.0  0.0  2.6098
   29 21 16  2.0  0.0  2.5883
   30 21 18  2.0  0.0  2.5883
   31 21 20  2.0  0.0  2.5883
   32 22 16  2.0  0.0  2.5578
   33 22 18  2.0  0.0  2.5578
   34 22 20  2.0  0.0  2.5578
   35 23 16  2.0  0.0  2.5139
   36 23 18  2.0  0.0  2.5139
   37 23 20  2.0  0.0  2.5139
   38 24 16  2.0  0.0  2.4487
   39 24 18  2.0  0.0  2.4487
   40 24 20  2.0  0.0  2.4487
   41 25 16  2.0  0.0  2.3467
   42 25 18  2.0  0.0  2.3467
   43 25 20  2.0  0.0  2.3467
   44 26 16  2.0  0.0  2.1745
   45 26 18  2.0  0.0  2.1745
   46 26 20  2.0  0.0  2.1745
   47 27 16  2.0  0.0  1.8473
   48 27 18  2.0  0.0  1.8473
   49 27 20  2.0  0.0  1.8473
   50 28 16  2.0  0.0  1.0128
   51 28 18  2.0  0.0  1.0128
   52 28 20  2.0  0.0  1.0128
  # CC set:  40 Chans:  52 JTOT=  19.0 Parity:-1
 #ich: n  L   Jp  Jt   KCM
    1  1 19  0.0  0.0  2.6833
    2  2 19  0.0  0.0  2.6444
    3  3 19  0.0  0.0  2.6440
    4  4 19  0.0  0.0  2.6406
    5  5 19  0.0  0.0  2.6346
    6  6 19  0.0  0.0  2.6253
    7  7 19  0.0  0.0  2.6114
    8  8 19  0.0  0.0  2.5923
    9  9 19  0.0  0.0  2.5671
   10 10 19  0.0  0.0  2.5335
   11 11 19  0.0  0.0  2.4877
   12 12 19  0.0  0.0  2.4229
   13 13 19  0.0  0.0  2.3267
   14 14 19  0.0  0.0  2.1737
   15 15 19  0.0  0.0  1.9053
   16 16 19  0.0  0.0  1.3261
   17 17 17  2.0  0.0  2.6415
   18 17 19  2.0  0.0  2.6415
   19 17 21  2.0  0.0  2.6415
   20 18 17  2.0  0.0  2.6351
   21 18 19  2.0  0.0  2.6351
   22 18 21  2.0  0.0  2.6351
   23 19 17  2.0  0.0  2.6249
   24 19 19  2.0  0.0  2.6249
   25 19 21  2.0  0.0  2.6249
   26 20 17  2.0  0.0  2.6098
   27 20 19  2.0  0.0  2.6098
   28 20 21  2.0  0.0  2.6098
   29 21 17  2.0  0.0  2.5883
   30 21 19  2.0  0.0  2.5883
   31 21 21  2.0  0.0  2.5883
   32 22 17  2.0  0.0  2.5578
   33 22 19  2.0  0.0  2.5578
   34 22 21  2.0  0.0  2.5578
   35 23 17  2.0  0.0  2.5139
   36 23 19  2.0  0.0  2.5139
   37 23 21  2.0  0.0  2.5139
   38 24 17  2.0  0.0  2.4487
   39 24 19  2.0  0.0  2.4487
   40 24 21  2.0  0.0  2.4487
   41 25 17  2.0  0.0  2.3467
   42 25 19  2.0  0.0  2.3467
   43 25 21  2.0  0.0  2.3467
   44 26 17  2.0  0.0  2.1745
   45 26 19  2.0  0.0  2.1745
   46 26 21  2.0  0.0  2.1745
   47 27 17  2.0  0.0  1.8473
   48 27 19  2.0  0.0  1.8473
   49 27 21  2.0  0.0  1.8473
   50 28 17  2.0  0.0  1.0128
   51 28 19  2.0  0.0  1.0128
   52 28 21  2.0  0.0  1.0128
  # CC set:  41 Chans:  52 JTOT=  20.0 Parity: 1
 #ich: n  L   Jp  Jt   KCM
    1  1 20  0.0  0.0  2.6833
    2  2 20  0.0  0.0  2.6444
    3  3 20  0.0  0.0  2.6440
    4  4 20  0.0  0.0  2.6406
    5  5 20  0.0  0.0  2.6346
    6  6 20  0.0  0.0  2.6253
    7  7 20  0.0  0.0  2.6114
    8  8 20  0.0  0.0  2.5923
    9  9 20  0.0  0.0  2.5671
   10 10 20  0.0  0.0  2.5335
   11 11 20  0.0  0.0  2.4877
   12 12 20  0.0  0.0  2.4229
   13 13 20  0.0  0.0  2.3267
   14 14 20  0.0  0.0  2.1737
   15 15 20  0.0  0.0  1.9053
   16 16 20  0.0  0.0  1.3261
   17 17 18  2.0  0.0  2.6415
   18 17 20  2.0  0.0  2.6415
   19 17 22  2.0  0.0  2.6415
   20 18 18  2.0  0.0  2.6351
   21 18 20  2.0  0.0  2.6351
   22 18 22  2.0  0.0  2.6351
   23 19 18  2.0  0.0  2.6249
   24 19 20  2.0  0.0  2.6249
   25 19 22  2.0  0.0  2.6249
   26 20 18  2.0  0.0  2.6098
   27 20 20  2.0  0.0  2.6098
   28 20 22  2.0  0.0  2.6098
   29 21 18  2.0  0.0  2.5883
   30 21 20  2.0  0.0  2.5883
   31 21 22  2.0  0.0  2.5883
   32 22 18  2.0  0.0  2.5578
   33 22 20  2.0  0.0  2.5578
   34 22 22  2.0  0.0  2.5578
   35 23 18  2.0  0.0  2.5139
   36 23 20  2.0  0.0  2.5139
   37 23 22  2.0  0.0  2.5139
   38 24 18  2.0  0.0  2.4487
   39 24 20  2.0  0.0  2.4487
   40 24 22  2.0  0.0  2.4487
   41 25 18  2.0  0.0  2.3467
   42 25 20  2.0  0.0  2.3467
   43 25 22  2.0  0.0  2.3467
   44 26 18  2.0  0.0  2.1745
   45 26 20  2.0  0.0  2.1745
   46 26 22  2.0  0.0  2.1745
   47 27 18  2.0  0.0  1.8473
   48 27 20  2.0  0.0  1.8473
   49 27 22  2.0  0.0  1.8473
   50 28 18  2.0  0.0  1.0128
   51 28 20  2.0  0.0  1.0128
   52 28 22  2.0  0.0  1.0128
  # CC set:  44 Chans:  52 JTOT=  21.0 Parity:-1
 #ich: n  L   Jp  Jt   KCM
    1  1 21  0.0  0.0  2.6833
    2  2 21  0.0  0.0  2.6444
    3  3 21  0.0  0.0  2.6440
    4  4 21  0.0  0.0  2.6406
    5  5 21  0.0  0.0  2.6346
    6  6 21  0.0  0.0  2.6253
    7  7 21  0.0  0.0  2.6114
    8  8 21  0.0  0.0  2.5923
    9  9 21  0.0  0.0  2.5671
   10 10 21  0.0  0.0  2.5335
   11 11 21  0.0  0.0  2.4877
   12 12 21  0.0  0.0  2.4229
   13 13 21  0.0  0.0  2.3267
   14 14 21  0.0  0.0  2.1737
   15 15 21  0.0  0.0  1.9053
   16 16 21  0.0  0.0  1.3261
   17 17 19  2.0  0.0  2.6415
   18 17 21  2.0  0.0  2.6415
   19 17 23  2.0  0.0  2.6415
   20 18 19  2.0  0.0  2.6351
   21 18 21  2.0  0.0  2.6351
   22 18 23  2.0  0.0  2.6351
   23 19 19  2.0  0.0  2.6249
   24 19 21  2.0  0.0  2.6249
   25 19 23  2.0  0.0  2.6249
   26 20 19  2.0  0.0  2.6098
   27 20 21  2.0  0.0  2.6098
   28 20 23  2.0  0.0  2.6098
   29 21 19  2.0  0.0  2.5883
   30 21 21  2.0  0.0  2.5883
   31 21 23  2.0  0.0  2.5883
   32 22 19  2.0  0.0  2.5578
   33 22 21  2.0  0.0  2.5578
   34 22 23  2.0  0.0  2.5578
   35 23 19  2.0  0.0  2.5139
   36 23 21  2.0  0.0  2.5139
   37 23 23  2.0  0.0  2.5139
   38 24 19  2.0  0.0  2.4487
   39 24 21  2.0  0.0  2.4487
   40 24 23  2.0  0.0  2.4487
   41 25 19  2.0  0.0  2.3467
   42 25 21  2.0  0.0  2.3467
   43 25 23  2.0  0.0  2.3467
   44 26 19  2.0  0.0  2.1745
   45 26 21  2.0  0.0  2.1745
   46 26 23  2.0  0.0  2.1745
   47 27 19  2.0  0.0  1.8473
   48 27 21  2.0  0.0  1.8473
   49 27 23  2.0  0.0  1.8473
   50 28 19  2.0  0.0  1.0128
   51 28 21  2.0  0.0  1.0128
   52 28 23  2.0  0.0  1.0128
  # CC set:  45 Chans:  52 JTOT=  22.0 Parity: 1
 #ich: n  L   Jp  Jt   KCM
    1  1 22  0.0  0.0  2.6833
    2  2 22  0.0  0.0  2.6444
    3  3 22  0.0  0.0  2.6440
    4  4 22  0.0  0.0  2.6406
    5  5 22  0.0  0.0  2.6346
    6  6 22  0.0  0.0  2.6253
    7  7 22  0.0  0.0  2.6114
    8  8 22  0.0  0.0  2.5923
    9  9 22  0.0  0.0  2.5671
   10 10 22  0.0  0.0  2.5335
   11 11 22  0.0  0.0  2.4877
   12 12 22  0.0  0.0  2.4229
   13 13 22  0.0  0.0  2.3267
   14 14 22  0.0  0.0  2.1737
   15 15 22  0.0  0.0  1.9053
   16 16 22  0.0  0.0  1.3261
   17 17 20  2.0  0.0  2.6415
   18 17 22  2.0  0.0  2.6415
   19 17 24  2.0  0.0  2.6415
   20 18 20  2.0  0.0  2.6351
   21 18 22  2.0  0.0  2.6351
   22 18 24  2.0  0.0  2.6351
   23 19 20  2.0  0.0  2.6249
   24 19 22  2.0  0.0  2.6249
   25 19 24  2.0  0.0  2.6249
   26 20 20  2.0  0.0  2.6098
   27 20 22  2.0  0.0  2.6098
   28 20 24  2.0  0.0  2.6098
   29 21 20  2.0  0.0  2.5883
   30 21 22  2.0  0.0  2.5883
   31 21 24  2.0  0.0  2.5883
   32 22 20  2.0  0.0  2.5578
   33 22 22  2.0  0.0  2.5578
   34 22 24  2.0  0.0  2.5578
   35 23 20  2.0  0.0  2.5139
   36 23 22  2.0  0.0  2.5139
   37 23 24  2.0  0.0  2.5139
   38 24 20  2.0  0.0  2.4487
   39 24 22  2.0  0.0  2.4487
   40 24 24  2.0  0.0  2.4487
   41 25 20  2.0  0.0  2.3467
   42 25 22  2.0  0.0  2.3467
   43 25 24  2.0  0.0  2.3467
   44 26 20  2.0  0.0  2.1745
   45 26 22  2.0  0.0  2.1745
   46 26 24  2.0  0.0  2.1745
   47 27 20  2.0  0.0  1.8473
   48 27 22  2.0  0.0  1.8473
   49 27 24  2.0  0.0  1.8473
   50 28 20  2.0  0.0  1.0128
   51 28 22  2.0  0.0  1.0128
   52 28 24  2.0  0.0  1.0128
  # CC set:  48 Chans:  52 JTOT=  23.0 Parity:-1
 #ich: n  L   Jp  Jt   KCM
    1  1 23  0.0  0.0  2.6833
    2  2 23  0.0  0.0  2.6444
    3  3 23  0.0  0.0  2.6440
    4  4 23  0.0  0.0  2.6406
    5  5 23  0.0  0.0  2.6346
    6  6 23  0.0  0.0  2.6253
    7  7 23  0.0  0.0  2.6114
    8  8 23  0.0  0.0  2.5923
    9  9 23  0.0  0.0  2.5671
   10 10 23  0.0  0.0  2.5335
   11 11 23  0.0  0.0  2.4877
   12 12 23  0.0  0.0  2.4229
   13 13 23  0.0  0.0  2.3267
   14 14 23  0.0  0.0  2.1737
   15 15 23  0.0  0.0  1.9053
   16 16 23  0.0  0.0  1.3261
   17 17 21  2.0  0.0  2.6415
   18 17 23  2.0  0.0  2.6415
   19 17 25  2.0  0.0  2.6415
   20 18 21  2.0  0.0  2.6351
   21 18 23  2.0  0.0  2.6351
   22 18 25  2.0  0.0  2.6351
   23 19 21  2.0  0.0  2.6249
   24 19 23  2.0  0.0  2.6249
   25 19 25  2.0  0.0  2.6249
   26 20 21  2.0  0.0  2.6098
   27 20 23  2.0  0.0  2.6098
   28 20 25  2.0  0.0  2.6098
   29 21 21  2.0  0.0  2.5883
   30 21 23  2.0  0.0  2.5883
   31 21 25  2.0  0.0  2.5883
   32 22 21  2.0  0.0  2.5578
   33 22 23  2.0  0.0  2.5578
   34 22 25  2.0  0.0  2.5578
   35 23 21  2.0  0.0  2.5139
   36 23 23  2.0  0.0  2.5139
   37 23 25  2.0  0.0  2.5139
   38 24 21  2.0  0.0  2.4487
   39 24 23  2.0  0.0  2.4487
   40 24 25  2.0  0.0  2.4487
   41 25 21  2.0  0.0  2.3467
   42 25 23  2.0  0.0  2.3467
   43 25 25  2.0  0.0  2.3467
   44 26 21  2.0  0.0  2.1745
   45 26 23  2.0  0.0  2.1745
   46 26 25  2.0  0.0  2.1745
   47 27 21  2.0  0.0  1.8473
   48 27 23  2.0  0.0  1.8473
   49 27 25  2.0  0.0  1.8473
   50 28 21  2.0  0.0  1.0128
   51 28 23  2.0  0.0  1.0128
   52 28 25  2.0  0.0  1.0128
  # CC set:  49 Chans:  52 JTOT=  24.0 Parity: 1
 #ich: n  L   Jp  Jt   KCM
    1  1 24  0.0  0.0  2.6833
    2  2 24  0.0  0.0  2.6444
    3  3 24  0.0  0.0  2.6440
    4  4 24  0.0  0.0  2.6406
    5  5 24  0.0  0.0  2.6346
    6  6 24  0.0  0.0  2.6253
    7  7 24  0.0  0.0  2.6114
    8  8 24  0.0  0.0  2.5923
    9  9 24  0.0  0.0  2.5671
   10 10 24  0.0  0.0  2.5335
   11 11 24  0.0  0.0  2.4877
   12 12 24  0.0  0.0  2.4229
   13 13 24  0.0  0.0  2.3267
   14 14 24  0.0  0.0  2.1737
   15 15 24  0.0  0.0  1.9053
   16 16 24  0.0  0.0  1.3261
   17 17 22  2.0  0.0  2.6415
   18 17 24  2.0  0.0  2.6415
   19 17 26  2.0  0.0  2.6415
   20 18 22  2.0  0.0  2.6351
   21 18 24  2.0  0.0  2.6351
   22 18 26  2.0  0.0  2.6351
   23 19 22  2.0  0.0  2.6249
   24 19 24  2.0  0.0  2.6249
   25 19 26  2.0  0.0  2.6249
   26 20 22  2.0  0.0  2.6098
   27 20 24  2.0  0.0  2.6098
   28 20 26  2.0  0.0  2.6098
   29 21 22  2.0  0.0  2.5883
   30 21 24  2.0  0.0  2.5883
   31 21 26  2.0  0.0  2.5883
   32 22 22  2.0  0.0  2.5578
   33 22 24  2.0  0.0  2.5578
   34 22 26  2.0  0.0  2.5578
   35 23 22  2.0  0.0  2.5139
   36 23 24  2.0  0.0  2.5139
   37 23 26  2.0  0.0  2.5139
   38 24 22  2.0  0.0  2.4487
   39 24 24  2.0  0.0  2.4487
   40 24 26  2.0  0.0  2.4487
   41 25 22  2.0  0.0  2.3467
   42 25 24  2.0  0.0  2.3467
   43 25 26  2.0  0.0  2.3467
   44 26 22  2.0  0.0  2.1745
   45 26 24  2.0  0.0  2.1745
   46 26 26  2.0  0.0  2.1745
   47 27 22  2.0  0.0  1.8473
   48 27 24  2.0  0.0  1.8473
   49 27 26  2.0  0.0  1.8473
   50 28 22  2.0  0.0  1.0128
   51 28 24  2.0  0.0  1.0128
   52 28 26  2.0  0.0  1.0128
  # CC set:  52 Chans:  52 JTOT=  25.0 Parity:-1
 #ich: n  L   Jp  Jt   KCM
    1  1 25  0.0  0.0  2.6833
    2  2 25  0.0  0.0  2.6444
    3  3 25  0.0  0.0  2.6440
    4  4 25  0.0  0.0  2.6406
    5  5 25  0.0  0.0  2.6346
    6  6 25  0.0  0.0  2.6253
    7  7 25  0.0  0.0  2.6114
    8  8 25  0.0  0.0  2.5923
    9  9 25  0.0  0.0  2.5671
   10 10 25  0.0  0.0  2.5335
   11 11 25  0.0  0.0  2.4877
   12 12 25  0.0  0.0  2.4229
   13 13 25  0.0  0.0  2.3267
   14 14 25  0.0  0.0  2.1737
   15 15 25  0.0  0.0  1.9053
   16 16 25  0.0  0.0  1.3261
   17 17 23  2.0  0.0  2.6415
   18 17 25  2.0  0.0  2.6415
   19 17 27  2.0  0.0  2.6415
   20 18 23  2.0  0.0  2.6351
   21 18 25  2.0  0.0  2.6351
   22 18 27  2.0  0.0  2.6351
   23 19 23  2.0  0.0  2.6249
   24 19 25  2.0  0.0  2.6249
   25 19 27  2.0  0.0  2.6249
   26 20 23  2.0  0.0  2.6098
   27 20 25  2.0  0.0  2.6098
   28 20 27  2.0  0.0  2.6098
   29 21 23  2.0  0.0  2.5883
   30 21 25  2.0  0.0  2.5883
   31 21 27  2.0  0.0  2.5883
   32 22 23  2.0  0.0  2.5578
   33 22 25  2.0  0.0  2.5578
   34 22 27  2.0  0.0  2.5578
   35 23 23  2.0  0.0  2.5139
   36 23 25  2.0  0.0  2.5139
   37 23 27  2.0  0.0  2.5139
   38 24 23  2.0  0.0  2.4487
   39 24 25  2.0  0.0  2.4487
   40 24 27  2.0  0.0  2.4487
   41 25 23  2.0  0.0  2.3467
   42 25 25  2.0  0.0  2.3467
   43 25 27  2.0  0.0  2.3467
   44 26 23  2.0  0.0  2.1745
   45 26 25  2.0  0.0  2.1745
   46 26 27  2.0  0.0  2.1745
   47 27 23  2.0  0.0  1.8473
   48 27 25  2.0  0.0  1.8473
   49 27 27  2.0  0.0  1.8473
   50 28 23  2.0  0.0  1.0128
   51 28 25  2.0  0.0  1.0128
   52 28 27  2.0  0.0  1.0128
  # CC set:  53 Chans:  52 JTOT=  26.0 Parity: 1
 #ich: n  L   Jp  Jt   KCM
    1  1 26  0.0  0.0  2.6833
    2  2 26  0.0  0.0  2.6444
    3  3 26  0.0  0.0  2.6440
    4  4 26  0.0  0.0  2.6406
    5  5 26  0.0  0.0  2.6346
    6  6 26  0.0  0.0  2.6253
    7  7 26  0.0  0.0  2.6114
    8  8 26  0.0  0.0  2.5923
    9  9 26  0.0  0.0  2.5671
   10 10 26  0.0  0.0  2.5335
   11 11 26  0.0  0.0  2.4877
   12 12 26  0.0  0.0  2.4229
   13 13 26  0.0  0.0  2.3267
   14 14 26  0.0  0.0  2.1737
   15 15 26  0.0  0.0  1.9053
   16 16 26  0.0  0.0  1.3261
   17 17 24  2.0  0.0  2.6415
   18 17 26  2.0  0.0  2.6415
   19 17 28  2.0  0.0  2.6415
   20 18 24  2.0  0.0  2.6351
   21 18 26  2.0  0.0  2.6351
   22 18 28  2.0  0.0  2.6351
   23 19 24  2.0  0.0  2.6249
   24 19 26  2.0  0.0  2.6249
   25 19 28  2.0  0.0  2.6249
   26 20 24  2.0  0.0  2.6098
   27 20 26  2.0  0.0  2.6098
   28 20 28  2.0  0.0  2.6098
   29 21 24  2.0  0.0  2.5883
   30 21 26  2.0  0.0  2.5883
   31 21 28  2.0  0.0  2.5883
   32 22 24  2.0  0.0  2.5578
   33 22 26  2.0  0.0  2.5578
   34 22 28  2.0  0.0  2.5578
   35 23 24  2.0  0.0  2.5139
   36 23 26  2.0  0.0  2.5139
   37 23 28  2.0  0.0  2.5139
   38 24 24  2.0  0.0  2.4487
   39 24 26  2.0  0.0  2.4487
   40 24 28  2.0  0.0  2.4487
   41 25 24  2.0  0.0  2.3467
   42 25 26  2.0  0.0  2.3467
   43 25 28  2.0  0.0  2.3467
   44 26 24  2.0  0.0  2.1745
   45 26 26  2.0  0.0  2.1745
   46 26 28  2.0  0.0  2.1745
   47 27 24  2.0  0.0  1.8473
   48 27 26  2.0  0.0  1.8473
   49 27 28  2.0  0.0  1.8473
   50 28 24  2.0  0.0  1.0128
   51 28 26  2.0  0.0  1.0128
   52 28 28  2.0  0.0  1.0128
  # CC set:  56 Chans:  52 JTOT=  27.0 Parity:-1
 #ich: n  L   Jp  Jt   KCM
    1  1 27  0.0  0.0  2.6833
    2  2 27  0.0  0.0  2.6444
    3  3 27  0.0  0.0  2.6440
    4  4 27  0.0  0.0  2.6406
    5  5 27  0.0  0.0  2.6346
    6  6 27  0.0  0.0  2.6253
    7  7 27  0.0  0.0  2.6114
    8  8 27  0.0  0.0  2.5923
    9  9 27  0.0  0.0  2.5671
   10 10 27  0.0  0.0  2.5335
   11 11 27  0.0  0.0  2.4877
   12 12 27  0.0  0.0  2.4229
   13 13 27  0.0  0.0  2.3267
   14 14 27  0.0  0.0  2.1737
   15 15 27  0.0  0.0  1.9053
   16 16 27  0.0  0.0  1.3261
   17 17 25  2.0  0.0  2.6415
   18 17 27  2.0  0.0  2.6415
   19 17 29  2.0  0.0  2.6415
   20 18 25  2.0  0.0  2.6351
   21 18 27  2.0  0.0  2.6351
   22 18 29  2.0  0.0  2.6351
   23 19 25  2.0  0.0  2.6249
   24 19 27  2.0  0.0  2.6249
   25 19 29  2.0  0.0  2.6249
   26 20 25  2.0  0.0  2.6098
   27 20 27  2.0  0.0  2.6098
   28 20 29  2.0  0.0  2.6098
   29 21 25  2.0  0.0  2.5883
   30 21 27  2.0  0.0  2.5883
   31 21 29  2.0  0.0  2.5883
   32 22 25  2.0  0.0  2.5578
   33 22 27  2.0  0.0  2.5578
   34 22 29  2.0  0.0  2.5578
   35 23 25  2.0  0.0  2.5139
   36 23 27  2.0  0.0  2.5139
   37 23 29  2.0  0.0  2.5139
   38 24 25  2.0  0.0  2.4487
   39 24 27  2.0  0.0  2.4487
   40 24 29  2.0  0.0  2.4487
   41 25 25  2.0  0.0  2.3467
   42 25 27  2.0  0.0  2.3467
   43 25 29  2.0  0.0  2.3467
   44 26 25  2.0  0.0  2.1745
   45 26 27  2.0  0.0  2.1745
   46 26 29  2.0  0.0  2.1745
   47 27 25  2.0  0.0  1.8473
   48 27 27  2.0  0.0  1.8473
   49 27 29  2.0  0.0  1.8473
   50 28 25  2.0  0.0  1.0128
   51 28 27  2.0  0.0  1.0128
   52 28 29  2.0  0.0  1.0128
  # CC set:  57 Chans:  52 JTOT=  28.0 Parity: 1
 #ich: n  L   Jp  Jt   KCM
    1  1 28  0.0  0.0  2.6833
    2  2 28  0.0  0.0  2.6444
    3  3 28  0.0  0.0  2.6440
    4  4 28  0.0  0.0  2.6406
    5  5 28  0.0  0.0  2.6346
    6  6 28  0.0  0.0  2.6253
    7  7 28  0.0  0.0  2.6114
    8  8 28  0.0  0.0  2.5923
    9  9 28  0.0  0.0  2.5671
   10 10 28  0.0  0.0  2.5335
   11 11 28  0.0  0.0  2.4877
   12 12 28  0.0  0.0  2.4229
   13 13 28  0.0  0.0  2.3267
   14 14 28  0.0  0.0  2.1737
   15 15 28  0.0  0.0  1.9053
   16 16 28  0.0  0.0  1.3261
   17 17 26  2.0  0.0  2.6415
   18 17 28  2.0  0.0  2.6415
   19 17 30  2.0  0.0  2.6415
   20 18 26  2.0  0.0  2.6351
   21 18 28  2.0  0.0  2.6351
   22 18 30  2.0  0.0  2.6351
   23 19 26  2.0  0.0  2.6249
   24 19 28  2.0  0.0  2.6249
   25 19 30  2.0  0.0  2.6249
   26 20 26  2.0  0.0  2.6098
   27 20 28  2.0  0.0  2.6098
   28 20 30  2.0  0.0  2.6098
   29 21 26  2.0  0.0  2.5883
   30 21 28  2.0  0.0  2.5883
   31 21 30  2.0  0.0  2.5883
   32 22 26  2.0  0.0  2.5578
   33 22 28  2.0  0.0  2.5578
   34 22 30  2.0  0.0  2.5578
   35 23 26  2.0  0.0  2.5139
   36 23 28  2.0  0.0  2.5139
   37 23 30  2.0  0.0  2.5139
   38 24 26  2.0  0.0  2.4487
   39 24 28  2.0  0.0  2.4487
   40 24 30  2.0  0.0  2.4487
   41 25 26  2.0  0.0  2.3467
   42 25 28  2.0  0.0  2.3467
   43 25 30  2.0  0.0  2.3467
   44 26 26  2.0  0.0  2.1745
   45 26 28  2.0  0.0  2.1745
   46 26 30  2.0  0.0  2.1745
   47 27 26  2.0  0.0  1.8473
   48 27 28  2.0  0.0  1.8473
   49 27 30  2.0  0.0  1.8473
   50 28 26  2.0  0.0  1.0128
   51 28 28  2.0  0.0  1.0128
   52 28 30  2.0  0.0  1.0128
  # CC set:  60 Chans:  52 JTOT=  29.0 Parity:-1
 #ich: n  L   Jp  Jt   KCM
    1  1 29  0.0  0.0  2.6833
    2  2 29  0.0  0.0  2.6444
    3  3 29  0.0  0.0  2.6440
    4  4 29  0.0  0.0  2.6406
    5  5 29  0.0  0.0  2.6346
    6  6 29  0.0  0.0  2.6253
    7  7 29  0.0  0.0  2.6114
    8  8 29  0.0  0.0  2.5923
    9  9 29  0.0  0.0  2.5671
   10 10 29  0.0  0.0  2.5335
   11 11 29  0.0  0.0  2.4877
   12 12 29  0.0  0.0  2.4229
   13 13 29  0.0  0.0  2.3267
   14 14 29  0.0  0.0  2.1737
   15 15 29  0.0  0.0  1.9053
   16 16 29  0.0  0.0  1.3261
   17 17 27  2.0  0.0  2.6415
   18 17 29  2.0  0.0  2.6415
   19 17 31  2.0  0.0  2.6415
   20 18 27  2.0  0.0  2.6351
   21 18 29  2.0  0.0  2.6351
   22 18 31  2.0  0.0  2.6351
   23 19 27  2.0  0.0  2.6249
   24 19 29  2.0  0.0  2.6249
   25 19 31  2.0  0.0  2.6249
   26 20 27  2.0  0.0  2.6098
   27 20 29  2.0  0.0  2.6098
   28 20 31  2.0  0.0  2.6098
   29 21 27  2.0  0.0  2.5883
   30 21 29  2.0  0.0  2.5883
   31 21 31  2.0  0.0  2.5883
   32 22 27  2.0  0.0  2.5578
   33 22 29  2.0  0.0  2.5578
   34 22 31  2.0  0.0  2.5578
   35 23 27  2.0  0.0  2.5139
   36 23 29  2.0  0.0  2.5139
   37 23 31  2.0  0.0  2.5139
   38 24 27  2.0  0.0  2.4487
   39 24 29  2.0  0.0  2.4487
   40 24 31  2.0  0.0  2.4487
   41 25 27  2.0  0.0  2.3467
   42 25 29  2.0  0.0  2.3467
   43 25 31  2.0  0.0  2.3467
   44 26 27  2.0  0.0  2.1745
   45 26 29  2.0  0.0  2.1745
   46 26 31  2.0  0.0  2.1745
   47 27 27  2.0  0.0  1.8473
   48 27 29  2.0  0.0  1.8473
   49 27 31  2.0  0.0  1.8473
   50 28 27  2.0  0.0  1.0128
   51 28 29  2.0  0.0  1.0128
   52 28 31  2.0  0.0  1.0128
  # CC set:  61 Chans:  52 JTOT=  30.0 Parity: 1
 #ich: n  L   Jp  Jt   KCM
    1  1 30  0.0  0.0  2.6833
    2  2 30  0.0  0.0  2.6444
    3  3 30  0.0  0.0  2.6440
    4  4 30  0.0  0.0  2.6406
    5  5 30  0.0  0.0  2.6346
    6  6 30  0.0  0.0  2.6253
    7  7 30  0.0  0.0  2.6114
    8  8 30  0.0  0.0  2.5923
    9  9 30  0.0  0.0  2.5671
   10 10 30  0.0  0.0  2.5335
   11 11 30  0.0  0.0  2.4877
   12 12 30  0.0  0.0  2.4229
   13 13 30  0.0  0.0  2.3267
   14 14 30  0.0  0.0  2.1737
   15 15 30  0.0  0.0  1.9053
   16 16 30  0.0  0.0  1.3261
   17 17 28  2.0  0.0  2.6415
   18 17 30  2.0  0.0  2.6415
   19 17 32  2.0  0.0  2.6415
   20 18 28  2.0  0.0  2.6351
   21 18 30  2.0  0.0  2.6351
   22 18 32  2.0  0.0  2.6351
   23 19 28  2.0  0.0  2.6249
   24 19 30  2.0  0.0  2.6249
   25 19 32  2.0  0.0  2.6249
   26 20 28  2.0  0.0  2.6098
   27 20 30  2.0  0.0  2.6098
   28 20 32  2.0  0.0  2.6098
   29 21 28  2.0  0.0  2.5883
   30 21 30  2.0  0.0  2.5883
   31 21 32  2.0  0.0  2.5883
   32 22 28  2.0  0.0  2.5578
   33 22 30  2.0  0.0  2.5578
   34 22 32  2.0  0.0  2.5578
   35 23 28  2.0  0.0  2.5139
   36 23 30  2.0  0.0  2.5139
   37 23 32  2.0  0.0  2.5139
   38 24 28  2.0  0.0  2.4487
   39 24 30  2.0  0.0  2.4487
   40 24 32  2.0  0.0  2.4487
   41 25 28  2.0  0.0  2.3467
   42 25 30  2.0  0.0  2.3467
   43 25 32  2.0  0.0  2.3467
   44 26 28  2.0  0.0  2.1745
   45 26 30  2.0  0.0  2.1745
   46 26 32  2.0  0.0  2.1745
   47 27 28  2.0  0.0  1.8473
   48 27 30  2.0  0.0  1.8473
   49 27 32  2.0  0.0  1.8473
   50 28 28  2.0  0.0  1.0128
   51 28 30  2.0  0.0  1.0128
   52 28 32  2.0  0.0  1.0128
  # CC set:  64 Chans:  52 JTOT=  31.0 Parity:-1
 #ich: n  L   Jp  Jt   KCM
    1  1 31  0.0  0.0  2.6833
    2  2 31  0.0  0.0  2.6444
    3  3 31  0.0  0.0  2.6440
    4  4 31  0.0  0.0  2.6406
    5  5 31  0.0  0.0  2.6346
    6  6 31  0.0  0.0  2.6253
    7  7 31  0.0  0.0  2.6114
    8  8 31  0.0  0.0  2.5923
    9  9 31  0.0  0.0  2.5671
   10 10 31  0.0  0.0  2.5335
   11 11 31  0.0  0.0  2.4877
   12 12 31  0.0  0.0  2.4229
   13 13 31  0.0  0.0  2.3267
   14 14 31  0.0  0.0  2.1737
   15 15 31  0.0  0.0  1.9053
   16 16 31  0.0  0.0  1.3261
   17 17 29  2.0  0.0  2.6415
   18 17 31  2.0  0.0  2.6415
   19 17 33  2.0  0.0  2.6415
   20 18 29  2.0  0.0  2.6351
   21 18 31  2.0  0.0  2.6351
   22 18 33  2.0  0.0  2.6351
   23 19 29  2.0  0.0  2.6249
   24 19 31  2.0  0.0  2.6249
   25 19 33  2.0  0.0  2.6249
   26 20 29  2.0  0.0  2.6098
   27 20 31  2.0  0.0  2.6098
   28 20 33  2.0  0.0  2.6098
   29 21 29  2.0  0.0  2.5883
   30 21 31  2.0  0.0  2.5883
   31 21 33  2.0  0.0  2.5883
   32 22 29  2.0  0.0  2.5578
   33 22 31  2.0  0.0  2.5578
   34 22 33  2.0  0.0  2.5578
   35 23 29  2.0  0.0  2.5139
   36 23 31  2.0  0.0  2.5139
   37 23 33  2.0  0.0  2.5139
   38 24 29  2.0  0.0  2.4487
   39 24 31  2.0  0.0  2.4487
   40 24 33  2.0  0.0  2.4487
   41 25 29  2.0  0.0  2.3467
   42 25 31  2.0  0.0  2.3467
   43 25 33  2.0  0.0  2.3467
   44 26 29  2.0  0.0  2.1745
   45 26 31  2.0  0.0  2.1745
   46 26 33  2.0  0.0  2.1745
   47 27 29  2.0  0.0  1.8473
   48 27 31  2.0  0.0  1.8473
   49 27 33  2.0  0.0  1.8473
   50 28 29  2.0  0.0  1.0128
   51 28 31  2.0  0.0  1.0128
   52 28 33  2.0  0.0  1.0128
  # CC set:  65 Chans:  52 JTOT=  32.0 Parity: 1
 #ich: n  L   Jp  Jt   KCM
    1  1 32  0.0  0.0  2.6833
    2  2 32  0.0  0.0  2.6444
    3  3 32  0.0  0.0  2.6440
    4  4 32  0.0  0.0  2.6406
    5  5 32  0.0  0.0  2.6346
    6  6 32  0.0  0.0  2.6253
    7  7 32  0.0  0.0  2.6114
    8  8 32  0.0  0.0  2.5923
    9  9 32  0.0  0.0  2.5671
   10 10 32  0.0  0.0  2.5335
   11 11 32  0.0  0.0  2.4877
   12 12 32  0.0  0.0  2.4229
   13 13 32  0.0  0.0  2.3267
   14 14 32  0.0  0.0  2.1737
   15 15 32  0.0  0.0  1.9053
   16 16 32  0.0  0.0  1.3261
   17 17 30  2.0  0.0  2.6415
   18 17 32  2.0  0.0  2.6415
   19 17 34  2.0  0.0  2.6415
   20 18 30  2.0  0.0  2.6351
   21 18 32  2.0  0.0  2.6351
   22 18 34  2.0  0.0  2.6351
   23 19 30  2.0  0.0  2.6249
   24 19 32  2.0  0.0  2.6249
   25 19 34  2.0  0.0  2.6249
   26 20 30  2.0  0.0  2.6098
   27 20 32  2.0  0.0  2.6098
   28 20 34  2.0  0.0  2.6098
   29 21 30  2.0  0.0  2.5883
   30 21 32  2.0  0.0  2.5883
   31 21 34  2.0  0.0  2.5883
   32 22 30  2.0  0.0  2.5578
   33 22 32  2.0  0.0  2.5578
   34 22 34  2.0  0.0  2.5578
   35 23 30  2.0  0.0  2.5139
   36 23 32  2.0  0.0  2.5139
   37 23 34  2.0  0.0  2.5139
   38 24 30  2.0  0.0  2.4487
   39 24 32  2.0  0.0  2.4487
   40 24 34  2.0  0.0  2.4487
   41 25 30  2.0  0.0  2.3467
   42 25 32  2.0  0.0  2.3467
   43 25 34  2.0  0.0  2.3467
   44 26 30  2.0  0.0  2.1745
   45 26 32  2.0  0.0  2.1745
   46 26 34  2.0  0.0  2.1745
   47 27 30  2.0  0.0  1.8473
   48 27 32  2.0  0.0  1.8473
   49 27 34  2.0  0.0  1.8473
   50 28 30  2.0  0.0  1.0128
   51 28 32  2.0  0.0  1.0128
   52 28 34  2.0  0.0  1.0128
  # CC set:  68 Chans:  52 JTOT=  33.0 Parity:-1
 #ich: n  L   Jp  Jt   KCM
    1  1 33  0.0  0.0  2.6833
    2  2 33  0.0  0.0  2.6444
    3  3 33  0.0  0.0  2.6440
    4  4 33  0.0  0.0  2.6406
    5  5 33  0.0  0.0  2.6346
    6  6 33  0.0  0.0  2.6253
    7  7 33  0.0  0.0  2.6114
    8  8 33  0.0  0.0  2.5923
    9  9 33  0.0  0.0  2.5671
   10 10 33  0.0  0.0  2.5335
   11 11 33  0.0  0.0  2.4877
   12 12 33  0.0  0.0  2.4229
   13 13 33  0.0  0.0  2.3267
   14 14 33  0.0  0.0  2.1737
   15 15 33  0.0  0.0  1.9053
   16 16 33  0.0  0.0  1.3261
   17 17 31  2.0  0.0  2.6415
   18 17 33  2.0  0.0  2.6415
   19 17 35  2.0  0.0  2.6415
   20 18 31  2.0  0.0  2.6351
   21 18 33  2.0  0.0  2.6351
   22 18 35  2.0  0.0  2.6351
   23 19 31  2.0  0.0  2.6249
   24 19 33  2.0  0.0  2.6249
   25 19 35  2.0  0.0  2.6249
   26 20 31  2.0  0.0  2.6098
   27 20 33  2.0  0.0  2.6098
   28 20 35  2.0  0.0  2.6098
   29 21 31  2.0  0.0  2.5883
   30 21 33  2.0  0.0  2.5883
   31 21 35  2.0  0.0  2.5883
   32 22 31  2.0  0.0  2.5578
   33 22 33  2.0  0.0  2.5578
   34 22 35  2.0  0.0  2.5578
   35 23 31  2.0  0.0  2.5139
   36 23 33  2.0  0.0  2.5139
   37 23 35  2.0  0.0  2.5139
   38 24 31  2.0  0.0  2.4487
   39 24 33  2.0  0.0  2.4487
   40 24 35  2.0  0.0  2.4487
   41 25 31  2.0  0.0  2.3467
   42 25 33  2.0  0.0  2.3467
   43 25 35  2.0  0.0  2.3467
   44 26 31  2.0  0.0  2.1745
   45 26 33  2.0  0.0  2.1745
   46 26 35  2.0  0.0  2.1745
   47 27 31  2.0  0.0  1.8473
   48 27 33  2.0  0.0  1.8473
   49 27 35  2.0  0.0  1.8473
   50 28 31  2.0  0.0  1.0128
   51 28 33  2.0  0.0  1.0128
   52 28 35  2.0  0.0  1.0128
  # CC set:  69 Chans:  52 JTOT=  34.0 Parity: 1
 #ich: n  L   Jp  Jt   KCM
    1  1 34  0.0  0.0  2.6833
    2  2 34  0.0  0.0  2.6444
    3  3 34  0.0  0.0  2.6440
    4  4 34  0.0  0.0  2.6406
    5  5 34  0.0  0.0  2.6346
    6  6 34  0.0  0.0  2.6253
    7  7 34  0.0  0.0  2.6114
    8  8 34  0.0  0.0  2.5923
    9  9 34  0.0  0.0  2.5671
   10 10 34  0.0  0.0  2.5335
   11 11 34  0.0  0.0  2.4877
   12 12 34  0.0  0.0  2.4229
   13 13 34  0.0  0.0  2.3267
   14 14 34  0.0  0.0  2.1737
   15 15 34  0.0  0.0  1.9053
   16 16 34  0.0  0.0  1.3261
   17 17 32  2.0  0.0  2.6415
   18 17 34  2.0  0.0  2.6415
   19 17 36  2.0  0.0  2.6415
   20 18 32  2.0  0.0  2.6351
   21 18 34  2.0  0.0  2.6351
   22 18 36  2.0  0.0  2.6351
   23 19 32  2.0  0.0  2.6249
   24 19 34  2.0  0.0  2.6249
   25 19 36  2.0  0.0  2.6249
   26 20 32  2.0  0.0  2.6098
   27 20 34  2.0  0.0  2.6098
   28 20 36  2.0  0.0  2.6098
   29 21 32  2.0  0.0  2.5883
   30 21 34  2.0  0.0  2.5883
   31 21 36  2.0  0.0  2.5883
   32 22 32  2.0  0.0  2.5578
   33 22 34  2.0  0.0  2.5578
   34 22 36  2.0  0.0  2.5578
   35 23 32  2.0  0.0  2.5139
   36 23 34  2.0  0.0  2.5139
   37 23 36  2.0  0.0  2.5139
   38 24 32  2.0  0.0  2.4487
   39 24 34  2.0  0.0  2.4487
   40 24 36  2.0  0.0  2.4487
   41 25 32  2.0  0.0  2.3467
   42 25 34  2.0  0.0  2.3467
   43 25 36  2.0  0.0  2.3467
   44 26 32  2.0  0.0  2.1745
   45 26 34  2.0  0.0  2.1745
   46 26 36  2.0  0.0  2.1745
   47 27 32  2.0  0.0  1.8473
   48 27 34  2.0  0.0  1.8473
   49 27 36  2.0  0.0  1.8473
   50 28 32  2.0  0.0  1.0128
   51 28 34  2.0  0.0  1.0128
   52 28 36  2.0  0.0  1.0128
  # CC set:  72 Chans:  52 JTOT=  35.0 Parity:-1
 #ich: n  L   Jp  Jt   KCM
    1  1 35  0.0  0.0  2.6833
    2  2 35  0.0  0.0  2.6444
    3  3 35  0.0  0.0  2.6440
    4  4 35  0.0  0.0  2.6406
    5  5 35  0.0  0.0  2.6346
    6  6 35  0.0  0.0  2.6253
    7  7 35  0.0  0.0  2.6114
    8  8 35  0.0  0.0  2.5923
    9  9 35  0.0  0.0  2.5671
   10 10 35  0.0  0.0  2.5335
   11 11 35  0.0  0.0  2.4877
   12 12 35  0.0  0.0  2.4229
   13 13 35  0.0  0.0  2.3267
   14 14 35  0.0  0.0  2.1737
   15 15 35  0.0  0.0  1.9053
   16 16 35  0.0  0.0  1.3261
   17 17 33  2.0  0.0  2.6415
   18 17 35  2.0  0.0  2.6415
   19 17 37  2.0  0.0  2.6415
   20 18 33  2.0  0.0  2.6351
   21 18 35  2.0  0.0  2.6351
   22 18 37  2.0  0.0  2.6351
   23 19 33  2.0  0.0  2.6249
   24 19 35  2.0  0.0  2.6249
   25 19 37  2.0  0.0  2.6249
   26 20 33  2.0  0.0  2.6098
   27 20 35  2.0  0.0  2.6098
   28 20 37  2.0  0.0  2.6098
   29 21 33  2.0  0.0  2.5883
   30 21 35  2.0  0.0  2.5883
   31 21 37  2.0  0.0  2.5883
   32 22 33  2.0  0.0  2.5578
   33 22 35  2.0  0.0  2.5578
   34 22 37  2.0  0.0  2.5578
   35 23 33  2.0  0.0  2.5139
   36 23 35  2.0  0.0  2.5139
   37 23 37  2.0  0.0  2.5139
   38 24 33  2.0  0.0  2.4487
   39 24 35  2.0  0.0  2.4487
   40 24 37  2.0  0.0  2.4487
   41 25 33  2.0  0.0  2.3467
   42 25 35  2.0  0.0  2.3467
   43 25 37  2.0  0.0  2.3467
   44 26 33  2.0  0.0  2.1745
   45 26 35  2.0  0.0  2.1745
   46 26 37  2.0  0.0  2.1745
   47 27 33  2.0  0.0  1.8473
   48 27 35  2.0  0.0  1.8473
   49 27 37  2.0  0.0  1.8473
   50 28 33  2.0  0.0  1.0128
   51 28 35  2.0  0.0  1.0128
   52 28 37  2.0  0.0  1.0128
  # CC set:  73 Chans:  52 JTOT=  36.0 Parity: 1
 #ich: n  L   Jp  Jt   KCM
    1  1 36  0.0  0.0  2.6833
    2  2 36  0.0  0.0  2.6444
    3  3 36  0.0  0.0  2.6440
    4  4 36  0.0  0.0  2.6406
    5  5 36  0.0  0.0  2.6346
    6  6 36  0.0  0.0  2.6253
    7  7 36  0.0  0.0  2.6114
    8  8 36  0.0  0.0  2.5923
    9  9 36  0.0  0.0  2.5671
   10 10 36  0.0  0.0  2.5335
   11 11 36  0.0  0.0  2.4877
   12 12 36  0.0  0.0  2.4229
   13 13 36  0.0  0.0  2.3267
   14 14 36  0.0  0.0  2.1737
   15 15 36  0.0  0.0  1.9053
   16 16 36  0.0  0.0  1.3261
   17 17 34  2.0  0.0  2.6415
   18 17 36  2.0  0.0  2.6415
   19 17 38  2.0  0.0  2.6415
   20 18 34  2.0  0.0  2.6351
   21 18 36  2.0  0.0  2.6351
   22 18 38  2.0  0.0  2.6351
   23 19 34  2.0  0.0  2.6249
   24 19 36  2.0  0.0  2.6249
   25 19 38  2.0  0.0  2.6249
   26 20 34  2.0  0.0  2.6098
   27 20 36  2.0  0.0  2.6098
   28 20 38  2.0  0.0  2.6098
   29 21 34  2.0  0.0  2.5883
   30 21 36  2.0  0.0  2.5883
   31 21 38  2.0  0.0  2.5883
   32 22 34  2.0  0.0  2.5578
   33 22 36  2.0  0.0  2.5578
   34 22 38  2.0  0.0  2.5578
   35 23 34  2.0  0.0  2.5139
   36 23 36  2.0  0.0  2.5139
   37 23 38  2.0  0.0  2.5139
   38 24 34  2.0  0.0  2.4487
   39 24 36  2.0  0.0  2.4487
   40 24 38  2.0  0.0  2.4487
   41 25 34  2.0  0.0  2.3467
   42 25 36  2.0  0.0  2.3467
   43 25 38  2.0  0.0  2.3467
   44 26 34  2.0  0.0  2.1745
   45 26 36  2.0  0.0  2.1745
   46 26 38  2.0  0.0  2.1745
   47 27 34  2.0  0.0  1.8473
   48 27 36  2.0  0.0  1.8473
   49 27 38  2.0  0.0  1.8473
   50 28 34  2.0  0.0  1.0128
   51 28 36  2.0  0.0  1.0128
   52 28 38  2.0  0.0  1.0128
  # CC set:  76 Chans:  52 JTOT=  37.0 Parity:-1
 #ich: n  L   Jp  Jt   KCM
    1  1 37  0.0  0.0  2.6833
    2  2 37  0.0  0.0  2.6444
    3  3 37  0.0  0.0  2.6440
    4  4 37  0.0  0.0  2.6406
    5  5 37  0.0  0.0  2.6346
    6  6 37  0.0  0.0  2.6253
    7  7 37  0.0  0.0  2.6114
    8  8 37  0.0  0.0  2.5923
    9  9 37  0.0  0.0  2.5671
   10 10 37  0.0  0.0  2.5335
   11 11 37  0.0  0.0  2.4877
   12 12 37  0.0  0.0  2.4229
   13 13 37  0.0  0.0  2.3267
   14 14 37  0.0  0.0  2.1737
   15 15 37  0.0  0.0  1.9053
   16 16 37  0.0  0.0  1.3261
   17 17 35  2.0  0.0  2.6415
   18 17 37  2.0  0.0  2.6415
   19 17 39  2.0  0.0  2.6415
   20 18 35  2.0  0.0  2.6351
   21 18 37  2.0  0.0  2.6351
   22 18 39  2.0  0.0  2.6351
   23 19 35  2.0  0.0  2.6249
   24 19 37  2.0  0.0  2.6249
   25 19 39  2.0  0.0  2.6249
   26 20 35  2.0  0.0  2.6098
   27 20 37  2.0  0.0  2.6098
   28 20 39  2.0  0.0  2.6098
   29 21 35  2.0  0.0  2.5883
   30 21 37  2.0  0.0  2.5883
   31 21 39  2.0  0.0  2.5883
   32 22 35  2.0  0.0  2.5578
   33 22 37  2.0  0.0  2.5578
   34 22 39  2.0  0.0  2.5578
   35 23 35  2.0  0.0  2.5139
   36 23 37  2.0  0.0  2.5139
   37 23 39  2.0  0.0  2.5139
   38 24 35  2.0  0.0  2.4487
   39 24 37  2.0  0.0  2.4487
   40 24 39  2.0  0.0  2.4487
   41 25 35  2.0  0.0  2.3467
   42 25 37  2.0  0.0  2.3467
   43 25 39  2.0  0.0  2.3467
   44 26 35  2.0  0.0  2.1745
   45 26 37  2.0  0.0  2.1745
   46 26 39  2.0  0.0  2.1745
   47 27 35  2.0  0.0  1.8473
   48 27 37  2.0  0.0  1.8473
   49 27 39  2.0  0.0  1.8473
   50 28 35  2.0  0.0  1.0128
   51 28 37  2.0  0.0  1.0128
   52 28 39  2.0  0.0  1.0128
  # CC set:  77 Chans:  52 JTOT=  38.0 Parity: 1
 #ich: n  L   Jp  Jt   KCM
    1  1 38  0.0  0.0  2.6833
    2  2 38  0.0  0.0  2.6444
    3  3 38  0.0  0.0  2.6440
    4  4 38  0.0  0.0  2.6406
    5  5 38  0.0  0.0  2.6346
    6  6 38  0.0  0.0  2.6253
    7  7 38  0.0  0.0  2.6114
    8  8 38  0.0  0.0  2.5923
    9  9 38  0.0  0.0  2.5671
   10 10 38  0.0  0.0  2.5335
   11 11 38  0.0  0.0  2.4877
   12 12 38  0.0  0.0  2.4229
   13 13 38  0.0  0.0  2.3267
   14 14 38  0.0  0.0  2.1737
   15 15 38  0.0  0.0  1.9053
   16 16 38  0.0  0.0  1.3261
   17 17 36  2.0  0.0  2.6415
   18 17 38  2.0  0.0  2.6415
   19 17 40  2.0  0.0  2.6415
   20 18 36  2.0  0.0  2.6351
   21 18 38  2.0  0.0  2.6351
   22 18 40  2.0  0.0  2.6351
   23 19 36  2.0  0.0  2.6249
   24 19 38  2.0  0.0  2.6249
   25 19 40  2.0  0.0  2.6249
   26 20 36  2.0  0.0  2.6098
   27 20 38  2.0  0.0  2.6098
   28 20 40  2.0  0.0  2.6098
   29 21 36  2.0  0.0  2.5883
   30 21 38  2.0  0.0  2.5883
   31 21 40  2.0  0.0  2.5883
   32 22 36  2.0  0.0  2.5578
   33 22 38  2.0  0.0  2.5578
   34 22 40  2.0  0.0  2.5578
   35 23 36  2.0  0.0  2.5139
   36 23 38  2.0  0.0  2.5139
   37 23 40  2.0  0.0  2.5139
   38 24 36  2.0  0.0  2.4487
   39 24 38  2.0  0.0  2.4487
   40 24 40  2.0  0.0  2.4487
   41 25 36  2.0  0.0  2.3467
   42 25 38  2.0  0.0  2.3467
   43 25 40  2.0  0.0  2.3467
   44 26 36  2.0  0.0  2.1745
   45 26 38  2.0  0.0  2.1745
   46 26 40  2.0  0.0  2.1745
   47 27 36  2.0  0.0  1.8473
   48 27 38  2.0  0.0  1.8473
   49 27 40  2.0  0.0  1.8473
   50 28 36  2.0  0.0  1.0128
   51 28 38  2.0  0.0  1.0128
   52 28 40  2.0  0.0  1.0128
  # CC set:  80 Chans:  52 JTOT=  39.0 Parity:-1
 #ich: n  L   Jp  Jt   KCM
    1  1 39  0.0  0.0  2.6833
    2  2 39  0.0  0.0  2.6444
    3  3 39  0.0  0.0  2.6440
    4  4 39  0.0  0.0  2.6406
    5  5 39  0.0  0.0  2.6346
    6  6 39  0.0  0.0  2.6253
    7  7 39  0.0  0.0  2.6114
    8  8 39  0.0  0.0  2.5923
    9  9 39  0.0  0.0  2.5671
   10 10 39  0.0  0.0  2.5335
   11 11 39  0.0  0.0  2.4877
   12 12 39  0.0  0.0  2.4229
   13 13 39  0.0  0.0  2.3267
   14 14 39  0.0  0.0  2.1737
   15 15 39  0.0  0.0  1.9053
   16 16 39  0.0  0.0  1.3261
   17 17 37  2.0  0.0  2.6415
   18 17 39  2.0  0.0  2.6415
   19 17 41  2.0  0.0  2.6415
   20 18 37  2.0  0.0  2.6351
   21 18 39  2.0  0.0  2.6351
   22 18 41  2.0  0.0  2.6351
   23 19 37  2.0  0.0  2.6249
   24 19 39  2.0  0.0  2.6249
   25 19 41  2.0  0.0  2.6249
   26 20 37  2.0  0.0  2.6098
   27 20 39  2.0  0.0  2.6098
   28 20 41  2.0  0.0  2.6098
   29 21 37  2.0  0.0  2.5883
   30 21 39  2.0  0.0  2.5883
   31 21 41  2.0  0.0  2.5883
   32 22 37  2.0  0.0  2.5578
   33 22 39  2.0  0.0  2.5578
   34 22 41  2.0  0.0  2.5578
   35 23 37  2.0  0.0  2.5139
   36 23 39  2.0  0.0  2.5139
   37 23 41  2.0  0.0  2.5139
   38 24 37  2.0  0.0  2.4487
   39 24 39  2.0  0.0  2.4487
   40 24 41  2.0  0.0  2.4487
   41 25 37  2.0  0.0  2.3467
   42 25 39  2.0  0.0  2.3467
   43 25 41  2.0  0.0  2.3467
   44 26 37  2.0  0.0  2.1745
   45 26 39  2.0  0.0  2.1745
   46 26 41  2.0  0.0  2.1745
   47 27 37  2.0  0.0  1.8473
   48 27 39  2.0  0.0  1.8473
   49 27 41  2.0  0.0  1.8473
   50 28 37  2.0  0.0  1.0128
   51 28 39  2.0  0.0  1.0128
   52 28 41  2.0  0.0  1.0128
  # CC set:  81 Chans:  52 JTOT=  40.0 Parity: 1
 #ich: n  L   Jp  Jt   KCM
    1  1 40  0.0  0.0  2.6833
    2  2 40  0.0  0.0  2.6444
    3  3 40  0.0  0.0  2.6440
    4  4 40  0.0  0.0  2.6406
    5  5 40  0.0  0.0  2.6346
    6  6 40  0.0  0.0  2.6253
    7  7 40  0.0  0.0  2.6114
    8  8 40  0.0  0.0  2.5923
    9  9 40  0.0  0.0  2.5671
   10 10 40  0.0  0.0  2.5335
   11 11 40  0.0  0.0  2.4877
   12 12 40  0.0  0.0  2.4229
   13 13 40  0.0  0.0  2.3267
   14 14 40  0.0  0.0  2.1737
   15 15 40  0.0  0.0  1.9053
   16 16 40  0.0  0.0  1.3261
   17 17 38  2.0  0.0  2.6415
   18 17 40  2.0  0.0  2.6415
   19 17 42  2.0  0.0  2.6415
   20 18 38  2.0  0.0  2.6351
   21 18 40  2.0  0.0  2.6351
   22 18 42  2.0  0.0  2.6351
   23 19 38  2.0  0.0  2.6249
   24 19 40  2.0  0.0  2.6249
   25 19 42  2.0  0.0  2.6249
   26 20 38  2.0  0.0  2.6098
   27 20 40  2.0  0.0  2.6098
   28 20 42  2.0  0.0  2.6098
   29 21 38  2.0  0.0  2.5883
   30 21 40  2.0  0.0  2.5883
   31 21 42  2.0  0.0  2.5883
   32 22 38  2.0  0.0  2.5578
   33 22 40  2.0  0.0  2.5578
   34 22 42  2.0  0.0  2.5578
   35 23 38  2.0  0.0  2.5139
   36 23 40  2.0  0.0  2.5139
   37 23 42  2.0  0.0  2.5139
   38 24 38  2.0  0.0  2.4487
   39 24 40  2.0  0.0  2.4487
   40 24 42  2.0  0.0  2.4487
   41 25 38  2.0  0.0  2.3467
   42 25 40  2.0  0.0  2.3467
   43 25 42  2.0  0.0  2.3467
   44 26 38  2.0  0.0  2.1745
   45 26 40  2.0  0.0  2.1745
   46 26 42  2.0  0.0  2.1745
   47 27 38  2.0  0.0  1.8473
   48 27 40  2.0  0.0  1.8473
   49 27 42  2.0  0.0  1.8473
   50 28 38  2.0  0.0  1.0128
   51 28 40  2.0  0.0  1.0128
   52 28 42  2.0  0.0  1.0128
  # CC set:  84 Chans:  52 JTOT=  41.0 Parity:-1
 #ich: n  L   Jp  Jt   KCM
    1  1 41  0.0  0.0  2.6833
    2  2 41  0.0  0.0  2.6444
    3  3 41  0.0  0.0  2.6440
    4  4 41  0.0  0.0  2.6406
    5  5 41  0.0  0.0  2.6346
    6  6 41  0.0  0.0  2.6253
    7  7 41  0.0  0.0  2.6114
    8  8 41  0.0  0.0  2.5923
    9  9 41  0.0  0.0  2.5671
   10 10 41  0.0  0.0  2.5335
   11 11 41  0.0  0.0  2.4877
   12 12 41  0.0  0.0  2.4229
   13 13 41  0.0  0.0  2.3267
   14 14 41  0.0  0.0  2.1737
   15 15 41  0.0  0.0  1.9053
   16 16 41  0.0  0.0  1.3261
   17 17 39  2.0  0.0  2.6415
   18 17 41  2.0  0.0  2.6415
   19 17 43  2.0  0.0  2.6415
   20 18 39  2.0  0.0  2.6351
   21 18 41  2.0  0.0  2.6351
   22 18 43  2.0  0.0  2.6351
   23 19 39  2.0  0.0  2.6249
   24 19 41  2.0  0.0  2.6249
   25 19 43  2.0  0.0  2.6249
   26 20 39  2.0  0.0  2.6098
   27 20 41  2.0  0.0  2.6098
   28 20 43  2.0  0.0  2.6098
   29 21 39  2.0  0.0  2.5883
   30 21 41  2.0  0.0  2.5883
   31 21 43  2.0  0.0  2.5883
   32 22 39  2.0  0.0  2.5578
   33 22 41  2.0  0.0  2.5578
   34 22 43  2.0  0.0  2.5578
   35 23 39  2.0  0.0  2.5139
   36 23 41  2.0  0.0  2.5139
   37 23 43  2.0  0.0  2.5139
   38 24 39  2.0  0.0  2.4487
   39 24 41  2.0  0.0  2.4487
   40 24 43  2.0  0.0  2.4487
   41 25 39  2.0  0.0  2.3467
   42 25 41  2.0  0.0  2.3467
   43 25 43  2.0  0.0  2.3467
   44 26 39  2.0  0.0  2.1745
   45 26 41  2.0  0.0  2.1745
   46 26 43  2.0  0.0  2.1745
   47 27 39  2.0  0.0  1.8473
   48 27 41  2.0  0.0  1.8473
   49 27 43  2.0  0.0  1.8473
   50 28 39  2.0  0.0  1.0128
   51 28 41  2.0  0.0  1.0128
   52 28 43  2.0  0.0  1.0128
  # CC set:  85 Chans:  52 JTOT=  42.0 Parity: 1
 #ich: n  L   Jp  Jt   KCM
    1  1 42  0.0  0.0  2.6833
    2  2 42  0.0  0.0  2.6444
    3  3 42  0.0  0.0  2.6440
    4  4 42  0.0  0.0  2.6406
    5  5 42  0.0  0.0  2.6346
    6  6 42  0.0  0.0  2.6253
    7  7 42  0.0  0.0  2.6114
    8  8 42  0.0  0.0  2.5923
    9  9 42  0.0  0.0  2.5671
   10 10 42  0.0  0.0  2.5335
   11 11 42  0.0  0.0  2.4877
   12 12 42  0.0  0.0  2.4229
   13 13 42  0.0  0.0  2.3267
   14 14 42  0.0  0.0  2.1737
   15 15 42  0.0  0.0  1.9053
   16 16 42  0.0  0.0  1.3261
   17 17 40  2.0  0.0  2.6415
   18 17 42  2.0  0.0  2.6415
   19 17 44  2.0  0.0  2.6415
   20 18 40  2.0  0.0  2.6351
   21 18 42  2.0  0.0  2.6351
   22 18 44  2.0  0.0  2.6351
   23 19 40  2.0  0.0  2.6249
   24 19 42  2.0  0.0  2.6249
   25 19 44  2.0  0.0  2.6249
   26 20 40  2.0  0.0  2.6098
   27 20 42  2.0  0.0  2.6098
   28 20 44  2.0  0.0  2.6098
   29 21 40  2.0  0.0  2.5883
   30 21 42  2.0  0.0  2.5883
   31 21 44  2.0  0.0  2.5883
   32 22 40  2.0  0.0  2.5578
   33 22 42  2.0  0.0  2.5578
   34 22 44  2.0  0.0  2.5578
   35 23 40  2.0  0.0  2.5139
   36 23 42  2.0  0.0  2.5139
   37 23 44  2.0  0.0  2.5139
   38 24 40  2.0  0.0  2.4487
   39 24 42  2.0  0.0  2.4487
   40 24 44  2.0  0.0  2.4487
   41 25 40  2.0  0.0  2.3467
   42 25 42  2.0  0.0  2.3467
   43 25 44  2.0  0.0  2.3467
   44 26 40  2.0  0.0  2.1745
   45 26 42  2.0  0.0  2.1745
   46 26 44  2.0  0.0  2.1745
   47 27 40  2.0  0.0  1.8473
   48 27 42  2.0  0.0  1.8473
   49 27 44  2.0  0.0  1.8473
   50 28 40  2.0  0.0  1.0128
   51 28 42  2.0  0.0  1.0128
   52 28 44  2.0  0.0  1.0128
  # CC set:  88 Chans:  52 JTOT=  43.0 Parity:-1
 #ich: n  L   Jp  Jt   KCM
    1  1 43  0.0  0.0  2.6833
    2  2 43  0.0  0.0  2.6444
    3  3 43  0.0  0.0  2.6440
    4  4 43  0.0  0.0  2.6406
    5  5 43  0.0  0.0  2.6346
    6  6 43  0.0  0.0  2.6253
    7  7 43  0.0  0.0  2.6114
    8  8 43  0.0  0.0  2.5923
    9  9 43  0.0  0.0  2.5671
   10 10 43  0.0  0.0  2.5335
   11 11 43  0.0  0.0  2.4877
   12 12 43  0.0  0.0  2.4229
   13 13 43  0.0  0.0  2.3267
   14 14 43  0.0  0.0  2.1737
   15 15 43  0.0  0.0  1.9053
   16 16 43  0.0  0.0  1.3261
   17 17 41  2.0  0.0  2.6415
   18 17 43  2.0  0.0  2.6415
   19 17 45  2.0  0.0  2.6415
   20 18 41  2.0  0.0  2.6351
   21 18 43  2.0  0.0  2.6351
   22 18 45  2.0  0.0  2.6351
   23 19 41  2.0  0.0  2.6249
   24 19 43  2.0  0.0  2.6249
   25 19 45  2.0  0.0  2.6249
   26 20 41  2.0  0.0  2.6098
   27 20 43  2.0  0.0  2.6098
   28 20 45  2.0  0.0  2.6098
   29 21 41  2.0  0.0  2.5883
   30 21 43  2.0  0.0  2.5883
   31 21 45  2.0  0.0  2.5883
   32 22 41  2.0  0.0  2.5578
   33 22 43  2.0  0.0  2.5578
   34 22 45  2.0  0.0  2.5578
   35 23 41  2.0  0.0  2.5139
   36 23 43  2.0  0.0  2.5139
   37 23 45  2.0  0.0  2.5139
   38 24 41  2.0  0.0  2.4487
   39 24 43  2.0  0.0  2.4487
   40 24 45  2.0  0.0  2.4487
   41 25 41  2.0  0.0  2.3467
   42 25 43  2.0  0.0  2.3467
   43 25 45  2.0  0.0  2.3467
   44 26 41  2.0  0.0  2.1745
   45 26 43  2.0  0.0  2.1745
   46 26 45  2.0  0.0  2.1745
   47 27 41  2.0  0.0  1.8473
   48 27 43  2.0  0.0  1.8473
   49 27 45  2.0  0.0  1.8473
   50 28 41  2.0  0.0  1.0128
   51 28 43  2.0  0.0  1.0128
   52 28 45  2.0  0.0  1.0128
  # CC set:  89 Chans:  52 JTOT=  44.0 Parity: 1
 #ich: n  L   Jp  Jt   KCM
    1  1 44  0.0  0.0  2.6833
    2  2 44  0.0  0.0  2.6444
    3  3 44  0.0  0.0  2.6440
    4  4 44  0.0  0.0  2.6406
    5  5 44  0.0  0.0  2.6346
    6  6 44  0.0  0.0  2.6253
    7  7 44  0.0  0.0  2.6114
    8  8 44  0.0  0.0  2.5923
    9  9 44  0.0  0.0  2.5671
   10 10 44  0.0  0.0  2.5335
   11 11 44  0.0  0.0  2.4877
   12 12 44  0.0  0.0  2.4229
   13 13 44  0.0  0.0  2.3267
   14 14 44  0.0  0.0  2.1737
   15 15 44  0.0  0.0  1.9053
   16 16 44  0.0  0.0  1.3261
   17 17 42  2.0  0.0  2.6415
   18 17 44  2.0  0.0  2.6415
   19 17 46  2.0  0.0  2.6415
   20 18 42  2.0  0.0  2.6351
   21 18 44  2.0  0.0  2.6351
   22 18 46  2.0  0.0  2.6351
   23 19 42  2.0  0.0  2.6249
   24 19 44  2.0  0.0  2.6249
   25 19 46  2.0  0.0  2.6249
   26 20 42  2.0  0.0  2.6098
   27 20 44  2.0  0.0  2.6098
   28 20 46  2.0  0.0  2.6098
   29 21 42  2.0  0.0  2.5883
   30 21 44  2.0  0.0  2.5883
   31 21 46  2.0  0.0  2.5883
   32 22 42  2.0  0.0  2.5578
   33 22 44  2.0  0.0  2.5578
   34 22 46  2.0  0.0  2.5578
   35 23 42  2.0  0.0  2.5139
   36 23 44  2.0  0.0  2.5139
   37 23 46  2.0  0.0  2.5139
   38 24 42  2.0  0.0  2.4487
   39 24 44  2.0  0.0  2.4487
   40 24 46  2.0  0.0  2.4487
   41 25 42  2.0  0.0  2.3467
   42 25 44  2.0  0.0  2.3467
   43 25 46  2.0  0.0  2.3467
   44 26 42  2.0  0.0  2.1745
   45 26 44  2.0  0.0  2.1745
   46 26 46  2.0  0.0  2.1745
   47 27 42  2.0  0.0  1.8473
   48 27 44  2.0  0.0  1.8473
   49 27 46  2.0  0.0  1.8473
   50 28 42  2.0  0.0  1.0128
   51 28 44  2.0  0.0  1.0128
   52 28 46  2.0  0.0  1.0128
  # CC set:  92 Chans:  52 JTOT=  45.0 Parity:-1
 #ich: n  L   Jp  Jt   KCM
    1  1 45  0.0  0.0  2.6833
    2  2 45  0.0  0.0  2.6444
    3  3 45  0.0  0.0  2.6440
    4  4 45  0.0  0.0  2.6406
    5  5 45  0.0  0.0  2.6346
    6  6 45  0.0  0.0  2.6253
    7  7 45  0.0  0.0  2.6114
    8  8 45  0.0  0.0  2.5923
    9  9 45  0.0  0.0  2.5671
   10 10 45  0.0  0.0  2.5335
   11 11 45  0.0  0.0  2.4877
   12 12 45  0.0  0.0  2.4229
   13 13 45  0.0  0.0  2.3267
   14 14 45  0.0  0.0  2.1737
   15 15 45  0.0  0.0  1.9053
   16 16 45  0.0  0.0  1.3261
   17 17 43  2.0  0.0  2.6415
   18 17 45  2.0  0.0  2.6415
   19 17 47  2.0  0.0  2.6415
   20 18 43  2.0  0.0  2.6351
   21 18 45  2.0  0.0  2.6351
   22 18 47  2.0  0.0  2.6351
   23 19 43  2.0  0.0  2.6249
   24 19 45  2.0  0.0  2.6249
   25 19 47  2.0  0.0  2.6249
   26 20 43  2.0  0.0  2.6098
   27 20 45  2.0  0.0  2.6098
   28 20 47  2.0  0.0  2.6098
   29 21 43  2.0  0.0  2.5883
   30 21 45  2.0  0.0  2.5883
   31 21 47  2.0  0.0  2.5883
   32 22 43  2.0  0.0  2.5578
   33 22 45  2.0  0.0  2.5578
   34 22 47  2.0  0.0  2.5578
   35 23 43  2.0  0.0  2.5139
   36 23 45  2.0  0.0  2.5139
   37 23 47  2.0  0.0  2.5139
   38 24 43  2.0  0.0  2.4487
   39 24 45  2.0  0.0  2.4487
   40 24 47  2.0  0.0  2.4487
   41 25 43  2.0  0.0  2.3467
   42 25 45  2.0  0.0  2.3467
   43 25 47  2.0  0.0  2.3467
   44 26 43  2.0  0.0  2.1745
   45 26 45  2.0  0.0  2.1745
   46 26 47  2.0  0.0  2.1745
   47 27 43  2.0  0.0  1.8473
   48 27 45  2.0  0.0  1.8473
   49 27 47  2.0  0.0  1.8473
   50 28 43  2.0  0.0  1.0128
   51 28 45  2.0  0.0  1.0128
   52 28 47  2.0  0.0  1.0128
  # CC set:  93 Chans:  52 JTOT=  46.0 Parity: 1
 #ich: n  L   Jp  Jt   KCM
    1  1 46  0.0  0.0  2.6833
    2  2 46  0.0  0.0  2.6444
    3  3 46  0.0  0.0  2.6440
    4  4 46  0.0  0.0  2.6406
    5  5 46  0.0  0.0  2.6346
    6  6 46  0.0  0.0  2.6253
    7  7 46  0.0  0.0  2.6114
    8  8 46  0.0  0.0  2.5923
    9  9 46  0.0  0.0  2.5671
   10 10 46  0.0  0.0  2.5335
   11 11 46  0.0  0.0  2.4877
   12 12 46  0.0  0.0  2.4229
   13 13 46  0.0  0.0  2.3267
   14 14 46  0.0  0.0  2.1737
   15 15 46  0.0  0.0  1.9053
   16 16 46  0.0  0.0  1.3261
   17 17 44  2.0  0.0  2.6415
   18 17 46  2.0  0.0  2.6415
   19 17 48  2.0  0.0  2.6415
   20 18 44  2.0  0.0  2.6351
   21 18 46  2.0  0.0  2.6351
   22 18 48  2.0  0.0  2.6351
   23 19 44  2.0  0.0  2.6249
   24 19 46  2.0  0.0  2.6249
   25 19 48  2.0  0.0  2.6249
   26 20 44  2.0  0.0  2.6098
   27 20 46  2.0  0.0  2.6098
   28 20 48  2.0  0.0  2.6098
   29 21 44  2.0  0.0  2.5883
   30 21 46  2.0  0.0  2.5883
   31 21 48  2.0  0.0  2.5883
   32 22 44  2.0  0.0  2.5578
   33 22 46  2.0  0.0  2.5578
   34 22 48  2.0  0.0  2.5578
   35 23 44  2.0  0.0  2.5139
   36 23 46  2.0  0.0  2.5139
   37 23 48  2.0  0.0  2.5139
   38 24 44  2.0  0.0  2.4487
   39 24 46  2.0  0.0  2.4487
   40 24 48  2.0  0.0  2.4487
   41 25 44  2.0  0.0  2.3467
   42 25 46  2.0  0.0  2.3467
   43 25 48  2.0  0.0  2.3467
   44 26 44  2.0  0.0  2.1745
   45 26 46  2.0  0.0  2.1745
   46 26 48  2.0  0.0  2.1745
   47 27 44  2.0  0.0  1.8473
   48 27 46  2.0  0.0  1.8473
   49 27 48  2.0  0.0  1.8473
   50 28 44  2.0  0.0  1.0128
   51 28 46  2.0  0.0  1.0128
   52 28 48  2.0  0.0  1.0128
  # CC set:  96 Chans:  52 JTOT=  47.0 Parity:-1
 #ich: n  L   Jp  Jt   KCM
    1  1 47  0.0  0.0  2.6833
    2  2 47  0.0  0.0  2.6444
    3  3 47  0.0  0.0  2.6440
    4  4 47  0.0  0.0  2.6406
    5  5 47  0.0  0.0  2.6346
    6  6 47  0.0  0.0  2.6253
    7  7 47  0.0  0.0  2.6114
    8  8 47  0.0  0.0  2.5923
    9  9 47  0.0  0.0  2.5671
   10 10 47  0.0  0.0  2.5335
   11 11 47  0.0  0.0  2.4877
   12 12 47  0.0  0.0  2.4229
   13 13 47  0.0  0.0  2.3267
   14 14 47  0.0  0.0  2.1737
   15 15 47  0.0  0.0  1.9053
   16 16 47  0.0  0.0  1.3261
   17 17 45  2.0  0.0  2.6415
   18 17 47  2.0  0.0  2.6415
   19 17 49  2.0  0.0  2.6415
   20 18 45  2.0  0.0  2.6351
   21 18 47  2.0  0.0  2.6351
   22 18 49  2.0  0.0  2.6351
   23 19 45  2.0  0.0  2.6249
   24 19 47  2.0  0.0  2.6249
   25 19 49  2.0  0.0  2.6249
   26 20 45  2.0  0.0  2.6098
   27 20 47  2.0  0.0  2.6098
   28 20 49  2.0  0.0  2.6098
   29 21 45  2.0  0.0  2.5883
   30 21 47  2.0  0.0  2.5883
   31 21 49  2.0  0.0  2.5883
   32 22 45  2.0  0.0  2.5578
   33 22 47  2.0  0.0  2.5578
   34 22 49  2.0  0.0  2.5578
   35 23 45  2.0  0.0  2.5139
   36 23 47  2.0  0.0  2.5139
   37 23 49  2.0  0.0  2.5139
   38 24 45  2.0  0.0  2.4487
   39 24 47  2.0  0.0  2.4487
   40 24 49  2.0  0.0  2.4487
   41 25 45  2.0  0.0  2.3467
   42 25 47  2.0  0.0  2.3467
   43 25 49  2.0  0.0  2.3467
   44 26 45  2.0  0.0  2.1745
   45 26 47  2.0  0.0  2.1745
   46 26 49  2.0  0.0  2.1745
   47 27 45  2.0  0.0  1.8473
   48 27 47  2.0  0.0  1.8473
   49 27 49  2.0  0.0  1.8473
   50 28 45  2.0  0.0  1.0128
   51 28 47  2.0  0.0  1.0128
   52 28 49  2.0  0.0  1.0128
  # CC set:  97 Chans:  52 JTOT=  48.0 Parity: 1
 #ich: n  L   Jp  Jt   KCM
    1  1 48  0.0  0.0  2.6833
    2  2 48  0.0  0.0  2.6444
    3  3 48  0.0  0.0  2.6440
    4  4 48  0.0  0.0  2.6406
    5  5 48  0.0  0.0  2.6346
    6  6 48  0.0  0.0  2.6253
    7  7 48  0.0  0.0  2.6114
    8  8 48  0.0  0.0  2.5923
    9  9 48  0.0  0.0  2.5671
   10 10 48  0.0  0.0  2.5335
   11 11 48  0.0  0.0  2.4877
   12 12 48  0.0  0.0  2.4229
   13 13 48  0.0  0.0  2.3267
   14 14 48  0.0  0.0  2.1737
   15 15 48  0.0  0.0  1.9053
   16 16 48  0.0  0.0  1.3261
   17 17 46  2.0  0.0  2.6415
   18 17 48  2.0  0.0  2.6415
   19 17 50  2.0  0.0  2.6415
   20 18 46  2.0  0.0  2.6351
   21 18 48  2.0  0.0  2.6351
   22 18 50  2.0  0.0  2.6351
   23 19 46  2.0  0.0  2.6249
   24 19 48  2.0  0.0  2.6249
   25 19 50  2.0  0.0  2.6249
   26 20 46  2.0  0.0  2.6098
   27 20 48  2.0  0.0  2.6098
   28 20 50  2.0  0.0  2.6098
   29 21 46  2.0  0.0  2.5883
   30 21 48  2.0  0.0  2.5883
   31 21 50  2.0  0.0  2.5883
   32 22 46  2.0  0.0  2.5578
   33 22 48  2.0  0.0  2.5578
   34 22 50  2.0  0.0  2.5578
   35 23 46  2.0  0.0  2.5139
   36 23 48  2.0  0.0  2.5139
   37 23 50  2.0  0.0  2.5139
   38 24 46  2.0  0.0  2.4487
   39 24 48  2.0  0.0  2.4487
   40 24 50  2.0  0.0  2.4487
   41 25 46  2.0  0.0  2.3467
   42 25 48  2.0  0.0  2.3467
   43 25 50  2.0  0.0  2.3467
   44 26 46  2.0  0.0  2.1745
   45 26 48  2.0  0.0  2.1745
   46 26 50  2.0  0.0  2.1745
   47 27 46  2.0  0.0  1.8473
   48 27 48  2.0  0.0  1.8473
   49 27 50  2.0  0.0  1.8473
   50 28 46  2.0  0.0  1.0128
   51 28 48  2.0  0.0  1.0128
   52 28 50  2.0  0.0  1.0128
  # CC set: 100 Chans:  52 JTOT=  49.0 Parity:-1
 #ich: n  L   Jp  Jt   KCM
    1  1 49  0.0  0.0  2.6833
    2  2 49  0.0  0.0  2.6444
    3  3 49  0.0  0.0  2.6440
    4  4 49  0.0  0.0  2.6406
    5  5 49  0.0  0.0  2.6346
    6  6 49  0.0  0.0  2.6253
    7  7 49  0.0  0.0  2.6114
    8  8 49  0.0  0.0  2.5923
    9  9 49  0.0  0.0  2.5671
   10 10 49  0.0  0.0  2.5335
   11 11 49  0.0  0.0  2.4877
   12 12 49  0.0  0.0  2.4229
   13 13 49  0.0  0.0  2.3267
   14 14 49  0.0  0.0  2.1737
   15 15 49  0.0  0.0  1.9053
   16 16 49  0.0  0.0  1.3261
   17 17 47  2.0  0.0  2.6415
   18 17 49  2.0  0.0  2.6415
   19 17 51  2.0  0.0  2.6415
   20 18 47  2.0  0.0  2.6351
   21 18 49  2.0  0.0  2.6351
   22 18 51  2.0  0.0  2.6351
   23 19 47  2.0  0.0  2.6249
   24 19 49  2.0  0.0  2.6249
   25 19 51  2.0  0.0  2.6249
   26 20 47  2.0  0.0  2.6098
   27 20 49  2.0  0.0  2.6098
   28 20 51  2.0  0.0  2.6098
   29 21 47  2.0  0.0  2.5883
   30 21 49  2.0  0.0  2.5883
   31 21 51  2.0  0.0  2.5883
   32 22 47  2.0  0.0  2.5578
   33 22 49  2.0  0.0  2.5578
   34 22 51  2.0  0.0  2.5578
   35 23 47  2.0  0.0  2.5139
   36 23 49  2.0  0.0  2.5139
   37 23 51  2.0  0.0  2.5139
   38 24 47  2.0  0.0  2.4487
   39 24 49  2.0  0.0  2.4487
   40 24 51  2.0  0.0  2.4487
   41 25 47  2.0  0.0  2.3467
   42 25 49  2.0  0.0  2.3467
   43 25 51  2.0  0.0  2.3467
   44 26 47  2.0  0.0  2.1745
   45 26 49  2.0  0.0  2.1745
   46 26 51  2.0  0.0  2.1745
   47 27 47  2.0  0.0  1.8473
   48 27 49  2.0  0.0  1.8473
   49 27 51  2.0  0.0  1.8473
   50 28 47  2.0  0.0  1.0128
   51 28 49  2.0  0.0  1.0128
   52 28 51  2.0  0.0  1.0128
  # CC set: 101 Chans:  52 JTOT=  50.0 Parity: 1
 #ich: n  L   Jp  Jt   KCM
    1  1 50  0.0  0.0  2.6833
    2  2 50  0.0  0.0  2.6444
    3  3 50  0.0  0.0  2.6440
    4  4 50  0.0  0.0  2.6406
    5  5 50  0.0  0.0  2.6346
    6  6 50  0.0  0.0  2.6253
    7  7 50  0.0  0.0  2.6114
    8  8 50  0.0  0.0  2.5923
    9  9 50  0.0  0.0  2.5671
   10 10 50  0.0  0.0  2.5335
   11 11 50  0.0  0.0  2.4877
   12 12 50  0.0  0.0  2.4229
   13 13 50  0.0  0.0  2.3267
   14 14 50  0.0  0.0  2.1737
   15 15 50  0.0  0.0  1.9053
   16 16 50  0.0  0.0  1.3261
   17 17 48  2.0  0.0  2.6415
   18 17 50  2.0  0.0  2.6415
   19 17 52  2.0  0.0  2.6415
   20 18 48  2.0  0.0  2.6351
   21 18 50  2.0  0.0  2.6351
   22 18 52  2.0  0.0  2.6351
   23 19 48  2.0  0.0  2.6249
   24 19 50  2.0  0.0  2.6249
   25 19 52  2.0  0.0  2.6249
   26 20 48  2.0  0.0  2.6098
   27 20 50  2.0  0.0  2.6098
   28 20 52  2.0  0.0  2.6098
   29 21 48  2.0  0.0  2.5883
   30 21 50  2.0  0.0  2.5883
   31 21 52  2.0  0.0  2.5883
   32 22 48  2.0  0.0  2.5578
   33 22 50  2.0  0.0  2.5578
   34 22 52  2.0  0.0  2.5578
   35 23 48  2.0  0.0  2.5139
   36 23 50  2.0  0.0  2.5139
   37 23 52  2.0  0.0  2.5139
   38 24 48  2.0  0.0  2.4487
   39 24 50  2.0  0.0  2.4487
   40 24 52  2.0  0.0  2.4487
   41 25 48  2.0  0.0  2.3467
   42 25 50  2.0  0.0  2.3467
   43 25 52  2.0  0.0  2.3467
   44 26 48  2.0  0.0  2.1745
   45 26 50  2.0  0.0  2.1745
   46 26 52  2.0  0.0  2.1745
   47 27 48  2.0  0.0  1.8473
   48 27 50  2.0  0.0  1.8473
   49 27 52  2.0  0.0  1.8473
   50 28 48  2.0  0.0  1.0128
   51 28 50  2.0  0.0  1.0128
   52 28 52  2.0  0.0  1.0128
  # CC set: 104 Chans:  52 JTOT=  51.0 Parity:-1
 #ich: n  L   Jp  Jt   KCM
    1  1 51  0.0  0.0  2.6833
    2  2 51  0.0  0.0  2.6444
    3  3 51  0.0  0.0  2.6440
    4  4 51  0.0  0.0  2.6406
    5  5 51  0.0  0.0  2.6346
    6  6 51  0.0  0.0  2.6253
    7  7 51  0.0  0.0  2.6114
    8  8 51  0.0  0.0  2.5923
    9  9 51  0.0  0.0  2.5671
   10 10 51  0.0  0.0  2.5335
   11 11 51  0.0  0.0  2.4877
   12 12 51  0.0  0.0  2.4229
   13 13 51  0.0  0.0  2.3267
   14 14 51  0.0  0.0  2.1737
   15 15 51  0.0  0.0  1.9053
   16 16 51  0.0  0.0  1.3261
   17 17 49  2.0  0.0  2.6415
   18 17 51  2.0  0.0  2.6415
   19 17 53  2.0  0.0  2.6415
   20 18 49  2.0  0.0  2.6351
   21 18 51  2.0  0.0  2.6351
   22 18 53  2.0  0.0  2.6351
   23 19 49  2.0  0.0  2.6249
   24 19 51  2.0  0.0  2.6249
   25 19 53  2.0  0.0  2.6249
   26 20 49  2.0  0.0  2.6098
   27 20 51  2.0  0.0  2.6098
   28 20 53  2.0  0.0  2.6098
   29 21 49  2.0  0.0  2.5883
   30 21 51  2.0  0.0  2.5883
   31 21 53  2.0  0.0  2.5883
   32 22 49  2.0  0.0  2.5578
   33 22 51  2.0  0.0  2.5578
   34 22 53  2.0  0.0  2.5578
   35 23 49  2.0  0.0  2.5139
   36 23 51  2.0  0.0  2.5139
   37 23 53  2.0  0.0  2.5139
   38 24 49  2.0  0.0  2.4487
   39 24 51  2.0  0.0  2.4487
   40 24 53  2.0  0.0  2.4487
   41 25 49  2.0  0.0  2.3467
   42 25 51  2.0  0.0  2.3467
   43 25 53  2.0  0.0  2.3467
   44 26 49  2.0  0.0  2.1745
   45 26 51  2.0  0.0  2.1745
   46 26 53  2.0  0.0  2.1745
   47 27 49  2.0  0.0  1.8473
   48 27 51  2.0  0.0  1.8473
   49 27 53  2.0  0.0  1.8473
   50 28 49  2.0  0.0  1.0128
   51 28 51  2.0  0.0  1.0128
   52 28 53  2.0  0.0  1.0128
  # CC set: 105 Chans:  52 JTOT=  52.0 Parity: 1
 #ich: n  L   Jp  Jt   KCM
    1  1 52  0.0  0.0  2.6833
    2  2 52  0.0  0.0  2.6444
    3  3 52  0.0  0.0  2.6440
    4  4 52  0.0  0.0  2.6406
    5  5 52  0.0  0.0  2.6346
    6  6 52  0.0  0.0  2.6253
    7  7 52  0.0  0.0  2.6114
    8  8 52  0.0  0.0  2.5923
    9  9 52  0.0  0.0  2.5671
   10 10 52  0.0  0.0  2.5335
   11 11 52  0.0  0.0  2.4877
   12 12 52  0.0  0.0  2.4229
   13 13 52  0.0  0.0  2.3267
   14 14 52  0.0  0.0  2.1737
   15 15 52  0.0  0.0  1.9053
   16 16 52  0.0  0.0  1.3261
   17 17 50  2.0  0.0  2.6415
   18 17 52  2.0  0.0  2.6415
   19 17 54  2.0  0.0  2.6415
   20 18 50  2.0  0.0  2.6351
   21 18 52  2.0  0.0  2.6351
   22 18 54  2.0  0.0  2.6351
   23 19 50  2.0  0.0  2.6249
   24 19 52  2.0  0.0  2.6249
   25 19 54  2.0  0.0  2.6249
   26 20 50  2.0  0.0  2.6098
   27 20 52  2.0  0.0  2.6098
   28 20 54  2.0  0.0  2.6098
   29 21 50  2.0  0.0  2.5883
   30 21 52  2.0  0.0  2.5883
   31 21 54  2.0  0.0  2.5883
   32 22 50  2.0  0.0  2.5578
   33 22 52  2.0  0.0  2.5578
   34 22 54  2.0  0.0  2.5578
   35 23 50  2.0  0.0  2.5139
   36 23 52  2.0  0.0  2.5139
   37 23 54  2.0  0.0  2.5139
   38 24 50  2.0  0.0  2.4487
   39 24 52  2.0  0.0  2.4487
   40 24 54  2.0  0.0  2.4487
   41 25 50  2.0  0.0  2.3467
   42 25 52  2.0  0.0  2.3467
   43 25 54  2.0  0.0  2.3467
   44 26 50  2.0  0.0  2.1745
   45 26 52  2.0  0.0  2.1745
   46 26 54  2.0  0.0  2.1745
   47 27 50  2.0  0.0  1.8473
   48 27 52  2.0  0.0  1.8473
   49 27 54  2.0  0.0  1.8473
   50 28 50  2.0  0.0  1.0128
   51 28 52  2.0  0.0  1.0128
   52 28 54  2.0  0.0  1.0128
  # CC set: 108 Chans:  52 JTOT=  53.0 Parity:-1
 #ich: n  L   Jp  Jt   KCM
    1  1 53  0.0  0.0  2.6833
    2  2 53  0.0  0.0  2.6444
    3  3 53  0.0  0.0  2.6440
    4  4 53  0.0  0.0  2.6406
    5  5 53  0.0  0.0  2.6346
    6  6 53  0.0  0.0  2.6253
    7  7 53  0.0  0.0  2.6114
    8  8 53  0.0  0.0  2.5923
    9  9 53  0.0  0.0  2.5671
   10 10 53  0.0  0.0  2.5335
   11 11 53  0.0  0.0  2.4877
   12 12 53  0.0  0.0  2.4229
   13 13 53  0.0  0.0  2.3267
   14 14 53  0.0  0.0  2.1737
   15 15 53  0.0  0.0  1.9053
   16 16 53  0.0  0.0  1.3261
   17 17 51  2.0  0.0  2.6415
   18 17 53  2.0  0.0  2.6415
   19 17 55  2.0  0.0  2.6415
   20 18 51  2.0  0.0  2.6351
   21 18 53  2.0  0.0  2.6351
   22 18 55  2.0  0.0  2.6351
   23 19 51  2.0  0.0  2.6249
   24 19 53  2.0  0.0  2.6249
   25 19 55  2.0  0.0  2.6249
   26 20 51  2.0  0.0  2.6098
   27 20 53  2.0  0.0  2.6098
   28 20 55  2.0  0.0  2.6098
   29 21 51  2.0  0.0  2.5883
   30 21 53  2.0  0.0  2.5883
   31 21 55  2.0  0.0  2.5883
   32 22 51  2.0  0.0  2.5578
   33 22 53  2.0  0.0  2.5578
   34 22 55  2.0  0.0  2.5578
   35 23 51  2.0  0.0  2.5139
   36 23 53  2.0  0.0  2.5139
   37 23 55  2.0  0.0  2.5139
   38 24 51  2.0  0.0  2.4487
   39 24 53  2.0  0.0  2.4487
   40 24 55  2.0  0.0  2.4487
   41 25 51  2.0  0.0  2.3467
   42 25 53  2.0  0.0  2.3467
   43 25 55  2.0  0.0  2.3467
   44 26 51  2.0  0.0  2.1745
   45 26 53  2.0  0.0  2.1745
   46 26 55  2.0  0.0  2.1745
   47 27 51  2.0  0.0  1.8473
   48 27 53  2.0  0.0  1.8473
   49 27 55  2.0  0.0  1.8473
   50 28 51  2.0  0.0  1.0128
   51 28 53  2.0  0.0  1.0128
   52 28 55  2.0  0.0  1.0128
  # CC set: 109 Chans:  52 JTOT=  54.0 Parity: 1
 #ich: n  L   Jp  Jt   KCM
    1  1 54  0.0  0.0  2.6833
    2  2 54  0.0  0.0  2.6444
    3  3 54  0.0  0.0  2.6440
    4  4 54  0.0  0.0  2.6406
    5  5 54  0.0  0.0  2.6346
    6  6 54  0.0  0.0  2.6253
    7  7 54  0.0  0.0  2.6114
    8  8 54  0.0  0.0  2.5923
    9  9 54  0.0  0.0  2.5671
   10 10 54  0.0  0.0  2.5335
   11 11 54  0.0  0.0  2.4877
   12 12 54  0.0  0.0  2.4229
   13 13 54  0.0  0.0  2.3267
   14 14 54  0.0  0.0  2.1737
   15 15 54  0.0  0.0  1.9053
   16 16 54  0.0  0.0  1.3261
   17 17 52  2.0  0.0  2.6415
   18 17 54  2.0  0.0  2.6415
   19 17 56  2.0  0.0  2.6415
   20 18 52  2.0  0.0  2.6351
   21 18 54  2.0  0.0  2.6351
   22 18 56  2.0  0.0  2.6351
   23 19 52  2.0  0.0  2.6249
   24 19 54  2.0  0.0  2.6249
   25 19 56  2.0  0.0  2.6249
   26 20 52  2.0  0.0  2.6098
   27 20 54  2.0  0.0  2.6098
   28 20 56  2.0  0.0  2.6098
   29 21 52  2.0  0.0  2.5883
   30 21 54  2.0  0.0  2.5883
   31 21 56  2.0  0.0  2.5883
   32 22 52  2.0  0.0  2.5578
   33 22 54  2.0  0.0  2.5578
   34 22 56  2.0  0.0  2.5578
   35 23 52  2.0  0.0  2.5139
   36 23 54  2.0  0.0  2.5139
   37 23 56  2.0  0.0  2.5139
   38 24 52  2.0  0.0  2.4487
   39 24 54  2.0  0.0  2.4487
   40 24 56  2.0  0.0  2.4487
   41 25 52  2.0  0.0  2.3467
   42 25 54  2.0  0.0  2.3467
   43 25 56  2.0  0.0  2.3467
   44 26 52  2.0  0.0  2.1745
   45 26 54  2.0  0.0  2.1745
   46 26 56  2.0  0.0  2.1745
   47 27 52  2.0  0.0  1.8473
   48 27 54  2.0  0.0  1.8473
   49 27 56  2.0  0.0  1.8473
   50 28 52  2.0  0.0  1.0128
   51 28 54  2.0  0.0  1.0128
   52 28 56  2.0  0.0  1.0128
  # CC set: 112 Chans:  52 JTOT=  55.0 Parity:-1
 #ich: n  L   Jp  Jt   KCM
    1  1 55  0.0  0.0  2.6833
    2  2 55  0.0  0.0  2.6444
    3  3 55  0.0  0.0  2.6440
    4  4 55  0.0  0.0  2.6406
    5  5 55  0.0  0.0  2.6346
    6  6 55  0.0  0.0  2.6253
    7  7 55  0.0  0.0  2.6114
    8  8 55  0.0  0.0  2.5923
    9  9 55  0.0  0.0  2.5671
   10 10 55  0.0  0.0  2.5335
   11 11 55  0.0  0.0  2.4877
   12 12 55  0.0  0.0  2.4229
   13 13 55  0.0  0.0  2.3267
   14 14 55  0.0  0.0  2.1737
   15 15 55  0.0  0.0  1.9053
   16 16 55  0.0  0.0  1.3261
   17 17 53  2.0  0.0  2.6415
   18 17 55  2.0  0.0  2.6415
   19 17 57  2.0  0.0  2.6415
   20 18 53  2.0  0.0  2.6351
   21 18 55  2.0  0.0  2.6351
   22 18 57  2.0  0.0  2.6351
   23 19 53  2.0  0.0  2.6249
   24 19 55  2.0  0.0  2.6249
   25 19 57  2.0  0.0  2.6249
   26 20 53  2.0  0.0  2.6098
   27 20 55  2.0  0.0  2.6098
   28 20 57  2.0  0.0  2.6098
   29 21 53  2.0  0.0  2.5883
   30 21 55  2.0  0.0  2.5883
   31 21 57  2.0  0.0  2.5883
   32 22 53  2.0  0.0  2.5578
   33 22 55  2.0  0.0  2.5578
   34 22 57  2.0  0.0  2.5578
   35 23 53  2.0  0.0  2.5139
   36 23 55  2.0  0.0  2.5139
   37 23 57  2.0  0.0  2.5139
   38 24 53  2.0  0.0  2.4487
   39 24 55  2.0  0.0  2.4487
   40 24 57  2.0  0.0  2.4487
   41 25 53  2.0  0.0  2.3467
   42 25 55  2.0  0.0  2.3467
   43 25 57  2.0  0.0  2.3467
   44 26 53  2.0  0.0  2.1745
   45 26 55  2.0  0.0  2.1745
   46 26 57  2.0  0.0  2.1745
   47 27 53  2.0  0.0  1.8473
   48 27 55  2.0  0.0  1.8473
   49 27 57  2.0  0.0  1.8473
   50 28 53  2.0  0.0  1.0128
   51 28 55  2.0  0.0  1.0128
   52 28 57  2.0  0.0  1.0128
  # CC set: 113 Chans:  52 JTOT=  56.0 Parity: 1
 #ich: n  L   Jp  Jt   KCM
    1  1 56  0.0  0.0  2.6833
    2  2 56  0.0  0.0  2.6444
    3  3 56  0.0  0.0  2.6440
    4  4 56  0.0  0.0  2.6406
    5  5 56  0.0  0.0  2.6346
    6  6 56  0.0  0.0  2.6253
    7  7 56  0.0  0.0  2.6114
    8  8 56  0.0  0.0  2.5923
    9  9 56  0.0  0.0  2.5671
   10 10 56  0.0  0.0  2.5335
   11 11 56  0.0  0.0  2.4877
   12 12 56  0.0  0.0  2.4229
   13 13 56  0.0  0.0  2.3267
   14 14 56  0.0  0.0  2.1737
   15 15 56  0.0  0.0  1.9053
   16 16 56  0.0  0.0  1.3261
   17 17 54  2.0  0.0  2.6415
   18 17 56  2.0  0.0  2.6415
   19 17 58  2.0  0.0  2.6415
   20 18 54  2.0  0.0  2.6351
   21 18 56  2.0  0.0  2.6351
   22 18 58  2.0  0.0  2.6351
   23 19 54  2.0  0.0  2.6249
   24 19 56  2.0  0.0  2.6249
   25 19 58  2.0  0.0  2.6249
   26 20 54  2.0  0.0  2.6098
   27 20 56  2.0  0.0  2.6098
   28 20 58  2.0  0.0  2.6098
   29 21 54  2.0  0.0  2.5883
   30 21 56  2.0  0.0  2.5883
   31 21 58  2.0  0.0  2.5883
   32 22 54  2.0  0.0  2.5578
   33 22 56  2.0  0.0  2.5578
   34 22 58  2.0  0.0  2.5578
   35 23 54  2.0  0.0  2.5139
   36 23 56  2.0  0.0  2.5139
   37 23 58  2.0  0.0  2.5139
   38 24 54  2.0  0.0  2.4487
   39 24 56  2.0  0.0  2.4487
   40 24 58  2.0  0.0  2.4487
   41 25 54  2.0  0.0  2.3467
   42 25 56  2.0  0.0  2.3467
   43 25 58  2.0  0.0  2.3467
   44 26 54  2.0  0.0  2.1745
   45 26 56  2.0  0.0  2.1745
   46 26 58  2.0  0.0  2.1745
   47 27 54  2.0  0.0  1.8473
   48 27 56  2.0  0.0  1.8473
   49 27 58  2.0  0.0  1.8473
   50 28 54  2.0  0.0  1.0128
   51 28 56  2.0  0.0  1.0128
   52 28 58  2.0  0.0  1.0128
  # CC set: 116 Chans:  52 JTOT=  57.0 Parity:-1
 #ich: n  L   Jp  Jt   KCM
    1  1 57  0.0  0.0  2.6833
    2  2 57  0.0  0.0  2.6444
    3  3 57  0.0  0.0  2.6440
    4  4 57  0.0  0.0  2.6406
    5  5 57  0.0  0.0  2.6346
    6  6 57  0.0  0.0  2.6253
    7  7 57  0.0  0.0  2.6114
    8  8 57  0.0  0.0  2.5923
    9  9 57  0.0  0.0  2.5671
   10 10 57  0.0  0.0  2.5335
   11 11 57  0.0  0.0  2.4877
   12 12 57  0.0  0.0  2.4229
   13 13 57  0.0  0.0  2.3267
   14 14 57  0.0  0.0  2.1737
   15 15 57  0.0  0.0  1.9053
   16 16 57  0.0  0.0  1.3261
   17 17 55  2.0  0.0  2.6415
   18 17 57  2.0  0.0  2.6415
   19 17 59  2.0  0.0  2.6415
   20 18 55  2.0  0.0  2.6351
   21 18 57  2.0  0.0  2.6351
   22 18 59  2.0  0.0  2.6351
   23 19 55  2.0  0.0  2.6249
   24 19 57  2.0  0.0  2.6249
   25 19 59  2.0  0.0  2.6249
   26 20 55  2.0  0.0  2.6098
   27 20 57  2.0  0.0  2.6098
   28 20 59  2.0  0.0  2.6098
   29 21 55  2.0  0.0  2.5883
   30 21 57  2.0  0.0  2.5883
   31 21 59  2.0  0.0  2.5883
   32 22 55  2.0  0.0  2.5578
   33 22 57  2.0  0.0  2.5578
   34 22 59  2.0  0.0  2.5578
   35 23 55  2.0  0.0  2.5139
   36 23 57  2.0  0.0  2.5139
   37 23 59  2.0  0.0  2.5139
   38 24 55  2.0  0.0  2.4487
   39 24 57  2.0  0.0  2.4487
   40 24 59  2.0  0.0  2.4487
   41 25 55  2.0  0.0  2.3467
   42 25 57  2.0  0.0  2.3467
   43 25 59  2.0  0.0  2.3467
   44 26 55  2.0  0.0  2.1745
   45 26 57  2.0  0.0  2.1745
   46 26 59  2.0  0.0  2.1745
   47 27 55  2.0  0.0  1.8473
   48 27 57  2.0  0.0  1.8473
   49 27 59  2.0  0.0  1.8473
   50 28 55  2.0  0.0  1.0128
   51 28 57  2.0  0.0  1.0128
   52 28 59  2.0  0.0  1.0128
  # CC set: 117 Chans:  52 JTOT=  58.0 Parity: 1
 #ich: n  L   Jp  Jt   KCM
    1  1 58  0.0  0.0  2.6833
    2  2 58  0.0  0.0  2.6444
    3  3 58  0.0  0.0  2.6440
    4  4 58  0.0  0.0  2.6406
    5  5 58  0.0  0.0  2.6346
    6  6 58  0.0  0.0  2.6253
    7  7 58  0.0  0.0  2.6114
    8  8 58  0.0  0.0  2.5923
    9  9 58  0.0  0.0  2.5671
   10 10 58  0.0  0.0  2.5335
   11 11 58  0.0  0.0  2.4877
   12 12 58  0.0  0.0  2.4229
   13 13 58  0.0  0.0  2.3267
   14 14 58  0.0  0.0  2.1737
   15 15 58  0.0  0.0  1.9053
   16 16 58  0.0  0.0  1.3261
   17 17 56  2.0  0.0  2.6415
   18 17 58  2.0  0.0  2.6415
   19 17 60  2.0  0.0  2.6415
   20 18 56  2.0  0.0  2.6351
   21 18 58  2.0  0.0  2.6351
   22 18 60  2.0  0.0  2.6351
   23 19 56  2.0  0.0  2.6249
   24 19 58  2.0  0.0  2.6249
   25 19 60  2.0  0.0  2.6249
   26 20 56  2.0  0.0  2.6098
   27 20 58  2.0  0.0  2.6098
   28 20 60  2.0  0.0  2.6098
   29 21 56  2.0  0.0  2.5883
   30 21 58  2.0  0.0  2.5883
   31 21 60  2.0  0.0  2.5883
   32 22 56  2.0  0.0  2.5578
   33 22 58  2.0  0.0  2.5578
   34 22 60  2.0  0.0  2.5578
   35 23 56  2.0  0.0  2.5139
   36 23 58  2.0  0.0  2.5139
   37 23 60  2.0  0.0  2.5139
   38 24 56  2.0  0.0  2.4487
   39 24 58  2.0  0.0  2.4487
   40 24 60  2.0  0.0  2.4487
   41 25 56  2.0  0.0  2.3467
   42 25 58  2.0  0.0  2.3467
   43 25 60  2.0  0.0  2.3467
   44 26 56  2.0  0.0  2.1745
   45 26 58  2.0  0.0  2.1745
   46 26 60  2.0  0.0  2.1745
   47 27 56  2.0  0.0  1.8473
   48 27 58  2.0  0.0  1.8473
   49 27 60  2.0  0.0  1.8473
   50 28 56  2.0  0.0  1.0128
   51 28 58  2.0  0.0  1.0128
   52 28 60  2.0  0.0  1.0128
  # CC set: 120 Chans:  52 JTOT=  59.0 Parity:-1
 #ich: n  L   Jp  Jt   KCM
    1  1 59  0.0  0.0  2.6833
    2  2 59  0.0  0.0  2.6444
    3  3 59  0.0  0.0  2.6440
    4  4 59  0.0  0.0  2.6406
    5  5 59  0.0  0.0  2.6346
    6  6 59  0.0  0.0  2.6253
    7  7 59  0.0  0.0  2.6114
    8  8 59  0.0  0.0  2.5923
    9  9 59  0.0  0.0  2.5671
   10 10 59  0.0  0.0  2.5335
   11 11 59  0.0  0.0  2.4877
   12 12 59  0.0  0.0  2.4229
   13 13 59  0.0  0.0  2.3267
   14 14 59  0.0  0.0  2.1737
   15 15 59  0.0  0.0  1.9053
   16 16 59  0.0  0.0  1.3261
   17 17 57  2.0  0.0  2.6415
   18 17 59  2.0  0.0  2.6415
   19 17 61  2.0  0.0  2.6415
   20 18 57  2.0  0.0  2.6351
   21 18 59  2.0  0.0  2.6351
   22 18 61  2.0  0.0  2.6351
   23 19 57  2.0  0.0  2.6249
   24 19 59  2.0  0.0  2.6249
   25 19 61  2.0  0.0  2.6249
   26 20 57  2.0  0.0  2.6098
   27 20 59  2.0  0.0  2.6098
   28 20 61  2.0  0.0  2.6098
   29 21 57  2.0  0.0  2.5883
   30 21 59  2.0  0.0  2.5883
   31 21 61  2.0  0.0  2.5883
   32 22 57  2.0  0.0  2.5578
   33 22 59  2.0  0.0  2.5578
   34 22 61  2.0  0.0  2.5578
   35 23 57  2.0  0.0  2.5139
   36 23 59  2.0  0.0  2.5139
   37 23 61  2.0  0.0  2.5139
   38 24 57  2.0  0.0  2.4487
   39 24 59  2.0  0.0  2.4487
   40 24 61  2.0  0.0  2.4487
   41 25 57  2.0  0.0  2.3467
   42 25 59  2.0  0.0  2.3467
   43 25 61  2.0  0.0  2.3467
   44 26 57  2.0  0.0  2.1745
   45 26 59  2.0  0.0  2.1745
   46 26 61  2.0  0.0  2.1745
   47 27 57  2.0  0.0  1.8473
   48 27 59  2.0  0.0  1.8473
   49 27 61  2.0  0.0  1.8473
   50 28 57  2.0  0.0  1.0128
   51 28 59  2.0  0.0  1.0128
   52 28 61  2.0  0.0  1.0128
  # CC set: 121 Chans:  52 JTOT=  60.0 Parity: 1
 #ich: n  L   Jp  Jt   KCM
    1  1 60  0.0  0.0  2.6833
    2  2 60  0.0  0.0  2.6444
    3  3 60  0.0  0.0  2.6440
    4  4 60  0.0  0.0  2.6406
    5  5 60  0.0  0.0  2.6346
    6  6 60  0.0  0.0  2.6253
    7  7 60  0.0  0.0  2.6114
    8  8 60  0.0  0.0  2.5923
    9  9 60  0.0  0.0  2.5671
   10 10 60  0.0  0.0  2.5335
   11 11 60  0.0  0.0  2.4877
   12 12 60  0.0  0.0  2.4229
   13 13 60  0.0  0.0  2.3267
   14 14 60  0.0  0.0  2.1737
   15 15 60  0.0  0.0  1.9053
   16 16 60  0.0  0.0  1.3261
   17 17 58  2.0  0.0  2.6415
   18 17 60  2.0  0.0  2.6415
   19 17 62  2.0  0.0  2.6415
   20 18 58  2.0  0.0  2.6351
   21 18 60  2.0  0.0  2.6351
   22 18 62  2.0  0.0  2.6351
   23 19 58  2.0  0.0  2.6249
   24 19 60  2.0  0.0  2.6249
   25 19 62  2.0  0.0  2.6249
   26 20 58  2.0  0.0  2.6098
   27 20 60  2.0  0.0  2.6098
   28 20 62  2.0  0.0  2.6098
   29 21 58  2.0  0.0  2.5883
   30 21 60  2.0  0.0  2.5883
   31 21 62  2.0  0.0  2.5883
   32 22 58  2.0  0.0  2.5578
   33 22 60  2.0  0.0  2.5578
   34 22 62  2.0  0.0  2.5578
   35 23 58  2.0  0.0  2.5139
   36 23 60  2.0  0.0  2.5139
   37 23 62  2.0  0.0  2.5139
   38 24 58  2.0  0.0  2.4487
   39 24 60  2.0  0.0  2.4487
   40 24 62  2.0  0.0  2.4487
   41 25 58  2.0  0.0  2.3467
   42 25 60  2.0  0.0  2.3467
   43 25 62  2.0  0.0  2.3467
   44 26 58  2.0  0.0  2.1745
   45 26 60  2.0  0.0  2.1745
   46 26 62  2.0  0.0  2.1745
   47 27 58  2.0  0.0  1.8473
   48 27 60  2.0  0.0  1.8473
   49 27 62  2.0  0.0  1.8473
   50 28 58  2.0  0.0  1.0128
   51 28 60  2.0  0.0  1.0128
   52 28 62  2.0  0.0  1.0128
