 # Cross sections for state #  5 Ex=  0.563 MeV J/pi=  0.0+
    0.100     217.50    
    0.600     210.92    
    1.100     195.55    
    1.600     172.92    
    2.100     145.20    
    2.600     114.98    
    3.100     84.962    
    3.600     57.612    
    4.100     34.869    
    4.600     17.930    
    5.100     7.1600    
    5.600     2.1314    
    6.100     1.7887    
    6.600     4.6983    
    7.100     9.3270    
    7.600     14.291    
    8.100     18.529    
    8.600     21.389    
    9.100     22.611    
    9.600     22.261    
   10.100     20.620    
   10.600     18.076    
   11.100     15.037    
   11.600     11.865    
   12.100     8.8509    
   12.600     6.1982    
   13.100     4.0284    
   13.600     2.3909    
   14.100     1.2760    
   14.600    0.62849    
   15.100    0.36173    
   15.600    0.37185    
   16.100    0.55213    
   16.600    0.80568    
   17.100     1.0551    
   17.600     1.2474    
   18.100     1.3548    
   18.600     1.3705    
   19.100     1.3034    
   19.600     1.1714    
   20.100    0.99597    
   20.600    0.79876    
   21.100    0.59912    
   21.600    0.41334    
   22.100    0.25420    
   22.600    0.13078    
   23.100    0.48164E-01
   23.600    0.72300E-02
   24.100    0.46869E-02
   24.600    0.33628E-01
   25.100    0.84652E-01
   25.600    0.14738    
   26.100    0.21203    
   26.600    0.27063    
   27.100    0.31765    
   27.600    0.35007    
   28.100    0.36694    
   28.600    0.36880    
   29.100    0.35717    
   29.600    0.33420    
   30.100    0.30251    
   30.600    0.26508    
   31.100    0.22519    
   31.600    0.18621    
   32.100    0.15127    
   32.600    0.12294    
   33.100    0.10282    
   33.600    0.91446E-01
   34.100    0.88309E-01
   34.600    0.92147E-01
   35.100    0.10132    
   35.600    0.11414    
   36.100    0.12915    
   36.600    0.14511    
   37.100    0.16099    
   37.600    0.17583    
   38.100    0.18869    
   38.600    0.19862    
   39.100    0.20478    
   39.600    0.20659    
   40.100    0.20388    
   40.600    0.19693    
   41.100    0.18647    
   41.600    0.17353    
   42.100    0.15921    
   42.600    0.14451    
   43.100    0.13020    
   43.600    0.11677    
   44.100    0.10451    
   44.600    0.93615E-01
   45.100    0.84258E-01
   45.600    0.76609E-01
   46.100    0.70820E-01
   46.600    0.66960E-01
   47.100    0.64944E-01
   47.600    0.64497E-01
   48.100    0.65168E-01
   48.600    0.66405E-01
   49.100    0.67665E-01
   49.600    0.68517E-01
   50.100    0.68719E-01
   50.600    0.68219E-01
   51.100    0.67102E-01
   51.600    0.65510E-01
   52.100    0.63561E-01
   52.600    0.61308E-01
   53.100    0.58733E-01
   53.600    0.55789E-01
   54.100    0.52445E-01
   54.600    0.48731E-01
   55.100    0.44755E-01
   55.600    0.40693E-01
   56.100    0.36750E-01
   56.600    0.33102E-01
   57.100    0.29861E-01
   57.600    0.27054E-01
   58.100    0.24639E-01
   58.600    0.22544E-01
   59.100    0.20709E-01
   59.600    0.19110E-01
   60.100    0.17763E-01
   60.600    0.16702E-01
   61.100    0.15954E-01
   61.600    0.15510E-01
   62.100    0.15312E-01
   62.600    0.15259E-01
   63.100    0.15229E-01
   63.600    0.15107E-01
   64.100    0.14815E-01
   64.600    0.14332E-01
   65.100    0.13689E-01
   65.600    0.12948E-01
   66.100    0.12176E-01
   66.600    0.11420E-01
   67.100    0.10696E-01
   67.600    0.99959E-02
   68.100    0.92961E-02
   68.600    0.85790E-02
   69.100    0.78427E-02
   69.600    0.71048E-02
   70.100    0.63977E-02
   70.600    0.57577E-02
   71.100    0.52115E-02
   71.600    0.47662E-02
   72.100    0.44066E-02
   72.600    0.41022E-02
   73.100    0.38207E-02
   73.600    0.35416E-02
   74.100    0.32636E-02
   74.600    0.30023E-02
   75.100    0.27811E-02
   75.600    0.26194E-02
   76.100    0.25241E-02
   76.600    0.24864E-02
   77.100    0.24842E-02
   77.600    0.24885E-02
   78.100    0.24718E-02
   78.600    0.24163E-02
   79.100    0.23184E-02
   79.600    0.21884E-02
   80.100    0.20444E-02
   80.600    0.19039E-02
   81.100    0.17762E-02
   81.600    0.16606E-02
   82.100    0.15492E-02
   82.600    0.14332E-02
   83.100    0.13080E-02
   83.600    0.11757E-02
   84.100    0.10441E-02
   84.600    0.92355E-03
   85.100    0.82362E-03
   85.600    0.74968E-03
   86.100    0.70072E-03
   86.600    0.66909E-03
   87.100    0.64290E-03
   87.600    0.61062E-03
   88.100    0.56594E-03
   88.600    0.51028E-03
   89.100    0.45151E-03
   89.600    0.39975E-03
   90.100    0.36269E-03
   90.600    0.34284E-03
   91.100    0.33756E-03
   91.600    0.34096E-03
   92.100    0.34618E-03
   92.600    0.34734E-03
   93.100    0.34091E-03
   93.600    0.32666E-03
   94.100    0.30758E-03
   94.600    0.28845E-03
   95.100    0.27330E-03
   95.600    0.26302E-03
   96.100    0.25482E-03
   96.600    0.24395E-03
   97.100    0.22659E-03
   97.600    0.20205E-03
   98.100    0.17298E-03
   98.600    0.14388E-03
   99.100    0.11908E-03
   99.600    0.10147E-03
  100.100    0.92056E-04
  100.600    0.89993E-04
  101.100    0.92649E-04
  101.600    0.96056E-04
  102.100    0.96105E-04
  102.600    0.90302E-04
  103.100    0.79061E-04
  103.600    0.65487E-04
  104.100    0.53606E-04
  104.600    0.46160E-04
  105.100    0.43443E-04
  105.600    0.43768E-04
  106.100    0.44920E-04
  106.600    0.45366E-04
  107.100    0.44538E-04
  107.600    0.42476E-04
  108.100    0.39556E-04
  108.600    0.36580E-04
  109.100    0.34806E-04
  109.600    0.35408E-04
  110.100    0.38502E-04
  110.600    0.42558E-04
  111.100    0.44949E-04
  111.600    0.43455E-04
  112.100    0.37656E-04
  112.600    0.29162E-04
  113.100    0.20541E-04
  113.600    0.13876E-04
  114.100    0.10018E-04
  114.600    0.88255E-05
  115.100    0.97913E-05
  115.600    0.12306E-04
  116.100    0.15441E-04
  116.600    0.17820E-04
  117.100    0.18109E-04
  117.600    0.15900E-04
  118.100    0.12182E-04
  118.600    0.87837E-05
  119.100    0.71271E-05
  119.600    0.72740E-05
  120.100    0.80743E-05
  120.600    0.82197E-05
  121.100    0.72381E-05
  121.600    0.56094E-05
  122.100    0.40773E-05
  122.600    0.29667E-05
  123.100    0.21795E-05
  123.600    0.17274E-05
  124.100    0.20601E-05
  124.600    0.36917E-05
  125.100    0.64494E-05
  125.600    0.91838E-05
  126.100    0.10401E-04
  126.600    0.93602E-05
  127.100    0.66616E-05
  127.600    0.37662E-05
  128.100    0.18867E-05
  128.600    0.12446E-05
  129.100    0.12882E-05
  129.600    0.15102E-05
  130.100    0.19611E-05
  130.600    0.29596E-05
  131.100    0.43995E-05
  131.600    0.55043E-05
  132.100    0.53996E-05
  132.600    0.39731E-05
  133.100    0.21194E-05
  133.600    0.10369E-05
  134.100    0.12015E-05
  134.600    0.19975E-05
  135.100    0.23583E-05
  135.600    0.17823E-05
  136.100    0.73363E-06
  136.600    0.74607E-07
  137.100    0.16089E-06
  137.600    0.54566E-06
  138.100    0.57783E-06
  138.600    0.22386E-06
  139.100    0.19555E-06
  139.600    0.11947E-05
  140.100    0.30398E-05
  140.600    0.46199E-05
  141.100    0.48092E-05
  141.600    0.34860E-05
  142.100    0.16524E-05
  142.600    0.52312E-06
  143.100    0.47164E-06
  143.600    0.85549E-06
  144.100    0.84322E-06
  144.600    0.35021E-06
  145.100    0.99047E-07
  145.600    0.75113E-06
  146.100    0.20494E-05
  146.600    0.29276E-05
  147.100    0.25418E-05
  147.600    0.11862E-05
  148.100    0.11344E-06
  148.600    0.36682E-06
  149.100    0.17591E-05
  149.600    0.30266E-05
  150.100    0.30325E-05
  150.600    0.18344E-05
  151.100    0.56190E-06
  151.600    0.25143E-06
  152.100    0.83954E-06
  152.600    0.13440E-05
  153.100    0.10220E-05
  153.600    0.26215E-06
  154.100    0.22735E-06
  154.600    0.15707E-05
  155.100    0.35662E-05
  155.600    0.46329E-05
  156.100    0.38188E-05
  156.600    0.17754E-05
  157.100    0.19893E-06
  157.600    0.23714E-06
  158.100    0.14335E-05
  158.600    0.22718E-05
  159.100    0.17759E-05
  159.600    0.52673E-06
  160.100    0.34901E-07
  160.600    0.10973E-05
  161.100    0.28547E-05
  161.600    0.35906E-05
  162.100    0.25145E-05
  162.600    0.68850E-06
  163.100    0.56770E-07
  163.600    0.14761E-05
  164.100    0.37483E-05
  164.600    0.47244E-05
  165.100    0.34495E-05
  165.600    0.11791E-05
  166.100    0.15972E-06
  166.600    0.13436E-05
  167.100    0.33797E-05
  167.600    0.40076E-05
  168.100    0.25026E-05
  168.600    0.61709E-06
  169.100    0.87481E-06
  169.600    0.38214E-05
  170.100    0.71025E-05
  170.600    0.75758E-05
  171.100    0.45579E-05
  171.600    0.89239E-06
  172.100    0.45348E-06
  172.600    0.42802E-05
  173.100    0.92000E-05
  173.600    0.10632E-04
  174.100    0.71071E-05
  174.600    0.20064E-05
  175.100    0.40499E-06
  175.600    0.38087E-05
  176.100    0.81659E-05
  176.600    0.79289E-05
  177.100    0.30334E-05
  177.600    0.19859E-05
  178.100    0.16769E-04
  178.600    0.52430E-04
  179.100    0.99804E-04
