 # Cross sections for state #  4 Ex=  0.225 MeV J/pi=  0.0+
    0.100     141.62    
    0.600     136.03    
    1.100     123.23    
    1.600     105.04    
    2.100     83.859    
    2.600     62.220    
    3.100     42.355    
    3.600     25.861    
    4.100     13.573    
    4.600     5.5975    
    5.100     1.4799    
    5.600    0.41772    
    6.100     1.4732    
    6.600     3.7386    
    7.100     6.4404    
    7.600     8.9876    
    8.100     10.980    
    8.600     12.193    
    9.100     12.552    
    9.600     12.108    
   10.100     11.002    
   10.600     9.4335    
   11.100     7.6285    
   11.600     5.8012    
   12.100     4.1273    
   12.600     2.7249    
   13.100     1.6497    
   13.600    0.90260    
   14.100    0.44493    
   14.600    0.21671    
   15.100    0.15270    
   15.600    0.19328    
   16.100    0.28986    
   16.600    0.40587    
   17.100    0.51532    
   17.600    0.60068    
   18.100    0.65105    
   18.600    0.66125    
   19.100    0.63153    
   19.600    0.56718    
   20.100    0.47777    
   20.600    0.37543    
   21.100    0.27267    
   21.600    0.18017    
   22.100    0.10519    
   22.600    0.51104E-01
   23.100    0.17883E-01
   23.600    0.32057E-02
   24.100    0.36463E-02
   24.600    0.15576E-01
   25.100    0.35622E-01
   25.600    0.60748E-01
   26.100    0.88120E-01
   26.600    0.11497    
   27.100    0.13862    
   27.600    0.15664    
   28.100    0.16725    
   28.600    0.16966    
   29.100    0.16423    
   29.600    0.15239    
   30.100    0.13623    
   30.600    0.11800    
   31.100    0.99646E-01
   31.600    0.82584E-01
   32.100    0.67692E-01
   32.600    0.55461E-01
   33.100    0.46184E-01
   33.600    0.40088E-01
   34.100    0.37357E-01
   34.600    0.38052E-01
   35.100    0.41999E-01
   35.600    0.48681E-01
   36.100    0.57219E-01
   36.600    0.66474E-01
   37.100    0.75249E-01
   37.600    0.82537E-01
   38.100    0.87711E-01
   38.600    0.90590E-01
   39.100    0.91361E-01
   39.600    0.90416E-01
   40.100    0.88160E-01
   40.600    0.84898E-01
   41.100    0.80798E-01
   41.600    0.75937E-01
   42.100    0.70389E-01
   42.600    0.64302E-01
   43.100    0.57946E-01
   43.600    0.51689E-01
   44.100    0.45937E-01
   44.600    0.41024E-01
   45.100    0.37132E-01
   45.600    0.34247E-01
   46.100    0.32194E-01
   46.600    0.30728E-01
   47.100    0.29629E-01
   47.600    0.28775E-01
   48.100    0.28152E-01
   48.600    0.27814E-01
   49.100    0.27814E-01
   49.600    0.28148E-01
   50.100    0.28717E-01
   50.600    0.29338E-01
   51.100    0.29777E-01
   51.600    0.29816E-01
   52.100    0.29315E-01
   52.600    0.28251E-01
   53.100    0.26721E-01
   53.600    0.24897E-01
   54.100    0.22970E-01
   54.600    0.21084E-01
   55.100    0.19310E-01
   55.600    0.17654E-01
   56.100    0.16086E-01
   56.600    0.14579E-01
   57.100    0.13131E-01
   57.600    0.11781E-01
   58.100    0.10590E-01
   58.600    0.96212E-02
   59.100    0.89146E-02
   59.600    0.84626E-02
   60.100    0.82065E-02
   60.600    0.80516E-02
   61.100    0.78996E-02
   61.600    0.76820E-02
   62.100    0.73806E-02
   62.600    0.70257E-02
   63.100    0.66738E-02
   63.600    0.63789E-02
   64.100    0.61694E-02
   64.600    0.60393E-02
   65.100    0.59524E-02
   65.600    0.58566E-02
   66.100    0.57015E-02
   66.600    0.54555E-02
   67.100    0.51159E-02
   67.600    0.47093E-02
   68.100    0.42801E-02
   68.600    0.38719E-02
   69.100    0.35109E-02
   69.600    0.31984E-02
   70.100    0.29177E-02
   70.600    0.26475E-02
   71.100    0.23757E-02
   71.600    0.21053E-02
   72.100    0.18521E-02
   72.600    0.16379E-02
   73.100    0.14810E-02
   73.600    0.13904E-02
   74.100    0.13605E-02
   74.600    0.13717E-02
   75.100    0.13942E-02
   75.600    0.13981E-02
   76.100    0.13640E-02
   76.600    0.12899E-02
   77.100    0.11902E-02
   77.600    0.10876E-02
   78.100    0.10018E-02
   78.600    0.94216E-03
   79.100    0.90639E-03
   79.600    0.88447E-03
   80.100    0.86402E-03
   80.600    0.83468E-03
   81.100    0.79072E-03
   81.600    0.73246E-03
   82.100    0.66623E-03
   82.600    0.60215E-03
   83.100    0.54947E-03
   83.600    0.51161E-03
   84.100    0.48405E-03
   84.600    0.45683E-03
   85.100    0.42050E-03
   85.600    0.37155E-03
   86.100    0.31406E-03
   86.600    0.25703E-03
   87.100    0.20983E-03
   87.600    0.17870E-03
   88.100    0.16559E-03
   88.600    0.16853E-03
   89.100    0.18220E-03
   89.600    0.19880E-03
   90.100    0.20984E-03
   90.600    0.20915E-03
   91.100    0.19577E-03
   91.600    0.17440E-03
   92.100    0.15270E-03
   92.600    0.13695E-03
   93.100    0.12886E-03
   93.600    0.12576E-03
   94.100    0.12328E-03
   94.600    0.11830E-03
   95.100    0.11010E-03
   95.600    0.99571E-04
   96.100    0.88191E-04
   96.600    0.77620E-04
   97.100    0.69923E-04
   97.600    0.67148E-04
   98.100    0.69897E-04
   98.600    0.75974E-04
   99.100    0.80721E-04
   99.600    0.79394E-04
  100.100    0.70080E-04
  100.600    0.54882E-04
  101.100    0.38493E-04
  101.600    0.25336E-04
  102.100    0.17498E-04
  102.600    0.14707E-04
  103.100    0.15665E-04
  103.600    0.19116E-04
  104.100    0.23803E-04
  104.600    0.27946E-04
  105.100    0.29487E-04
  105.600    0.27351E-04
  106.100    0.22589E-04
  106.600    0.18024E-04
  107.100    0.16315E-04
  107.600    0.17948E-04
  108.100    0.20903E-04
  108.600    0.22295E-04
  109.100    0.20567E-04
  109.600    0.16375E-04
  110.100    0.11636E-04
  110.600    0.78997E-05
  111.100    0.56095E-05
  111.600    0.46790E-05
  112.100    0.53707E-05
  112.600    0.82447E-05
  113.100    0.13122E-04
  113.600    0.18284E-04
  114.100    0.21072E-04
  114.600    0.19679E-04
  115.100    0.14599E-04
  115.600    0.83508E-05
  116.100    0.36432E-05
  116.600    0.15706E-05
  117.100    0.13443E-05
  117.600    0.15687E-05
  118.100    0.16533E-05
  118.600    0.20044E-05
  119.100    0.30288E-05
  119.600    0.42306E-05
  120.100    0.45076E-05
  120.600    0.33785E-05
  121.100    0.17752E-05
  121.600    0.14000E-05
  122.100    0.31317E-05
  122.600    0.60290E-05
  123.100    0.79869E-05
  123.600    0.75064E-05
  124.100    0.49323E-05
  124.600    0.20231E-05
  125.100    0.34100E-06
  125.600    0.49902E-07
  126.100    0.21024E-06
  126.600    0.98434E-07
  127.100    0.68099E-07
  127.600    0.10340E-05
  128.100    0.31786E-05
  128.600    0.53544E-05
  129.100    0.59502E-05
  129.600    0.44344E-05
  130.100    0.19982E-05
  130.600    0.56285E-06
  131.100    0.10539E-05
  131.600    0.26153E-05
  132.100    0.35261E-05
  132.600    0.28954E-05
  133.100    0.14518E-05
  133.600    0.68417E-06
  134.100    0.12677E-05
  134.600    0.24070E-05
  135.100    0.27501E-05
  135.600    0.18793E-05
  136.100    0.78778E-06
  136.600    0.81682E-06
  137.100    0.21646E-05
  137.600    0.35628E-05
  138.100    0.35311E-05
  138.600    0.19563E-05
  139.100    0.34494E-06
  139.600    0.40598E-06
  140.100    0.23377E-05
  140.600    0.45446E-05
  141.100    0.51093E-05
  141.600    0.35821E-05
  142.100    0.13314E-05
  142.600    0.14314E-06
  143.100    0.52113E-06
  143.600    0.14048E-05
  144.100    0.15273E-05
  144.600    0.92190E-06
  145.100    0.93274E-06
  145.600    0.26709E-05
  146.100    0.55467E-05
  146.600    0.75155E-05
  147.100    0.69401E-05
  147.600    0.42488E-05
  148.100    0.16695E-05
  148.600    0.12026E-05
  149.100    0.27862E-05
  149.600    0.44624E-05
  150.100    0.43683E-05
  150.600    0.25501E-05
  151.100    0.78899E-06
  151.600    0.66972E-06
  152.100    0.19247E-05
  152.600    0.27967E-05
  153.100    0.20449E-05
  153.600    0.45604E-06
  154.100    0.17719E-06
  154.600    0.24436E-05
  155.100    0.60309E-05
  155.600    0.81417E-05
  156.100    0.69912E-05
  156.600    0.35548E-05
  157.100    0.68159E-06
  157.600    0.39421E-06
  158.100    0.20546E-05
  158.600    0.32359E-05
  159.100    0.23948E-05
  159.600    0.56454E-06
  160.100    0.26332E-06
  160.600    0.26979E-05
  161.100    0.61975E-05
  161.600    0.76485E-05
  162.100    0.56129E-05
  162.600    0.19500E-05
  163.100    0.14254E-06
  163.600    0.18687E-05
  164.100    0.52717E-05
  164.600    0.67908E-05
  165.100    0.48072E-05
  165.600    0.13901E-05
  166.100    0.23604E-06
  166.600    0.27914E-05
  167.100    0.65700E-05
  167.600    0.75904E-05
  168.100    0.46106E-05
  168.600    0.75602E-06
  169.100    0.56799E-06
  169.600    0.52146E-05
  170.100    0.10810E-04
  170.600    0.11956E-04
  171.100    0.72889E-05
  171.600    0.13758E-05
  172.100    0.57361E-06
  172.600    0.65558E-05
  173.100    0.14059E-04
  173.600    0.15679E-04
  174.100    0.94712E-05
  174.600    0.16587E-05
  175.100    0.95612E-06
  175.600    0.93797E-05
  176.100    0.18903E-04
  176.600    0.18727E-04
  177.100    0.77055E-05
  177.600    0.90160E-07
  178.100    0.17039E-04
  178.600    0.68706E-04
  179.100    0.14139E-03
