 # Cross sections for state #  6 Ex=  1.089 MeV J/pi=  0.0+
    0.100     268.29    
    0.600     261.02    
    1.100     244.02    
    1.600     218.85    
    2.100     187.75    
    2.600     153.40    
    3.100     118.56    
    3.600     85.815    
    4.100     57.284    
    4.600     34.442    
    5.100     18.026    
    5.600     8.0374    
    6.100     3.8332    
    6.600     4.2858    
    7.100     7.9799    
    7.600     13.422    
    8.100     19.230    
    8.600     24.282    
    9.100     27.810    
    9.600     29.425    
   10.100     29.097    
   10.600     27.076    
   11.100     23.799    
   11.600     19.786    
   12.100     15.547    
   12.600     11.515    
   13.100     8.0029    
   13.600     5.1928    
   14.100     3.1451    
   14.600     1.8226    
   15.100     1.1210    
   15.600    0.89946    
   16.100     1.0062    
   16.600     1.2983    
   17.100     1.6544    
   17.600     1.9810    
   18.100     2.2152    
   18.600     2.3232    
   19.100     2.2964    
   19.600     2.1465    
   20.100     1.8991    
   20.600     1.5880    
   21.100     1.2493    
   21.600    0.91618    
   22.100    0.61605    
   22.600    0.36829    
   23.100    0.18384    
   23.600    0.65685E-01
   24.100    0.10298E-01
   24.600    0.92414E-02
   25.100    0.50915E-01
   25.600    0.12213    
   26.100    0.20944    
   26.600    0.30028    
   27.100    0.38379    
   27.600    0.45155    
   28.100    0.49795    
   28.600    0.52034    
   29.100    0.51890    
   29.600    0.49625    
   30.100    0.45674    
   30.600    0.40577    
   31.100    0.34904    
   31.600    0.29194    
   32.100    0.23912    
   32.600    0.19418    
   33.100    0.15964    
   33.600    0.13691    
   34.100    0.12634    
   34.600    0.12735    
   35.100    0.13856    
   35.600    0.15790    
   36.100    0.18285    
   36.600    0.21067    
   37.100    0.23863    
   37.600    0.26428    
   38.100    0.28567    
   38.600    0.30142    
   39.100    0.31082    
   39.600    0.31367    
   40.100    0.31030    
   40.600    0.30133    
   41.100    0.28764    
   41.600    0.27021    
   42.100    0.25013    
   42.600    0.22851    
   43.100    0.20646    
   43.600    0.18502    
   44.100    0.16513    
   44.600    0.14751    
   45.100    0.13268    
   45.600    0.12087    
   46.100    0.11207    
   46.600    0.10605    
   47.100    0.10244    
   47.600    0.10076    
   48.100    0.10056    
   48.600    0.10135    
   49.100    0.10270    
   49.600    0.10422    
   50.100    0.10553    
   50.600    0.10631    
   51.100    0.10627    
   51.600    0.10522    
   52.100    0.10304    
   52.600    0.99740E-01
   53.100    0.95411E-01
   53.600    0.90242E-01
   54.100    0.84467E-01
   54.600    0.78336E-01
   55.100    0.72079E-01
   55.600    0.65890E-01
   56.100    0.59922E-01
   56.600    0.54291E-01
   57.100    0.49086E-01
   57.600    0.44379E-01
   58.100    0.40227E-01
   58.600    0.36670E-01
   59.100    0.33723E-01
   59.600    0.31367E-01
   60.100    0.29549E-01
   60.600    0.28185E-01
   61.100    0.27173E-01
   61.600    0.26411E-01
   62.100    0.25803E-01
   62.600    0.25277E-01
   63.100    0.24780E-01
   63.600    0.24277E-01
   64.100    0.23740E-01
   64.600    0.23147E-01
   65.100    0.22471E-01
   65.600    0.21690E-01
   66.100    0.20785E-01
   66.600    0.19748E-01
   67.100    0.18589E-01
   67.600    0.17336E-01
   68.100    0.16028E-01
   68.600    0.14709E-01
   69.100    0.13423E-01
   69.600    0.12202E-01
   70.100    0.11067E-01
   70.600    0.10028E-01
   71.100    0.90858E-02
   71.600    0.82413E-02
   72.100    0.74941E-02
   72.600    0.68457E-02
   73.100    0.62978E-02
   73.600    0.58493E-02
   74.100    0.54939E-02
   74.600    0.52185E-02
   75.100    0.50048E-02
   75.600    0.48318E-02
   76.100    0.46801E-02
   76.600    0.45353E-02
   77.100    0.43893E-02
   77.600    0.42401E-02
   78.100    0.40892E-02
   78.600    0.39387E-02
   79.100    0.37888E-02
   79.600    0.36367E-02
   80.100    0.34775E-02
   80.600    0.33058E-02
   81.100    0.31181E-02
   81.600    0.29143E-02
   82.100    0.26985E-02
   82.600    0.24777E-02
   83.100    0.22600E-02
   83.600    0.20526E-02
   84.100    0.18601E-02
   84.600    0.16840E-02
   85.100    0.15236E-02
   85.600    0.13775E-02
   86.100    0.12445E-02
   86.600    0.11249E-02
   87.100    0.10199E-02
   87.600    0.93104E-03
   88.100    0.85941E-03
   88.600    0.80436E-03
   89.100    0.76334E-03
   89.600    0.73227E-03
   90.100    0.70645E-03
   90.600    0.68179E-03
   91.100    0.65580E-03
   91.600    0.62790E-03
   92.100    0.59912E-03
   92.600    0.57117E-03
   93.100    0.54548E-03
   93.600    0.52248E-03
   94.100    0.50147E-03
   94.600    0.48096E-03
   95.100    0.45924E-03
   95.600    0.43509E-03
   96.100    0.40816E-03
   96.600    0.37911E-03
   97.100    0.34926E-03
   97.600    0.32013E-03
   98.100    0.29287E-03
   98.600    0.26785E-03
   99.100    0.24472E-03
   99.600    0.22275E-03
  100.100    0.20131E-03
  100.600    0.18027E-03
  101.100    0.16011E-03
  101.600    0.14174E-03
  102.100    0.12613E-03
  102.600    0.11393E-03
  103.100    0.10521E-03
  103.600    0.99452E-04
  104.100    0.95632E-04
  104.600    0.92570E-04
  105.100    0.89275E-04
  105.600    0.85237E-04
  106.100    0.80533E-04
  106.600    0.75685E-04
  107.100    0.71345E-04
  107.600    0.67957E-04
  108.100    0.65567E-04
  108.600    0.63852E-04
  109.100    0.62297E-04
  109.600    0.60434E-04
  110.100    0.58003E-04
  110.600    0.55021E-04
  111.100    0.51733E-04
  111.600    0.48506E-04
  112.100    0.45671E-04
  112.600    0.43373E-04
  113.100    0.41482E-04
  113.600    0.39628E-04
  114.100    0.37360E-04
  114.600    0.34372E-04
  115.100    0.30655E-04
  115.600    0.26519E-04
  116.100    0.22457E-04
  116.600    0.18943E-04
  117.100    0.16278E-04
  117.600    0.14523E-04
  118.100    0.13526E-04
  118.600    0.12991E-04
  119.100    0.12581E-04
  119.600    0.12012E-04
  120.100    0.11150E-04
  120.600    0.10057E-04
  121.100    0.89531E-05
  121.600    0.80930E-05
  122.100    0.76252E-05
  122.600    0.75115E-05
  123.100    0.75601E-05
  123.600    0.75412E-05
  124.100    0.73076E-05
  124.600    0.68481E-05
  125.100    0.62628E-05
  125.600    0.57005E-05
  126.100    0.53030E-05
  126.600    0.51690E-05
  127.100    0.53242E-05
  127.600    0.56935E-05
  128.100    0.60972E-05
  128.600    0.63031E-05
  129.100    0.61270E-05
  129.600    0.55283E-05
  130.100    0.46355E-05
  130.600    0.36784E-05
  131.100    0.28727E-05
  131.600    0.23334E-05
  132.100    0.20613E-05
  132.600    0.19880E-05
  133.100    0.20265E-05
  133.600    0.20928E-05
  134.100    0.21062E-05
  134.600    0.20017E-05
  135.100    0.17624E-05
  135.600    0.14428E-05
  136.100    0.11474E-05
  136.600    0.96446E-06
  137.100    0.90334E-06
  137.600    0.88994E-06
  138.100    0.82646E-06
  138.600    0.66666E-06
  139.100    0.44382E-06
  139.600    0.23351E-06
  140.100    0.91821E-07
  140.600    0.26450E-07
  141.100    0.18731E-07
  141.600    0.61822E-07
  142.100    0.16801E-06
  142.600    0.33731E-06
  143.100    0.52688E-06
  143.600    0.66436E-06
  144.100    0.70224E-06
  144.600    0.66228E-06
  145.100    0.62170E-06
  145.600    0.64716E-06
  146.100    0.73552E-06
  146.600    0.81743E-06
  147.100    0.82104E-06
  147.600    0.73543E-06
  148.100    0.61461E-06
  148.600    0.52188E-06
  149.100    0.47256E-06
  149.600    0.43153E-06
  150.100    0.36404E-06
  150.600    0.28238E-06
  151.100    0.23636E-06
  151.600    0.25620E-06
  152.100    0.30907E-06
  152.600    0.32028E-06
  153.100    0.24357E-06
  153.600    0.11171E-06
  154.100    0.13244E-07
  154.600    0.13797E-07
  155.100    0.96365E-07
  155.600    0.17870E-06
  156.100    0.19035E-06
  156.600    0.13351E-06
  157.100    0.69704E-07
  157.600    0.50507E-07
  158.100    0.67261E-07
  158.600    0.73006E-07
  159.100    0.51221E-07
  159.600    0.52794E-07
  160.100    0.15263E-06
  160.600    0.36278E-06
  161.100    0.59182E-06
  161.600    0.70195E-06
  162.100    0.61965E-06
  162.600    0.39806E-06
  163.100    0.17121E-06
  163.600    0.43491E-07
  164.100    0.19113E-07
  164.600    0.34261E-07
  165.100    0.48601E-07
  165.600    0.93180E-07
  166.100    0.22080E-06
  166.600    0.41438E-06
  167.100    0.56286E-06
  167.600    0.55004E-06
  168.100    0.37843E-06
  168.600    0.19720E-06
  169.100    0.18483E-06
  169.600    0.38328E-06
  170.100    0.64333E-06
  170.600    0.74683E-06
  171.100    0.60171E-06
  171.600    0.32554E-06
  172.100    0.13291E-06
  172.600    0.13195E-06
  173.100    0.23085E-06
  173.600    0.25174E-06
  174.100    0.13870E-06
  174.600    0.38677E-07
  175.100    0.15017E-06
  175.600    0.47727E-06
  176.100    0.75535E-06
  176.600    0.67941E-06
  177.100    0.26636E-06
  177.600    0.11367E-08
  178.100    0.55299E-06
  178.600    0.22203E-05
  179.100    0.45470E-05
