   0.039    -72.0989    
   0.208    -70.7468    
   0.511    -64.0946    
   0.947    -48.0304    
   1.515    -25.4484    
   2.214    -7.79254    
   3.042    -1.08076    
   3.996   -0.511865E-01
   5.074   -0.602807E-03
   6.274   -0.124662E-05
   7.591   -0.311562E-09
   9.023   -0.635083E-14
  10.565     0.00000    
  12.214     0.00000    
  13.964     0.00000    
  15.812     0.00000    
  17.751     0.00000    
  19.778     0.00000    
  21.886     0.00000    
  24.070     0.00000    
  26.324     0.00000    
  28.641     0.00000    
  31.016     0.00000    
  33.443     0.00000    
  35.914     0.00000    
  38.423     0.00000    
  40.963     0.00000    
  43.528     0.00000    
  46.110     0.00000    
  48.702     0.00000    
  51.298     0.00000    
  53.890     0.00000    
  56.472     0.00000    
  59.037     0.00000    
  61.577     0.00000    
  64.086     0.00000    
  66.557     0.00000    
  68.984     0.00000    
  71.359     0.00000    
  73.676     0.00000    
  75.930     0.00000    
  78.114     0.00000    
  80.222     0.00000    
  82.249     0.00000    
  84.188     0.00000    
  86.036     0.00000    
  87.786     0.00000    
  89.435     0.00000    
  90.977     0.00000    
  92.409     0.00000    
  93.726     0.00000    
  94.926     0.00000    
  96.004     0.00000    
  96.958     0.00000    
  97.786     0.00000    
  98.485     0.00000    
  99.053     0.00000    
  99.489     0.00000    
  99.792     0.00000    
  99.961     0.00000    
