 # Cross sections for state #  3 Ex=  0.033 MeV J/pi=  0.0+
    0.100     27.408    
    0.600     26.429    
    1.100     24.165    
    1.600     20.881    
    2.100     16.949    
    2.600     12.795    
    3.100     8.8364    
    3.600     5.4228    
    4.100     2.7953    
    4.600     1.0604    
    5.100    0.18824    
    5.600    0.35636E-01
    6.100    0.38596    
    6.600    0.99880    
    7.100     1.6567    
    7.600     2.1990    
    8.100     2.5360    
    8.600     2.6450    
    9.100     2.5529    
    9.600     2.3134    
   10.100     1.9868    
   10.600     1.6264    
   11.100     1.2719    
   11.600    0.94868    
   12.100    0.67041    
   12.600    0.44278    
   13.100    0.26662    
   13.600    0.14001    
   14.100    0.59169E-01
   14.600    0.18447E-01
   15.100    0.10142E-01
   15.600    0.24727E-01
   16.100    0.51819E-01
   16.600    0.81707E-01
   17.100    0.10686    
   17.600    0.12285    
   18.100    0.12834    
   18.600    0.12438    
   19.100    0.11326    
   19.600    0.97586E-01
   20.100    0.79665E-01
   20.600    0.61296E-01
   21.100    0.43830E-01
   21.600    0.28317E-01
   22.100    0.15630E-01
   22.600    0.64985E-02
   23.100    0.14301E-02
   23.600    0.56651E-03
   24.100    0.35480E-02
   24.600    0.94913E-02
   25.100    0.17136E-01
   25.600    0.25123E-01
   26.100    0.32303E-01
   26.600    0.37937E-01
   27.100    0.41728E-01
   27.600    0.43717E-01
   28.100    0.44106E-01
   28.600    0.43130E-01
   29.100    0.40988E-01
   29.600    0.37860E-01
   30.100    0.33940E-01
   30.600    0.29488E-01
   31.100    0.24838E-01
   31.600    0.20391E-01
   32.100    0.16551E-01
   32.600    0.13642E-01
   33.100    0.11821E-01
   33.600    0.11048E-01
   34.100    0.11106E-01
   34.600    0.11698E-01
   35.100    0.12554E-01
   35.600    0.13500E-01
   36.100    0.14480E-01
   36.600    0.15508E-01
   37.100    0.16611E-01
   37.600    0.17772E-01
   38.100    0.18909E-01
   38.600    0.19882E-01
   39.100    0.20526E-01
   39.600    0.20700E-01
   40.100    0.20328E-01
   40.600    0.19437E-01
   41.100    0.18145E-01
   41.600    0.16628E-01
   42.100    0.15063E-01
   42.600    0.13574E-01
   43.100    0.12209E-01
   43.600    0.10962E-01
   44.100    0.98024E-02
   44.600    0.87151E-02
   45.100    0.77184E-02
   45.600    0.68607E-02
   46.100    0.62023E-02
   46.600    0.57908E-02
   47.100    0.56391E-02
   47.600    0.57124E-02
   48.100    0.59298E-02
   48.600    0.61825E-02
   49.100    0.63659E-02
   49.600    0.64115E-02
   50.100    0.63060E-02
   50.600    0.60860E-02
   51.100    0.58142E-02
   51.600    0.55492E-02
   52.100    0.53231E-02
   52.600    0.51357E-02
   53.100    0.49620E-02
   53.600    0.47676E-02
   54.100    0.45236E-02
   54.600    0.42177E-02
   55.100    0.38596E-02
   55.600    0.34785E-02
   56.100    0.31130E-02
   56.600    0.27956E-02
   57.100    0.25395E-02
   57.600    0.23347E-02
   58.100    0.21557E-02
   58.600    0.19770E-02
   59.100    0.17862E-02
   59.600    0.15893E-02
   60.100    0.14063E-02
   60.600    0.12607E-02
   61.100    0.11697E-02
   61.600    0.11386E-02
   62.100    0.11587E-02
   62.600    0.12091E-02
   63.100    0.12618E-02
   63.600    0.12896E-02
   64.100    0.12753E-02
   64.600    0.12174E-02
   65.100    0.11295E-02
   65.600    0.10330E-02
   66.100    0.94629E-03
   66.600    0.87800E-03
   67.100    0.82587E-03
   67.600    0.78121E-03
   68.100    0.73483E-03
   68.600    0.68112E-03
   69.100    0.61924E-03
   69.600    0.55275E-03
   70.100    0.48838E-03
   70.600    0.43419E-03
   71.100    0.39645E-03
   71.600    0.37614E-03
   72.100    0.36736E-03
   72.600    0.35942E-03
   73.100    0.34204E-03
   73.600    0.31069E-03
   74.100    0.26865E-03
   74.600    0.22466E-03
   75.100    0.18825E-03
   75.600    0.16571E-03
   76.100    0.15862E-03
   76.600    0.16465E-03
   77.100    0.17887E-03
   77.600    0.19489E-03
   78.100    0.20608E-03
   78.600    0.20750E-03
   79.100    0.19804E-03
   79.600    0.18113E-03
   80.100    0.16299E-03
   80.600    0.14905E-03
   81.100    0.14097E-03
   81.600    0.13628E-03
   82.100    0.13067E-03
   82.600    0.12107E-03
   83.100    0.10720E-03
   83.600    0.91031E-04
   84.100    0.75214E-04
   84.600    0.62011E-04
   85.100    0.53151E-04
   85.600    0.49836E-04
   86.100    0.52154E-04
   86.600    0.58195E-04
   87.100    0.64068E-04
   87.600    0.65506E-04
   88.100    0.60263E-04
   88.600    0.49510E-04
   89.100    0.37076E-04
   89.600    0.27043E-04
   90.100    0.21559E-04
   90.600    0.20330E-04
   91.100    0.21753E-04
   91.600    0.24317E-04
   92.100    0.27093E-04
   92.600    0.29321E-04
   93.100    0.30088E-04
   93.600    0.28788E-04
   94.100    0.25944E-04
   94.600    0.23300E-04
   95.100    0.22715E-04
   95.600    0.24611E-04
   96.100    0.27396E-04
   96.600    0.28499E-04
   97.100    0.26233E-04
   97.600    0.20937E-04
   98.100    0.14524E-04
   98.600    0.90051E-05
   99.100    0.53544E-05
   99.600    0.35433E-05
  100.100    0.33305E-05
  100.600    0.47316E-05
  101.100    0.76349E-05
  101.600    0.11126E-04
  102.100    0.13515E-04
  102.600    0.13359E-04
  103.100    0.10637E-04
  103.600    0.69187E-05
  104.100    0.42463E-05
  104.600    0.36306E-05
  105.100    0.44803E-05
  105.600    0.53801E-05
  106.100    0.53993E-05
  106.600    0.47043E-05
  107.100    0.40376E-05
  107.600    0.37719E-05
  108.100    0.35900E-05
  108.600    0.30738E-05
  109.100    0.24592E-05
  109.600    0.26200E-05
  110.100    0.41806E-05
  110.600    0.66478E-05
  111.100    0.85284E-05
  111.600    0.84546E-05
  112.100    0.63150E-05
  112.600    0.33349E-05
  113.100    0.10414E-05
  113.600    0.98543E-07
  114.100    0.66198E-07
  114.600    0.17894E-06
  115.100    0.24378E-06
  115.600    0.71858E-06
  116.100    0.19589E-05
  116.600    0.35249E-05
  117.100    0.43775E-05
  117.600    0.38360E-05
  118.100    0.23215E-05
  118.600    0.10740E-05
  119.100    0.10515E-05
  119.600    0.20670E-05
  120.100    0.30067E-05
  120.600    0.29083E-05
  121.100    0.18366E-05
  121.600    0.71952E-06
  122.100    0.36543E-06
  122.600    0.69318E-06
  123.100    0.94685E-06
  123.600    0.62293E-06
  124.100    0.95057E-07
  124.600    0.24687E-06
  125.100    0.14775E-05
  125.600    0.31288E-05
  126.100    0.39793E-05
  126.600    0.33594E-05
  127.100    0.17860E-05
  127.600    0.47785E-06
  128.100    0.22762E-06
  128.600    0.74992E-06
  129.100    0.11246E-05
  129.600    0.83786E-06
  130.100    0.32473E-06
  130.600    0.45406E-06
  131.100    0.15095E-05
  131.600    0.27595E-05
  132.100    0.31067E-05
  132.600    0.21825E-05
  133.100    0.76422E-06
  133.600    0.59389E-07
  134.100    0.55427E-06
  134.600    0.15763E-05
  135.100    0.20052E-05
  135.600    0.14025E-05
  136.100    0.41398E-06
  136.600    0.50409E-07
  137.100    0.61393E-06
  137.600    0.13975E-05
  138.100    0.14766E-05
  138.600    0.75985E-06
  139.100    0.17262E-06
  139.600    0.72909E-06
  140.100    0.24170E-05
  140.600    0.40570E-05
  141.100    0.43381E-05
  141.600    0.30328E-05
  142.100    0.11933E-05
  142.600    0.13664E-06
  143.100    0.24315E-06
  143.600    0.76117E-06
  144.100    0.76627E-06
  144.600    0.23184E-06
  145.100    0.62098E-07
  145.600    0.10395E-05
  146.100    0.28079E-05
  146.600    0.40253E-05
  147.100    0.36215E-05
  147.600    0.19178E-05
  148.100    0.42835E-06
  148.600    0.46522E-06
  149.100    0.18951E-05
  149.600    0.32845E-05
  150.100    0.33014E-05
  150.600    0.19797E-05
  151.100    0.59657E-06
  151.600    0.32155E-06
  152.100    0.10492E-05
  152.600    0.16215E-05
  153.100    0.11899E-05
  153.600    0.25238E-06
  154.100    0.20947E-06
  154.600    0.18351E-05
  155.100    0.42506E-05
  155.600    0.55586E-05
  156.100    0.46134E-05
  156.600    0.21815E-05
  157.100    0.27857E-06
  157.600    0.27794E-06
  158.100    0.16554E-05
  158.600    0.26304E-05
  159.100    0.20548E-05
  159.600    0.61158E-06
  160.100    0.69668E-07
  160.600    0.13468E-05
  161.100    0.34107E-05
  161.600    0.42391E-05
  162.100    0.29296E-05
  162.600    0.77311E-06
  163.100    0.75701E-07
  163.600    0.18152E-05
  164.100    0.45173E-05
  164.600    0.56073E-05
  165.100    0.39836E-05
  165.600    0.12146E-05
  166.100    0.44198E-07
  166.600    0.16198E-05
  167.100    0.42631E-05
  167.600    0.51446E-05
  168.100    0.32563E-05
  168.600    0.61190E-06
  169.100    0.27941E-06
  169.600    0.31106E-05
  170.100    0.65734E-05
  170.600    0.71442E-05
  171.100    0.40554E-05
  171.600    0.51688E-06
  172.100    0.80486E-06
  172.600    0.58119E-05
  173.100    0.11587E-04
  173.600    0.12784E-04
  174.100    0.80161E-05
  174.600    0.17540E-05
  175.100    0.32326E-06
  175.600    0.54266E-05
  176.100    0.11715E-04
  176.600    0.11757E-04
  177.100    0.46574E-05
  177.600    0.94384E-07
  178.100    0.12527E-04
  178.600    0.48855E-04
  179.100    0.99546E-04
