     -2.217      0.000000   1  0.0   1
      0.007      0.057076   2  0.0   1
      0.033      0.454022   3  0.0   1
      0.225      2.266950   4  0.0   1
      0.563      4.320774   5  0.0   1
      1.089      6.199386   6  0.0   1
      1.870      6.675169   7  0.0   1
      2.938      5.938993   8  0.0   1
      4.336      5.286057   9  0.0   1
      6.176      4.281162  10  0.0   1
      8.642      3.564568  11  0.0   1
     12.061      2.767561  12  0.0   1
     16.966      0.986959  13  0.0   1
     24.359      0.765719  14  0.0   1
     36.116      0.306158  15  0.0   1
     56.215      0.052359  16  0.0   1
 &
      0.170      0.048704  17  2.0   1
      0.533      0.501841  18  2.0   1
      1.109      2.362902  19  2.0   1
      1.958      5.724382  20  2.0   1
      3.161      9.046173  21  2.0   1
      4.847     11.696011  22  2.0   1
      7.235     12.819551  23  2.0   1
     10.710     12.710563  24  2.0   1
     15.963     12.956079  25  2.0   1
     24.323     11.671520  26  2.0   1
     38.456      2.255570  27  2.0   1
     64.083      0.018055  28  2.0   1
