
 # S.p. Hamiltonian for channel  1 and configuration s0.0
    -1.73639     2.49259     0.80650     0.18508     0.07607     0.15827     0.27226     0.35421     0.38939     0.38444     0.35269     0.30722     0.25821     0.21245     0.17374     0.14365     0.12225     0.10869     0.10169     0.09986
     2.49259    15.75738    16.05190    10.25636     6.29716     3.78562     2.27836     1.41327     0.93412     0.67430     0.53216     0.44921     0.39402     0.35108     0.31381     0.28010     0.24988     0.22373     0.20221     0.18559
     0.80650    16.05190    27.94240    26.04855    18.07305    12.11061     7.91695     5.10003     3.27494     2.12665     1.42102     0.99452     0.73822     0.58241     0.48420     0.41829     0.37046     0.33320     0.30280     0.27765
     0.18508    10.25636    26.04855    37.14690    34.13507    24.90439    17.62469    12.17974     8.27254     5.55940     3.72529     2.51286     1.72603     1.22252     0.90291     0.69993     0.56940     0.48315     0.42380     0.38094
     0.07607     6.29716    18.07305    34.13507    44.82093    41.14385    31.08281    22.85036    16.42539    11.60002     8.08658     5.59290     3.86077     2.67961     1.88665     1.36093     1.01541     0.78905     0.64020     0.54106
     0.15827     3.78562    12.11061    24.90439    41.14385    51.56327    47.42739    36.76239    27.80067    20.58562    14.98138    10.75472     7.64430     5.40255     3.81584     2.71030     1.95046     1.43414     1.08623     0.85294
     0.27226     2.27836     7.91695    17.62469    31.08281    47.42739    57.64717    53.16771    42.03947    32.50010    24.63518    18.36471    13.50367     9.82332     7.09242     5.10148     3.67245     2.66049     1.95286     1.46301
     0.35421     1.41327     5.10003    12.17974    22.85036    36.76239    53.16771    63.22924    58.48109    46.98529    36.97668    28.56787    21.72220    16.29531    12.09074     8.89565     6.50856     4.75349     3.47875     2.56495
     0.38939     0.93412     3.27494     8.27254    16.42539    27.80067    42.03947    58.48109    68.41404    63.44947    51.65400    41.25642    32.38475    25.03854    19.10442    14.41759    10.78648     8.01356     5.93524     4.39449
     0.38444     0.67430     2.12665     5.55940    11.60002    20.58562    32.50010    46.98529    63.44947    73.27550    68.13277    56.08628    45.36251    36.08918    28.30485    21.91617    16.77951    12.74594     9.60038     7.19779
     0.35269     0.53216     1.42102     3.72529     8.08658    14.98138    24.63518    36.97668    51.65400    68.13277    77.86665    72.57727    60.31127    49.31598    39.68765    31.51008    24.72818    19.15762    14.74959    11.26631
     0.30722     0.44921     0.99452     2.51286     5.59290    10.75472    18.36471    28.56787    41.25642    56.08628    72.57727    82.22402    76.82233    64.35039    53.12902    43.20071    34.63412    27.53584    21.56197    16.75887
     0.25821     0.39402     0.73822     1.72603     3.86077     7.64430    13.50367    21.72220    32.38475    45.36251    60.31127    76.82233    86.37185    80.89742    68.23404    56.78971    46.65903    37.68239    30.28960    24.02258
     0.21245     0.35108     0.58241     1.22252     2.67961     5.40255     9.82332    16.29531    25.03854    36.08918    49.31598    64.35039    80.89742    90.33967    84.80404    72.00954    60.29483    50.03645    40.72299    32.95452
     0.17374     0.31381     0.48420     0.90291     1.88665     3.81584     7.09242    12.09074    19.10442    28.30485    39.68765    53.12902    68.23404    84.80404    94.17379    88.54541    75.66539    63.72446    53.27541    43.73670
     0.14365     0.28010     0.41829     0.69993     1.36093     2.71030     5.10148     8.89565    14.41759    21.91617    31.51008    43.20071    56.78971    72.00954    88.54541    97.85889    92.21980    79.13044    67.08233    56.49236
     0.12225     0.24988     0.37046     0.56940     1.01541     1.95046     3.67245     6.50856    10.78648    16.77951    24.72818    34.63412    46.65903    60.29483    75.66539    92.21980   101.30752    95.85608    82.54351    70.20925
     0.10869     0.22373     0.33320     0.48315     0.78905     1.43414     2.66049     4.75349     8.01356    12.74594    19.15762    27.53584    37.68239    50.03645    63.72446    79.13044    95.85608   104.65554    99.25617    85.99323
     0.10169     0.20221     0.30280     0.42380     0.64020     1.08623     1.95286     3.47875     5.93524     9.60038    14.74959    21.56197    30.28960    40.72299    53.27541    67.08233    82.54351    99.25617   108.02344   102.57002
     0.09986     0.18559     0.27765     0.38094     0.54106     0.85294     1.46301     2.56495     4.39449     7.19779    11.26631    16.75887    24.02258    32.95452    43.73670    56.49236    70.20925    85.99323   102.57002   111.14404

 # S.p. Hamiltonian for channel  1 and configuration d2.0
    25.82868    19.41653    11.13605     6.23802     3.38848     1.77798     0.90275     0.45154     0.23540     0.14252     0.10892     0.09979     0.09754     0.09439     0.08784
    19.41653    33.23540    27.86580    18.17958    11.54857     7.17520     4.37480     2.62876     1.56809     0.94060     0.57912     0.37584     0.26319     0.20009     0.16256
    11.13605    27.86580    40.12502    35.07376    24.63476    16.83775    11.26312     7.40237     4.79630     3.07594     1.96314     1.25681     0.81605     0.54472     0.37880
     6.23802    18.17958    35.07376    46.61407    41.59556    30.61619    21.94824    15.40463    10.62467     7.22242     4.85274     3.23330     2.14534     1.42564     0.95589
     3.38848    11.54857    24.63476    41.59556    52.67097    47.57463    36.17416    26.83012    19.49711    13.92791     9.80654     6.82136     4.69869     3.21384     2.19031
     1.77798     7.17520    16.83775    30.61619    47.57463    58.31238    53.10486    41.36749    31.48557    23.50124    17.25305    12.48689     8.92757     6.31708     4.43284
     0.90275     4.37480    11.26312    21.94824    36.17416    53.10486    63.58673    58.26445    46.25206    35.93254    27.40278    20.56663    15.22239    11.13147     8.05457
     0.45154     2.62876     7.40237    15.40463    26.83012    41.36749    58.26445    68.54654    63.11557    50.87381    40.19121    31.19753    23.84902    17.98488    13.40281
     0.23540     1.56809     4.79630    10.62467    19.49711    31.48557    46.25206    63.11557    73.23698    67.70622    55.26831    44.28117    34.88526    27.08836    20.75698
     0.14252     0.94060     3.07594     7.22242    13.92791    23.50124    35.93254    50.87381    67.70622    77.69365    72.07502    59.46135    48.22141    38.46974    30.27191
     0.10892     0.57912     1.96314     4.85274     9.80654    17.25305    27.40278    40.19121    55.26831    72.07502    81.94193    76.25660    63.47154    52.02376    41.96919
     0.09979     0.37584     1.25681     3.23330     6.82136    12.48689    20.56663    31.19753    44.28117    59.46135    76.25660    85.99801    80.27849    67.32620    55.67636
     0.09754     0.26319     0.81605     2.14534     4.69869     8.92757    15.22239    23.84902    34.88526    48.22141    63.47154    80.27849    89.88443    84.14176    71.07213
     0.09439     0.20009     0.54472     1.42564     3.21384     6.31708    11.13147    17.98488    27.08836    38.46974    52.02376    67.32620    84.14176    93.64389    87.84459
     0.08784     0.16256     0.37880     0.95589     2.19031     4.43284     8.05457    13.40281    20.75698    30.27191    41.96919    55.67636    71.07213    87.84459    97.26578
