 #S.p. wfs for channel:           1
   0.000    -0.00000  -0.00000   0.00000
   0.050    -0.03004  -0.00079   0.00053
   0.100    -0.05995  -0.00156   0.00110
   0.150    -0.08963  -0.00231   0.00173
   0.200    -0.11895  -0.00303   0.00243
   0.250    -0.14779  -0.00371   0.00322
   0.300    -0.17606  -0.00434   0.00411
   0.350    -0.20363  -0.00493   0.00508
   0.400    -0.23042  -0.00548   0.00612
   0.450    -0.25633  -0.00599   0.00719
   0.500    -0.28128  -0.00647   0.00826
   0.550    -0.30518  -0.00693   0.00930
   0.600    -0.32798  -0.00737   0.01028
   0.650    -0.34961  -0.00779   0.01116
   0.700    -0.37003  -0.00821   0.01192
   0.750    -0.38921  -0.00862   0.01256
   0.800    -0.40713  -0.00903   0.01306
   0.850    -0.42376  -0.00944   0.01342
   0.900    -0.43911  -0.00983   0.01366
   0.950    -0.45319  -0.01022   0.01379
   1.000    -0.46600  -0.01058   0.01383
   1.050    -0.47758  -0.01092   0.01382
   1.100    -0.48795  -0.01123   0.01378
   1.150    -0.49715  -0.01151   0.01372
   1.200    -0.50523  -0.01174   0.01367
   1.250    -0.51222  -0.01194   0.01366
   1.300    -0.51819  -0.01208   0.01368
   1.350    -0.52318  -0.01219   0.01376
   1.400    -0.52724  -0.01225   0.01388
   1.450    -0.53044  -0.01227   0.01405
   1.500    -0.53283  -0.01225   0.01427
   1.550    -0.53445  -0.01220   0.01451
   1.600    -0.53538  -0.01212   0.01477
   1.650    -0.53565  -0.01201   0.01504
   1.700    -0.53533  -0.01189   0.01529
   1.750    -0.53446  -0.01176   0.01553
   1.800    -0.53308  -0.01163   0.01572
   1.850    -0.53125  -0.01148   0.01587
   1.900    -0.52900  -0.01134   0.01596
   1.950    -0.52638  -0.01121   0.01599
   2.000    -0.52343  -0.01108   0.01595
   2.050    -0.52017  -0.01096   0.01584
   2.100    -0.51665  -0.01084   0.01566
   2.150    -0.51289  -0.01074   0.01542
   2.200    -0.50892  -0.01064   0.01512
   2.250    -0.50478  -0.01055   0.01477
   2.300    -0.50047  -0.01046   0.01437
   2.350    -0.49604  -0.01038   0.01394
   2.400    -0.49149  -0.01030   0.01349
   2.450    -0.48684  -0.01021   0.01301
   2.500    -0.48212  -0.01013   0.01253
   2.550    -0.47734  -0.01004   0.01206
   2.600    -0.47251  -0.00994   0.01159
   2.650    -0.46764  -0.00984   0.01114
   2.700    -0.46275  -0.00973   0.01072
   2.750    -0.45785  -0.00960   0.01032
   2.800    -0.45294  -0.00947   0.00996
   2.850    -0.44803  -0.00932   0.00964
   2.900    -0.44314  -0.00916   0.00936
   2.950    -0.43826  -0.00899   0.00912
   3.000    -0.43340  -0.00881   0.00891
   3.050    -0.42857  -0.00862   0.00875
   3.100    -0.42377  -0.00842   0.00862
   3.150    -0.41901  -0.00820   0.00853
   3.200    -0.41428  -0.00798   0.00847
   3.250    -0.40960  -0.00776   0.00843
   3.300    -0.40495  -0.00752   0.00841
   3.350    -0.40035  -0.00728   0.00841
   3.400    -0.39579  -0.00704   0.00842
   3.450    -0.39128  -0.00680   0.00844
   3.500    -0.38682  -0.00656   0.00846
   3.550    -0.38240  -0.00632   0.00848
   3.600    -0.37803  -0.00608   0.00849
   3.650    -0.37371  -0.00584   0.00850
   3.700    -0.36943  -0.00561   0.00848
   3.750    -0.36521  -0.00538   0.00845
   3.800    -0.36103  -0.00516   0.00839
   3.850    -0.35690  -0.00494   0.00832
   3.900    -0.35281  -0.00473   0.00821
   3.950    -0.34877  -0.00453   0.00808
   4.000    -0.34478  -0.00434   0.00792
   4.050    -0.34083  -0.00415   0.00773
   4.100    -0.33693  -0.00398   0.00751
   4.150    -0.33307  -0.00381   0.00727
   4.200    -0.32926  -0.00365   0.00699
   4.250    -0.32549  -0.00349   0.00669
   4.300    -0.32176  -0.00334   0.00636
   4.350    -0.31807  -0.00320   0.00601
   4.400    -0.31442  -0.00306   0.00563
   4.450    -0.31082  -0.00293   0.00524
   4.500    -0.30726  -0.00280   0.00483
   4.550    -0.30373  -0.00268   0.00440
   4.600    -0.30025  -0.00256   0.00396
   4.650    -0.29680  -0.00244   0.00352
   4.700    -0.29339  -0.00232   0.00306
   4.750    -0.29002  -0.00221   0.00261
   4.800    -0.28669  -0.00209   0.00215
   4.850    -0.28339  -0.00197   0.00169
   4.900    -0.28014  -0.00185   0.00124
   4.950    -0.27691  -0.00173   0.00080
   5.000    -0.27373  -0.00161   0.00036
   5.050    -0.27058  -0.00148  -0.00006
   5.100    -0.26746  -0.00135  -0.00047
   5.150    -0.26438  -0.00121  -0.00086
   5.200    -0.26134  -0.00107  -0.00124
   5.250    -0.25833  -0.00093  -0.00160
   5.300    -0.25535  -0.00078  -0.00194
   5.350    -0.25240  -0.00062  -0.00227
   5.400    -0.24949  -0.00046  -0.00257
   5.450    -0.24662  -0.00029  -0.00284
   5.500    -0.24377  -0.00012  -0.00310
   5.550    -0.24096   0.00006  -0.00334
   5.600    -0.23818   0.00025  -0.00355
   5.650    -0.23543   0.00044  -0.00375
   5.700    -0.23272   0.00063  -0.00392
   5.750    -0.23003   0.00083  -0.00407
   5.800    -0.22738   0.00104  -0.00421
   5.850    -0.22476   0.00125  -0.00432
   5.900    -0.22217   0.00146  -0.00442
   5.950    -0.21960   0.00168  -0.00451
   6.000    -0.21707   0.00190  -0.00458
   6.050    -0.21457   0.00213  -0.00464
   6.100    -0.21210   0.00235  -0.00469
   6.150    -0.20965   0.00258  -0.00472
   6.200    -0.20724   0.00281  -0.00476
   6.250    -0.20485   0.00305  -0.00478
   6.300    -0.20249   0.00328  -0.00480
   6.350    -0.20016   0.00351  -0.00482
   6.400    -0.19786   0.00375  -0.00484
   6.450    -0.19558   0.00398  -0.00485
   6.500    -0.19333   0.00421  -0.00488
   6.550    -0.19111   0.00444  -0.00490
   6.600    -0.18892   0.00467  -0.00493
   6.650    -0.18675   0.00490  -0.00497
   6.700    -0.18460   0.00513  -0.00501
   6.750    -0.18248   0.00535  -0.00507
   6.800    -0.18039   0.00557  -0.00513
   6.850    -0.17832   0.00578  -0.00521
   6.900    -0.17627   0.00599  -0.00530
   6.950    -0.17425   0.00620  -0.00541
   7.000    -0.17225   0.00640  -0.00552
   7.050    -0.17028   0.00660  -0.00566
   7.100    -0.16833   0.00680  -0.00581
   7.150    -0.16640   0.00699  -0.00597
   7.200    -0.16449   0.00718  -0.00616
   7.250    -0.16261   0.00736  -0.00635
   7.300    -0.16074   0.00754  -0.00657
   7.350    -0.15890   0.00771  -0.00680
   7.400    -0.15708   0.00788  -0.00705
   7.450    -0.15528   0.00804  -0.00731
   7.500    -0.15351   0.00821  -0.00759
   7.550    -0.15175   0.00836  -0.00789
   7.600    -0.15001   0.00851  -0.00820
   7.650    -0.14829   0.00866  -0.00852
   7.700    -0.14659   0.00881  -0.00886
   7.750    -0.14491   0.00895  -0.00921
   7.800    -0.14325   0.00909  -0.00958
   7.850    -0.14161   0.00923  -0.00995
   7.900    -0.13999   0.00936  -0.01033
   7.950    -0.13839   0.00949  -0.01073
   8.000    -0.13680   0.00962  -0.01113
   8.050    -0.13523   0.00975  -0.01154
   8.100    -0.13368   0.00988  -0.01195
   8.150    -0.13215   0.01000  -0.01237
   8.200    -0.13063   0.01013  -0.01280
   8.250    -0.12913   0.01025  -0.01322
   8.300    -0.12765   0.01037  -0.01365
   8.350    -0.12618   0.01050  -0.01408
   8.400    -0.12474   0.01062  -0.01450
   8.450    -0.12330   0.01075  -0.01493
   8.500    -0.12189   0.01087  -0.01535
   8.550    -0.12048   0.01100  -0.01577
   8.600    -0.11910   0.01113  -0.01618
   8.650    -0.11773   0.01126  -0.01659
   8.700    -0.11637   0.01139  -0.01699
   8.750    -0.11503   0.01153  -0.01739
   8.800    -0.11371   0.01167  -0.01777
   8.850    -0.11240   0.01181  -0.01815
   8.900    -0.11110   0.01195  -0.01851
   8.950    -0.10982   0.01209  -0.01887
   9.000    -0.10856   0.01224  -0.01921
   9.050    -0.10731   0.01239  -0.01955
   9.100    -0.10607   0.01255  -0.01987
   9.150    -0.10484   0.01271  -0.02018
   9.200    -0.10363   0.01287  -0.02047
   9.250    -0.10244   0.01304  -0.02075
   9.300    -0.10125   0.01320  -0.02102
   9.350    -0.10009   0.01338  -0.02128
   9.400    -0.09893   0.01355  -0.02152
   9.450    -0.09779   0.01373  -0.02175
   9.500    -0.09666   0.01392  -0.02196
   9.550    -0.09554   0.01410  -0.02216
   9.600    -0.09444   0.01429  -0.02235
   9.650    -0.09334   0.01449  -0.02253
   9.700    -0.09227   0.01468  -0.02269
   9.750    -0.09120   0.01488  -0.02284
   9.800    -0.09015   0.01509  -0.02298
   9.850    -0.08910   0.01529  -0.02311
   9.900    -0.08807   0.01550  -0.02322
   9.950    -0.08706   0.01571  -0.02333
  10.000    -0.08605   0.01592  -0.02342
  10.050    -0.08506   0.01614  -0.02351
  10.100    -0.08407   0.01636  -0.02359
  10.150    -0.08310   0.01658  -0.02366
  10.200    -0.08214   0.01680  -0.02372
  10.250    -0.08119   0.01702  -0.02378
  10.300    -0.08026   0.01724  -0.02383
  10.350    -0.07933   0.01747  -0.02387
  10.400    -0.07842   0.01770  -0.02391
  10.450    -0.07751   0.01792  -0.02395
  10.500    -0.07662   0.01815  -0.02399
  10.550    -0.07573   0.01838  -0.02402
  10.600    -0.07486   0.01860  -0.02405
  10.650    -0.07400   0.01883  -0.02408
  10.700    -0.07315   0.01906  -0.02412
  10.750    -0.07230   0.01928  -0.02415
  10.800    -0.07147   0.01951  -0.02418
  10.850    -0.07065   0.01973  -0.02422
  10.900    -0.06984   0.01996  -0.02426
  10.950    -0.06903   0.02018  -0.02431
  11.000    -0.06824   0.02040  -0.02436
  11.050    -0.06746   0.02062  -0.02441
  11.100    -0.06668   0.02083  -0.02447
  11.150    -0.06592   0.02105  -0.02454
  11.200    -0.06516   0.02126  -0.02462
  11.250    -0.06441   0.02147  -0.02470
  11.300    -0.06368   0.02168  -0.02479
  11.350    -0.06295   0.02188  -0.02489
  11.400    -0.06223   0.02209  -0.02500
  11.450    -0.06151   0.02229  -0.02512
  11.500    -0.06081   0.02248  -0.02524
  11.550    -0.06011   0.02268  -0.02538
  11.600    -0.05942   0.02287  -0.02553
  11.650    -0.05875   0.02306  -0.02569
  11.700    -0.05807   0.02324  -0.02586
  11.750    -0.05741   0.02343  -0.02604
  11.800    -0.05675   0.02361  -0.02623
  11.850    -0.05611   0.02378  -0.02643
  11.900    -0.05547   0.02396  -0.02665
  11.950    -0.05483   0.02413  -0.02687
  12.000    -0.05421   0.02430  -0.02711
  12.050    -0.05359   0.02446  -0.02736
  12.100    -0.05298   0.02462  -0.02761
  12.150    -0.05237   0.02478  -0.02788
  12.200    -0.05177   0.02494  -0.02816
  12.250    -0.05118   0.02509  -0.02845
  12.300    -0.05060   0.02524  -0.02875
  12.350    -0.05002   0.02539  -0.02906
  12.400    -0.04945   0.02554  -0.02937
  12.450    -0.04889   0.02568  -0.02970
  12.500    -0.04833   0.02582  -0.03004
  12.550    -0.04778   0.02596  -0.03038
  12.600    -0.04723   0.02610  -0.03073
  12.650    -0.04670   0.02623  -0.03109
  12.700    -0.04616   0.02637  -0.03145
  12.750    -0.04564   0.02650  -0.03183
  12.800    -0.04511   0.02663  -0.03220
  12.850    -0.04460   0.02676  -0.03258
  12.900    -0.04409   0.02689  -0.03297
  12.950    -0.04359   0.02702  -0.03336
  13.000    -0.04309   0.02715  -0.03376
  13.050    -0.04260   0.02727  -0.03415
  13.100    -0.04211   0.02740  -0.03455
  13.150    -0.04163   0.02752  -0.03496
  13.200    -0.04115   0.02765  -0.03536
  13.250    -0.04068   0.02777  -0.03576
  13.300    -0.04021   0.02790  -0.03617
  13.350    -0.03975   0.02802  -0.03657
  13.400    -0.03930   0.02815  -0.03697
  13.450    -0.03885   0.02828  -0.03737
  13.500    -0.03840   0.02840  -0.03777
  13.550    -0.03796   0.02853  -0.03817
  13.600    -0.03752   0.02866  -0.03856
  13.650    -0.03709   0.02879  -0.03895
  13.700    -0.03667   0.02892  -0.03933
  13.750    -0.03625   0.02906  -0.03971
  13.800    -0.03583   0.02919  -0.04009
  13.850    -0.03542   0.02933  -0.04046
  13.900    -0.03501   0.02947  -0.04082
  13.950    -0.03460   0.02960  -0.04118
  14.000    -0.03420   0.02975  -0.04153
  14.050    -0.03381   0.02989  -0.04187
  14.100    -0.03342   0.03003  -0.04221
  14.150    -0.03303   0.03018  -0.04253
  14.200    -0.03265   0.03033  -0.04285
  14.250    -0.03227   0.03048  -0.04316
  14.300    -0.03190   0.03064  -0.04346
  14.350    -0.03153   0.03080  -0.04376
  14.400    -0.03117   0.03095  -0.04404
  14.450    -0.03081   0.03112  -0.04431
  14.500    -0.03045   0.03128  -0.04458
  14.550    -0.03009   0.03145  -0.04483
  14.600    -0.02975   0.03162  -0.04508
  14.650    -0.02940   0.03179  -0.04532
  14.700    -0.02906   0.03196  -0.04554
  14.750    -0.02872   0.03214  -0.04576
  14.800    -0.02839   0.03232  -0.04596
  14.850    -0.02806   0.03250  -0.04616
  14.900    -0.02773   0.03268  -0.04635
  14.950    -0.02741   0.03287  -0.04652
  15.000    -0.02709   0.03306  -0.04669
  15.050    -0.02677   0.03325  -0.04685
  15.100    -0.02646   0.03344  -0.04700
  15.150    -0.02615   0.03364  -0.04714
  15.200    -0.02585   0.03384  -0.04727
  15.250    -0.02555   0.03404  -0.04739
  15.300    -0.02525   0.03424  -0.04751
  15.350    -0.02496   0.03444  -0.04761
  15.400    -0.02467   0.03465  -0.04771
  15.450    -0.02438   0.03486  -0.04780
  15.500    -0.02409   0.03506  -0.04789
  15.550    -0.02381   0.03527  -0.04796
  15.600    -0.02354   0.03549  -0.04803
  15.650    -0.02326   0.03570  -0.04810
  15.700    -0.02299   0.03591  -0.04816
  15.750    -0.02272   0.03613  -0.04821
  15.800    -0.02246   0.03635  -0.04826
  15.850    -0.02220   0.03656  -0.04830
  15.900    -0.02194   0.03678  -0.04834
  15.950    -0.02168   0.03700  -0.04838
  16.000    -0.02143   0.03722  -0.04841
  16.050    -0.02118   0.03744  -0.04844
  16.100    -0.02094   0.03766  -0.04846
  16.150    -0.02069   0.03788  -0.04849
  16.200    -0.02045   0.03810  -0.04851
  16.250    -0.02022   0.03833  -0.04853
  16.300    -0.01998   0.03855  -0.04855
  16.350    -0.01975   0.03877  -0.04857
  16.400    -0.01952   0.03899  -0.04859
  16.450    -0.01930   0.03921  -0.04861
  16.500    -0.01907   0.03943  -0.04864
  16.550    -0.01885   0.03964  -0.04866
  16.600    -0.01864   0.03986  -0.04869
  16.650    -0.01842   0.04008  -0.04871
  16.700    -0.01821   0.04029  -0.04874
  16.750    -0.01800   0.04051  -0.04878
  16.800    -0.01779   0.04072  -0.04881
  16.850    -0.01759   0.04093  -0.04885
  16.900    -0.01738   0.04115  -0.04890
  16.950    -0.01718   0.04135  -0.04895
  17.000    -0.01699   0.04156  -0.04900
  17.050    -0.01679   0.04177  -0.04906
  17.100    -0.01660   0.04197  -0.04912
  17.150    -0.01641   0.04218  -0.04919
  17.200    -0.01622   0.04238  -0.04927
  17.250    -0.01604   0.04258  -0.04935
  17.300    -0.01585   0.04277  -0.04944
  17.350    -0.01567   0.04297  -0.04953
  17.400    -0.01549   0.04316  -0.04964
  17.450    -0.01532   0.04335  -0.04975
  17.500    -0.01514   0.04354  -0.04986
  17.550    -0.01497   0.04373  -0.04999
  17.600    -0.01480   0.04391  -0.05012
  17.650    -0.01463   0.04409  -0.05026
  17.700    -0.01447   0.04427  -0.05041
  17.750    -0.01430   0.04445  -0.05056
  17.800    -0.01414   0.04462  -0.05073
  17.850    -0.01398   0.04480  -0.05090
  17.900    -0.01382   0.04497  -0.05108
  17.950    -0.01367   0.04514  -0.05127
  18.000    -0.01351   0.04530  -0.05146
  18.050    -0.01336   0.04547  -0.05167
  18.100    -0.01321   0.04563  -0.05188
  18.150    -0.01306   0.04579  -0.05210
  18.200    -0.01292   0.04594  -0.05233
  18.250    -0.01277   0.04610  -0.05257
  18.300    -0.01263   0.04625  -0.05281
  18.350    -0.01248   0.04640  -0.05306
  18.400    -0.01234   0.04655  -0.05332
  18.450    -0.01221   0.04670  -0.05359
  18.500    -0.01207   0.04684  -0.05386
  18.550    -0.01193   0.04698  -0.05415
  18.600    -0.01180   0.04713  -0.05443
  18.650    -0.01167   0.04726  -0.05473
  18.700    -0.01154   0.04740  -0.05503
  18.750    -0.01141   0.04754  -0.05534
  18.800    -0.01128   0.04767  -0.05565
  18.850    -0.01115   0.04780  -0.05597
  18.900    -0.01103   0.04794  -0.05630
  18.950    -0.01090   0.04807  -0.05663
  19.000    -0.01078   0.04819  -0.05697
  19.050    -0.01066   0.04832  -0.05731
  19.100    -0.01054   0.04845  -0.05765
  19.150    -0.01042   0.04857  -0.05800
  19.200    -0.01031   0.04870  -0.05836
  19.250    -0.01019   0.04882  -0.05871
  19.300    -0.01008   0.04894  -0.05907
  19.350    -0.00996   0.04907  -0.05943
  19.400    -0.00985   0.04919  -0.05980
  19.450    -0.00974   0.04931  -0.06017
  19.500    -0.00963   0.04943  -0.06054
  19.550    -0.00952   0.04955  -0.06091
  19.600    -0.00942   0.04967  -0.06128
  19.650    -0.00931   0.04979  -0.06165
  19.700    -0.00920   0.04991  -0.06202
  19.750    -0.00910   0.05003  -0.06240
  19.800    -0.00900   0.05015  -0.06277
  19.850    -0.00890   0.05027  -0.06314
  19.900    -0.00880   0.05039  -0.06351
  19.950    -0.00870   0.05051  -0.06388
  20.000    -0.00860   0.05063  -0.06425
  20.050    -0.00850   0.05076  -0.06462
  20.100    -0.00840   0.05088  -0.06498
  20.150    -0.00831   0.05100  -0.06534
  20.200    -0.00821   0.05113  -0.06570
  20.250    -0.00812   0.05125  -0.06606
  20.300    -0.00803   0.05138  -0.06641
  20.350    -0.00793   0.05150  -0.06676
  20.400    -0.00784   0.05163  -0.06711
  20.450    -0.00775   0.05176  -0.06745
  20.500    -0.00766   0.05189  -0.06778
  20.550    -0.00758   0.05202  -0.06811
  20.600    -0.00749   0.05216  -0.06844
  20.650    -0.00740   0.05229  -0.06876
  20.700    -0.00732   0.05243  -0.06907
  20.750    -0.00723   0.05257  -0.06938
  20.800    -0.00715   0.05271  -0.06969
  20.850    -0.00706   0.05285  -0.06998
  20.900    -0.00698   0.05299  -0.07027
  20.950    -0.00690   0.05313  -0.07056
  21.000    -0.00682   0.05328  -0.07083
  21.050    -0.00674   0.05343  -0.07110
  21.100    -0.00666   0.05358  -0.07137
  21.150    -0.00658   0.05373  -0.07162
  21.200    -0.00651   0.05388  -0.07187
  21.250    -0.00643   0.05404  -0.07211
  21.300    -0.00635   0.05420  -0.07235
  21.350    -0.00628   0.05435  -0.07257
  21.400    -0.00620   0.05452  -0.07279
  21.450    -0.00613   0.05468  -0.07300
  21.500    -0.00606   0.05484  -0.07321
  21.550    -0.00599   0.05501  -0.07340
  21.600    -0.00592   0.05518  -0.07359
  21.650    -0.00585   0.05535  -0.07377
  21.700    -0.00578   0.05552  -0.07394
  21.750    -0.00571   0.05570  -0.07410
  21.800    -0.00564   0.05587  -0.07426
  21.850    -0.00557   0.05605  -0.07441
  21.900    -0.00550   0.05623  -0.07455
  21.950    -0.00544   0.05641  -0.07468
  22.000    -0.00537   0.05659  -0.07481
  22.050    -0.00531   0.05678  -0.07493
  22.100    -0.00524   0.05697  -0.07504
  22.150    -0.00518   0.05715  -0.07514
  22.200    -0.00512   0.05734  -0.07524
  22.250    -0.00506   0.05754  -0.07533
  22.300    -0.00500   0.05773  -0.07541
  22.350    -0.00494   0.05792  -0.07548
  22.400    -0.00488   0.05812  -0.07555
  22.450    -0.00482   0.05832  -0.07562
  22.500    -0.00476   0.05852  -0.07567
  22.550    -0.00470   0.05872  -0.07572
  22.600    -0.00464   0.05892  -0.07577
  22.650    -0.00459   0.05912  -0.07581
  22.700    -0.00453   0.05932  -0.07584
  22.750    -0.00448   0.05953  -0.07587
  22.800    -0.00442   0.05973  -0.07589
  22.850    -0.00437   0.05994  -0.07591
  22.900    -0.00432   0.06015  -0.07593
  22.950    -0.00426   0.06035  -0.07594
  23.000    -0.00421   0.06056  -0.07594
  23.050    -0.00416   0.06077  -0.07594
  23.100    -0.00411   0.06098  -0.07594
  23.150    -0.00406   0.06119  -0.07594
  23.200    -0.00401   0.06140  -0.07593
  23.250    -0.00396   0.06162  -0.07592
  23.300    -0.00392   0.06183  -0.07591
  23.350    -0.00387   0.06204  -0.07589
  23.400    -0.00382   0.06225  -0.07587
  23.450    -0.00378   0.06246  -0.07586
  23.500    -0.00373   0.06267  -0.07583
  23.550    -0.00368   0.06289  -0.07581
  23.600    -0.00364   0.06310  -0.07579
  23.650    -0.00360   0.06331  -0.07577
  23.700    -0.00355   0.06352  -0.07575
  23.750    -0.00351   0.06373  -0.07572
  23.800    -0.00347   0.06394  -0.07570
  23.850    -0.00343   0.06415  -0.07568
  23.900    -0.00339   0.06436  -0.07565
  23.950    -0.00335   0.06457  -0.07563
  24.000    -0.00331   0.06478  -0.07561
  24.050    -0.00327   0.06498  -0.07560
  24.100    -0.00323   0.06519  -0.07558
  24.150    -0.00319   0.06539  -0.07557
  24.200    -0.00315   0.06560  -0.07555
  24.250    -0.00312   0.06580  -0.07554
  24.300    -0.00308   0.06600  -0.07554
  24.350    -0.00304   0.06620  -0.07553
  24.400    -0.00301   0.06640  -0.07553
  24.450    -0.00297   0.06660  -0.07554
  24.500    -0.00294   0.06680  -0.07554
  24.550    -0.00291   0.06700  -0.07555
  24.600    -0.00287   0.06719  -0.07557
  24.650    -0.00284   0.06738  -0.07559
  24.700    -0.00281   0.06757  -0.07561
  24.750    -0.00277   0.06776  -0.07564
  24.800    -0.00274   0.06795  -0.07567
  24.850    -0.00271   0.06814  -0.07571
  24.900    -0.00268   0.06833  -0.07575
  24.950    -0.00265   0.06851  -0.07580
  25.000    -0.00262   0.06869  -0.07585
  25.050    -0.00259   0.06887  -0.07591
  25.100    -0.00256   0.06905  -0.07598
  25.150    -0.00254   0.06923  -0.07605
  25.200    -0.00251   0.06940  -0.07612
  25.250    -0.00248   0.06957  -0.07620
  25.300    -0.00245   0.06974  -0.07629
  25.350    -0.00243   0.06991  -0.07639
  25.400    -0.00240   0.07008  -0.07649
  25.450    -0.00237   0.07025  -0.07659
  25.500    -0.00235   0.07041  -0.07671
  25.550    -0.00232   0.07057  -0.07683
  25.600    -0.00230   0.07073  -0.07695
  25.650    -0.00227   0.07089  -0.07708
  25.700    -0.00225   0.07104  -0.07722
  25.750    -0.00222   0.07120  -0.07737
  25.800    -0.00220   0.07135  -0.07752
  25.850    -0.00218   0.07150  -0.07768
  25.900    -0.00215   0.07165  -0.07784
  25.950    -0.00213   0.07180  -0.07801
  26.000    -0.00211   0.07194  -0.07819
  26.050    -0.00209   0.07208  -0.07838
  26.100    -0.00207   0.07223  -0.07857
  26.150    -0.00204   0.07237  -0.07876
  26.200    -0.00202   0.07250  -0.07896
  26.250    -0.00200   0.07264  -0.07917
  26.300    -0.00198   0.07277  -0.07939
  26.350    -0.00196   0.07291  -0.07961
  26.400    -0.00194   0.07304  -0.07983
  26.450    -0.00192   0.07317  -0.08007
  26.500    -0.00190   0.07330  -0.08030
  26.550    -0.00188   0.07342  -0.08055
  26.600    -0.00186   0.07355  -0.08080
  26.650    -0.00184   0.07367  -0.08105
  26.700    -0.00183   0.07379  -0.08131
  26.750    -0.00181   0.07392  -0.08157
  26.800    -0.00179   0.07404  -0.08184
  26.850    -0.00177   0.07415  -0.08211
  26.900    -0.00175   0.07427  -0.08239
  26.950    -0.00174   0.07439  -0.08267
  27.000    -0.00172   0.07450  -0.08296
  27.050    -0.00170   0.07462  -0.08325
  27.100    -0.00168   0.07473  -0.08354
  27.150    -0.00167   0.07484  -0.08384
  27.200    -0.00165   0.07495  -0.08414
  27.250    -0.00163   0.07506  -0.08444
  27.300    -0.00162   0.07517  -0.08475
  27.350    -0.00160   0.07528  -0.08506
  27.400    -0.00159   0.07539  -0.08537
  27.450    -0.00157   0.07550  -0.08569
  27.500    -0.00155   0.07560  -0.08600
  27.550    -0.00154   0.07571  -0.08632
  27.600    -0.00152   0.07582  -0.08664
  27.650    -0.00151   0.07592  -0.08696
  27.700    -0.00149   0.07603  -0.08729
  27.750    -0.00148   0.07613  -0.08761
  27.800    -0.00146   0.07624  -0.08794
  27.850    -0.00145   0.07634  -0.08826
  27.900    -0.00143   0.07645  -0.08859
  27.950    -0.00142   0.07655  -0.08891
  28.000    -0.00140   0.07666  -0.08924
  28.050    -0.00139   0.07676  -0.08957
  28.100    -0.00138   0.07687  -0.08989
  28.150    -0.00136   0.07697  -0.09022
  28.200    -0.00135   0.07708  -0.09054
  28.250    -0.00133   0.07719  -0.09086
  28.300    -0.00132   0.07729  -0.09118
  28.350    -0.00131   0.07740  -0.09150
  28.400    -0.00129   0.07751  -0.09182
  28.450    -0.00128   0.07761  -0.09214
  28.500    -0.00127   0.07772  -0.09245
  28.550    -0.00125   0.07783  -0.09276
  28.600    -0.00124   0.07794  -0.09307
  28.650    -0.00123   0.07805  -0.09337
  28.700    -0.00121   0.07816  -0.09368
  28.750    -0.00120   0.07828  -0.09397
  28.800    -0.00119   0.07839  -0.09427
  28.850    -0.00117   0.07850  -0.09456
  28.900    -0.00116   0.07862  -0.09485
  28.950    -0.00115   0.07873  -0.09514
  29.000    -0.00113   0.07885  -0.09542
  29.050    -0.00112   0.07897  -0.09569
  29.100    -0.00111   0.07909  -0.09596
  29.150    -0.00110   0.07921  -0.09623
  29.200    -0.00108   0.07933  -0.09649
  29.250    -0.00107   0.07945  -0.09675
  29.300    -0.00106   0.07958  -0.09700
  29.350    -0.00105   0.07970  -0.09725
  29.400    -0.00104   0.07983  -0.09749
  29.450    -0.00102   0.07996  -0.09772
  29.500    -0.00101   0.08009  -0.09795
  29.550    -0.00100   0.08022  -0.09818
  29.600    -0.00099   0.08035  -0.09840
  29.650    -0.00097   0.08048  -0.09861
  29.700    -0.00096   0.08062  -0.09882
  29.750    -0.00095   0.08076  -0.09902
  29.800    -0.00094   0.08089  -0.09921
  29.850    -0.00093   0.08103  -0.09940
  29.900    -0.00092   0.08117  -0.09958
  29.950    -0.00090   0.08132  -0.09976
  30.000    -0.00089   0.08146  -0.09992
  30.050    -0.00088   0.08161  -0.10009
  30.100    -0.00087   0.08176  -0.10024
  30.150    -0.00086   0.08190  -0.10039
  30.200    -0.00085   0.08205  -0.10053
  30.250    -0.00084   0.08221  -0.10067
  30.300    -0.00083   0.08236  -0.10080
  30.350    -0.00081   0.08251  -0.10092
  30.400    -0.00080   0.08267  -0.10103
  30.450    -0.00079   0.08283  -0.10114
  30.500    -0.00078   0.08299  -0.10124
  30.550    -0.00077   0.08315  -0.10134
  30.600    -0.00076   0.08331  -0.10143
  30.650    -0.00075   0.08348  -0.10151
  30.700    -0.00074   0.08364  -0.10158
  30.750    -0.00073   0.08381  -0.10165
  30.800    -0.00072   0.08398  -0.10171
  30.850    -0.00071   0.08415  -0.10177
  30.900    -0.00070   0.08432  -0.10181
  30.950    -0.00069   0.08449  -0.10186
  31.000    -0.00068   0.08467  -0.10189
  31.050    -0.00067   0.08484  -0.10192
  31.100    -0.00066   0.08502  -0.10194
  31.150    -0.00065   0.08520  -0.10196
  31.200    -0.00064   0.08537  -0.10197
  31.250    -0.00063   0.08556  -0.10198
  31.300    -0.00062   0.08574  -0.10198
  31.350    -0.00061   0.08592  -0.10197
  31.400    -0.00060   0.08610  -0.10196
  31.450    -0.00059   0.08629  -0.10194
  31.500    -0.00058   0.08647  -0.10192
  31.550    -0.00057   0.08666  -0.10189
  31.600    -0.00057   0.08685  -0.10185
  31.650    -0.00056   0.08704  -0.10182
  31.700    -0.00055   0.08723  -0.10177
  31.750    -0.00054   0.08742  -0.10172
  31.800    -0.00053   0.08761  -0.10167
  31.850    -0.00052   0.08780  -0.10161
  31.900    -0.00051   0.08799  -0.10155
  31.950    -0.00051   0.08818  -0.10148
  32.000    -0.00050   0.08838  -0.10141
  32.050    -0.00049   0.08857  -0.10134
  32.100    -0.00048   0.08877  -0.10126
  32.150    -0.00047   0.08896  -0.10118
  32.200    -0.00047   0.08916  -0.10110
  32.250    -0.00046   0.08935  -0.10101
  32.300    -0.00045   0.08955  -0.10092
  32.350    -0.00044   0.08975  -0.10083
  32.400    -0.00044   0.08994  -0.10073
  32.450    -0.00043   0.09014  -0.10063
  32.500    -0.00042   0.09034  -0.10053
  32.550    -0.00041   0.09054  -0.10043
  32.600    -0.00041   0.09073  -0.10032
  32.650    -0.00040   0.09093  -0.10022
  32.700    -0.00039   0.09113  -0.10011
  32.750    -0.00039   0.09133  -0.10000
  32.800    -0.00038   0.09152  -0.09989
  32.850    -0.00038   0.09172  -0.09977
  32.900    -0.00037   0.09192  -0.09966
  32.950    -0.00036   0.09211  -0.09955
  33.000    -0.00036   0.09231  -0.09943
  33.050    -0.00035   0.09250  -0.09932
  33.100    -0.00035   0.09270  -0.09921
  33.150    -0.00034   0.09289  -0.09909
  33.200    -0.00033   0.09309  -0.09898
  33.250    -0.00033   0.09328  -0.09886
  33.300    -0.00032   0.09347  -0.09875
  33.350    -0.00032   0.09367  -0.09864
  33.400    -0.00031   0.09386  -0.09853
  33.450    -0.00031   0.09405  -0.09842
  33.500    -0.00030   0.09424  -0.09831
  33.550    -0.00030   0.09443  -0.09820
  33.600    -0.00029   0.09462  -0.09810
  33.650    -0.00029   0.09480  -0.09799
  33.700    -0.00029   0.09499  -0.09789
  33.750    -0.00028   0.09517  -0.09779
  33.800    -0.00028   0.09536  -0.09769
  33.850    -0.00027   0.09554  -0.09760
  33.900    -0.00027   0.09572  -0.09751
  33.950    -0.00027   0.09590  -0.09742
  34.000    -0.00026   0.09608  -0.09733
  34.050    -0.00026   0.09626  -0.09725
  34.100    -0.00025   0.09644  -0.09717
  34.150    -0.00025   0.09662  -0.09709
  34.200    -0.00025   0.09679  -0.09702
  34.250    -0.00024   0.09696  -0.09695
  34.300    -0.00024   0.09713  -0.09688
  34.350    -0.00024   0.09731  -0.09682
  34.400    -0.00024   0.09747  -0.09677
  34.450    -0.00023   0.09764  -0.09671
  34.500    -0.00023   0.09781  -0.09666
  34.550    -0.00023   0.09797  -0.09662
  34.600    -0.00022   0.09814  -0.09658
  34.650    -0.00022   0.09830  -0.09654
  34.700    -0.00022   0.09846  -0.09651
  34.750    -0.00022   0.09861  -0.09648
  34.800    -0.00022   0.09877  -0.09646
  34.850    -0.00021   0.09893  -0.09644
  34.900    -0.00021   0.09908  -0.09643
  34.950    -0.00021   0.09923  -0.09643
  35.000    -0.00021   0.09938  -0.09642
  35.050    -0.00021   0.09953  -0.09643
  35.100    -0.00020   0.09968  -0.09644
  35.150    -0.00020   0.09982  -0.09645
  35.200    -0.00020   0.09997  -0.09647
  35.250    -0.00020   0.10011  -0.09649
  35.300    -0.00020   0.10025  -0.09652
  35.350    -0.00020   0.10039  -0.09656
  35.400    -0.00019   0.10052  -0.09660
  35.450    -0.00019   0.10066  -0.09665
  35.500    -0.00019   0.10079  -0.09670
  35.550    -0.00019   0.10092  -0.09676
  35.600    -0.00019   0.10105  -0.09682
  35.650    -0.00019   0.10118  -0.09689
  35.700    -0.00019   0.10131  -0.09696
  35.750    -0.00019   0.10143  -0.09704
  35.800    -0.00019   0.10156  -0.09713
  35.850    -0.00019   0.10168  -0.09722
  35.900    -0.00019   0.10180  -0.09732
  35.950    -0.00018   0.10192  -0.09742
  36.000    -0.00018   0.10204  -0.09753
  36.050    -0.00018   0.10215  -0.09764
  36.100    -0.00018   0.10226  -0.09776
  36.150    -0.00018   0.10238  -0.09788
  36.200    -0.00018   0.10249  -0.09801
  36.250    -0.00018   0.10260  -0.09815
  36.300    -0.00018   0.10271  -0.09829
  36.350    -0.00018   0.10281  -0.09843
  36.400    -0.00018   0.10292  -0.09858
  36.450    -0.00018   0.10302  -0.09874
  36.500    -0.00018   0.10312  -0.09890
  36.550    -0.00018   0.10322  -0.09906
  36.600    -0.00018   0.10332  -0.09923
  36.650    -0.00018   0.10342  -0.09940
  36.700    -0.00018   0.10352  -0.09958
  36.750    -0.00018   0.10361  -0.09977
  36.800    -0.00018   0.10371  -0.09995
  36.850    -0.00018   0.10380  -0.10015
  36.900    -0.00018   0.10389  -0.10034
  36.950    -0.00018   0.10398  -0.10054
  37.000    -0.00018   0.10407  -0.10075
  37.050    -0.00018   0.10416  -0.10096
  37.100    -0.00018   0.10425  -0.10117
  37.150    -0.00018   0.10433  -0.10139
  37.200    -0.00018   0.10442  -0.10161
  37.250    -0.00018   0.10450  -0.10183
  37.300    -0.00018   0.10459  -0.10206
  37.350    -0.00018   0.10467  -0.10229
  37.400    -0.00018   0.10475  -0.10252
  37.450    -0.00018   0.10483  -0.10275
  37.500    -0.00018   0.10492  -0.10299
  37.550    -0.00018   0.10500  -0.10323
  37.600    -0.00018   0.10507  -0.10348
  37.650    -0.00018   0.10515  -0.10372
  37.700    -0.00018   0.10523  -0.10397
  37.750    -0.00018   0.10531  -0.10422
  37.800    -0.00018   0.10539  -0.10447
  37.850    -0.00018   0.10546  -0.10473
  37.900    -0.00018   0.10554  -0.10498
  37.950    -0.00018   0.10561  -0.10524
  38.000    -0.00018   0.10569  -0.10550
  38.050    -0.00018   0.10576  -0.10576
  38.100    -0.00018   0.10584  -0.10602
  38.150    -0.00018   0.10591  -0.10628
  38.200    -0.00018   0.10599  -0.10654
  38.250    -0.00018   0.10606  -0.10681
  38.300    -0.00018   0.10614  -0.10707
  38.350    -0.00018   0.10621  -0.10733
  38.400    -0.00018   0.10628  -0.10760
  38.450    -0.00018   0.10636  -0.10786
  38.500    -0.00018   0.10643  -0.10812
  38.550    -0.00018   0.10651  -0.10839
  38.600    -0.00018   0.10658  -0.10865
  38.650    -0.00018   0.10666  -0.10891
  38.700    -0.00018   0.10673  -0.10917
  38.750    -0.00018   0.10681  -0.10943
  38.800    -0.00018   0.10688  -0.10969
  38.850    -0.00018   0.10696  -0.10995
  38.900    -0.00018   0.10703  -0.11020
  38.950    -0.00018   0.10711  -0.11046
  39.000    -0.00018   0.10719  -0.11071
  39.050    -0.00017   0.10727  -0.11096
  39.100    -0.00017   0.10734  -0.11121
  39.150    -0.00017   0.10742  -0.11145
  39.200    -0.00017   0.10750  -0.11170
  39.250    -0.00017   0.10758  -0.11194
  39.300    -0.00017   0.10766  -0.11218
  39.350    -0.00017   0.10774  -0.11241
  39.400    -0.00017   0.10783  -0.11264
  39.450    -0.00017   0.10791  -0.11287
  39.500    -0.00017   0.10799  -0.11310
  39.550    -0.00017   0.10808  -0.11332
  39.600    -0.00017   0.10816  -0.11354
  39.650    -0.00017   0.10825  -0.11376
  39.700    -0.00016   0.10834  -0.11397
  39.750    -0.00016   0.10842  -0.11418
  39.800    -0.00016   0.10851  -0.11438
  39.850    -0.00016   0.10860  -0.11458
  39.900    -0.00016   0.10869  -0.11477
  39.950    -0.00016   0.10879  -0.11496
  40.000    -0.00016   0.10888  -0.11515
  40.050    -0.00016   0.10897  -0.11533
  40.100    -0.00016   0.10907  -0.11551
  40.150    -0.00015   0.10917  -0.11568
  40.200    -0.00015   0.10926  -0.11585
  40.250    -0.00015   0.10936  -0.11601
  40.300    -0.00015   0.10946  -0.11617
  40.350    -0.00015   0.10956  -0.11632
  40.400    -0.00015   0.10967  -0.11646
  40.450    -0.00015   0.10977  -0.11661
  40.500    -0.00014   0.10987  -0.11674
  40.550    -0.00014   0.10998  -0.11687
  40.600    -0.00014   0.11009  -0.11699
  40.650    -0.00014   0.11020  -0.11711
  40.700    -0.00014   0.11031  -0.11723
  40.750    -0.00014   0.11042  -0.11733
  40.800    -0.00013   0.11053  -0.11743
  40.850    -0.00013   0.11065  -0.11753
  40.900    -0.00013   0.11076  -0.11762
  40.950    -0.00013   0.11088  -0.11770
  41.000    -0.00013   0.11100  -0.11777
  41.050    -0.00013   0.11112  -0.11785
  41.100    -0.00012   0.11124  -0.11791
  41.150    -0.00012   0.11136  -0.11797
  41.200    -0.00012   0.11148  -0.11802
  41.250    -0.00012   0.11161  -0.11806
  41.300    -0.00012   0.11174  -0.11810
  41.350    -0.00011   0.11186  -0.11813
  41.400    -0.00011   0.11199  -0.11816
  41.450    -0.00011   0.11212  -0.11818
  41.500    -0.00011   0.11226  -0.11819
  41.550    -0.00011   0.11239  -0.11820
  41.600    -0.00010   0.11252  -0.11820
  41.650    -0.00010   0.11266  -0.11819
  41.700    -0.00010   0.11280  -0.11818
  41.750    -0.00010   0.11294  -0.11816
  41.800    -0.00009   0.11308  -0.11813
  41.850    -0.00009   0.11322  -0.11810
  41.900    -0.00009   0.11336  -0.11806
  41.950    -0.00009   0.11350  -0.11802
  42.000    -0.00009   0.11365  -0.11797
  42.050    -0.00008   0.11380  -0.11791
  42.100    -0.00008   0.11394  -0.11784
  42.150    -0.00008   0.11409  -0.11777
  42.200    -0.00008   0.11424  -0.11770
  42.250    -0.00007   0.11439  -0.11761
  42.300    -0.00007   0.11455  -0.11752
  42.350    -0.00007   0.11470  -0.11743
  42.400    -0.00007   0.11486  -0.11733
  42.450    -0.00007   0.11501  -0.11722
  42.500    -0.00006   0.11517  -0.11711
  42.550    -0.00006   0.11533  -0.11699
  42.600    -0.00006   0.11549  -0.11686
  42.650    -0.00006   0.11565  -0.11673
  42.700    -0.00005   0.11581  -0.11660
  42.750    -0.00005   0.11597  -0.11645
  42.800    -0.00005   0.11613  -0.11631
  42.850    -0.00005   0.11630  -0.11615
  42.900    -0.00004   0.11646  -0.11599
  42.950    -0.00004   0.11663  -0.11583
  43.000    -0.00004   0.11679  -0.11566
  43.050    -0.00004   0.11696  -0.11549
  43.100    -0.00004   0.11713  -0.11531
  43.150    -0.00003   0.11730  -0.11512
  43.200    -0.00003   0.11747  -0.11494
  43.250    -0.00003   0.11764  -0.11474
  43.300    -0.00003   0.11781  -0.11454
  43.350    -0.00002   0.11798  -0.11434
  43.400    -0.00002   0.11815  -0.11413
  43.450    -0.00002   0.11832  -0.11392
  43.500    -0.00002   0.11850  -0.11371
  43.550    -0.00002   0.11867  -0.11349
  43.600    -0.00001   0.11884  -0.11326
  43.650    -0.00001   0.11902  -0.11304
  43.700    -0.00001   0.11919  -0.11281
  43.750    -0.00001   0.11937  -0.11257
  43.800    -0.00001   0.11955  -0.11233
  43.850    -0.00000   0.11972  -0.11209
  43.900    -0.00000   0.11990  -0.11185
  43.950     0.00000   0.12007  -0.11160
  44.000     0.00000   0.12025  -0.11135
  44.050     0.00000   0.12043  -0.11110
  44.100     0.00001   0.12060  -0.11084
  44.150     0.00001   0.12078  -0.11058
  44.200     0.00001   0.12096  -0.11032
  44.250     0.00001   0.12113  -0.11006
  44.300     0.00001   0.12131  -0.10979
  44.350     0.00002   0.12149  -0.10952
  44.400     0.00002   0.12166  -0.10925
  44.450     0.00002   0.12184  -0.10898
  44.500     0.00002   0.12202  -0.10871
  44.550     0.00002   0.12219  -0.10843
  44.600     0.00002   0.12237  -0.10816
  44.650     0.00003   0.12255  -0.10788
  44.700     0.00003   0.12272  -0.10760
  44.750     0.00003   0.12290  -0.10732
  44.800     0.00003   0.12307  -0.10704
  44.850     0.00003   0.12324  -0.10676
  44.900     0.00003   0.12342  -0.10648
  44.950     0.00003   0.12359  -0.10620
  45.000     0.00004   0.12376  -0.10592
  45.050     0.00004   0.12394  -0.10564
  45.100     0.00004   0.12411  -0.10536
  45.150     0.00004   0.12428  -0.10508
  45.200     0.00004   0.12445  -0.10480
  45.250     0.00004   0.12462  -0.10452
  45.300     0.00004   0.12479  -0.10424
  45.350     0.00004   0.12495  -0.10396
  45.400     0.00005   0.12512  -0.10368
  45.450     0.00005   0.12529  -0.10341
  45.500     0.00005   0.12545  -0.10313
  45.550     0.00005   0.12562  -0.10286
  45.600     0.00005   0.12578  -0.10259
  45.650     0.00005   0.12594  -0.10231
  45.700     0.00005   0.12610  -0.10205
  45.750     0.00005   0.12626  -0.10178
  45.800     0.00005   0.12642  -0.10151
  45.850     0.00005   0.12658  -0.10125
  45.900     0.00005   0.12674  -0.10099
  45.950     0.00005   0.12689  -0.10073
  46.000     0.00006   0.12705  -0.10048
  46.050     0.00006   0.12720  -0.10022
  46.100     0.00006   0.12735  -0.09997
  46.150     0.00006   0.12751  -0.09973
  46.200     0.00006   0.12765  -0.09948
  46.250     0.00006   0.12780  -0.09924
  46.300     0.00006   0.12795  -0.09900
  46.350     0.00006   0.12810  -0.09877
  46.400     0.00006   0.12824  -0.09854
  46.450     0.00006   0.12838  -0.09831
  46.500     0.00006   0.12852  -0.09809
  46.550     0.00006   0.12866  -0.09787
  46.600     0.00006   0.12880  -0.09765
  46.650     0.00006   0.12894  -0.09744
  46.700     0.00006   0.12908  -0.09724
  46.750     0.00006   0.12921  -0.09703
  46.800     0.00006   0.12934  -0.09683
  46.850     0.00006   0.12947  -0.09664
  46.900     0.00006   0.12960  -0.09645
  46.950     0.00006   0.12973  -0.09626
  47.000     0.00006   0.12986  -0.09608
  47.050     0.00006   0.12998  -0.09591
  47.100     0.00006   0.13010  -0.09574
  47.150     0.00006   0.13023  -0.09557
  47.200     0.00006   0.13035  -0.09541
  47.250     0.00006   0.13046  -0.09525
  47.300     0.00006   0.13058  -0.09510
  47.350     0.00006   0.13069  -0.09496
  47.400     0.00006   0.13081  -0.09482
  47.450     0.00006   0.13092  -0.09468
  47.500     0.00006   0.13103  -0.09455
  47.550     0.00005   0.13114  -0.09443
  47.600     0.00005   0.13124  -0.09431
  47.650     0.00005   0.13135  -0.09420
  47.700     0.00005   0.13145  -0.09409
  47.750     0.00005   0.13155  -0.09399
  47.800     0.00005   0.13165  -0.09389
  47.850     0.00005   0.13175  -0.09380
  47.900     0.00005   0.13184  -0.09372
  47.950     0.00005   0.13193  -0.09364
  48.000     0.00005   0.13203  -0.09357
  48.050     0.00005   0.13212  -0.09350
  48.100     0.00005   0.13221  -0.09344
  48.150     0.00005   0.13229  -0.09338
  48.200     0.00004   0.13238  -0.09334
  48.250     0.00004   0.13246  -0.09329
  48.300     0.00004   0.13254  -0.09326
  48.350     0.00004   0.13262  -0.09323
  48.400     0.00004   0.13270  -0.09320
  48.450     0.00004   0.13278  -0.09318
  48.500     0.00004   0.13285  -0.09317
  48.550     0.00004   0.13292  -0.09316
  48.600     0.00004   0.13300  -0.09316
  48.650     0.00003   0.13307  -0.09317
  48.700     0.00003   0.13313  -0.09318
  48.750     0.00003   0.13320  -0.09319
  48.800     0.00003   0.13326  -0.09322
  48.850     0.00003   0.13333  -0.09325
  48.900     0.00003   0.13339  -0.09328
  48.950     0.00003   0.13345  -0.09332
  49.000     0.00003   0.13351  -0.09337
  49.050     0.00002   0.13356  -0.09342
  49.100     0.00002   0.13362  -0.09348
  49.150     0.00002   0.13367  -0.09354
  49.200     0.00002   0.13372  -0.09361
  49.250     0.00002   0.13377  -0.09369
  49.300     0.00002   0.13382  -0.09377
  49.350     0.00002   0.13387  -0.09386
  49.400     0.00001   0.13392  -0.09395
  49.450     0.00001   0.13396  -0.09405
  49.500     0.00001   0.13401  -0.09415
  49.550     0.00001   0.13405  -0.09426
  49.600     0.00001   0.13409  -0.09437
  49.650     0.00001   0.13413  -0.09449
  49.700     0.00001   0.13417  -0.09462
  49.750     0.00000   0.13420  -0.09475
  49.800     0.00000   0.13424  -0.09488
  49.850     0.00000   0.13427  -0.09502
  49.900    -0.00000   0.13430  -0.09517
  49.950    -0.00000   0.13434  -0.09532
  50.000    -0.00000   0.13437  -0.09547
  50.050    -0.00001   0.13440  -0.09563
  50.100    -0.00001   0.13443  -0.09579
  50.150    -0.00001   0.13445  -0.09596
  50.200    -0.00001   0.13448  -0.09613
  50.250    -0.00001   0.13450  -0.09631
  50.300    -0.00001   0.13453  -0.09649
  50.350    -0.00001   0.13455  -0.09667
  50.400    -0.00002   0.13457  -0.09686
  50.450    -0.00002   0.13460  -0.09706
  50.500    -0.00002   0.13462  -0.09725
  50.550    -0.00002   0.13464  -0.09745
  50.600    -0.00002   0.13465  -0.09766
  50.650    -0.00002   0.13467  -0.09786
  50.700    -0.00003   0.13469  -0.09807
  50.750    -0.00003   0.13471  -0.09829
  50.800    -0.00003   0.13472  -0.09850
  50.850    -0.00003   0.13474  -0.09872
  50.900    -0.00003   0.13475  -0.09894
  50.950    -0.00003   0.13477  -0.09917
  51.000    -0.00003   0.13478  -0.09940
  51.050    -0.00004   0.13479  -0.09963
  51.100    -0.00004   0.13481  -0.09986
  51.150    -0.00004   0.13482  -0.10010
  51.200    -0.00004   0.13483  -0.10033
  51.250    -0.00004   0.13484  -0.10057
  51.300    -0.00004   0.13485  -0.10081
  51.350    -0.00004   0.13487  -0.10106
  51.400    -0.00005   0.13488  -0.10130
  51.450    -0.00005   0.13489  -0.10155
  51.500    -0.00005   0.13490  -0.10179
  51.550    -0.00005   0.13491  -0.10204
  51.600    -0.00005   0.13492  -0.10229
  51.650    -0.00005   0.13493  -0.10254
  51.700    -0.00005   0.13494  -0.10279
  51.750    -0.00006   0.13495  -0.10304
  51.800    -0.00006   0.13496  -0.10329
  51.850    -0.00006   0.13497  -0.10355
  51.900    -0.00006   0.13498  -0.10380
  51.950    -0.00006   0.13499  -0.10405
  52.000    -0.00006   0.13500  -0.10430
  52.050    -0.00006   0.13501  -0.10456
  52.100    -0.00006   0.13502  -0.10481
  52.150    -0.00007   0.13503  -0.10506
  52.200    -0.00007   0.13504  -0.10531
  52.250    -0.00007   0.13505  -0.10556
  52.300    -0.00007   0.13506  -0.10581
  52.350    -0.00007   0.13508  -0.10605
  52.400    -0.00007   0.13509  -0.10630
  52.450    -0.00007   0.13510  -0.10654
  52.500    -0.00007   0.13512  -0.10679
  52.550    -0.00007   0.13513  -0.10703
  52.600    -0.00008   0.13515  -0.10727
  52.650    -0.00008   0.13516  -0.10750
  52.700    -0.00008   0.13518  -0.10774
  52.750    -0.00008   0.13520  -0.10797
  52.800    -0.00008   0.13522  -0.10820
  52.850    -0.00008   0.13523  -0.10842
  52.900    -0.00008   0.13525  -0.10865
  52.950    -0.00008   0.13527  -0.10887
  53.000    -0.00008   0.13529  -0.10909
  53.050    -0.00008   0.13532  -0.10930
  53.100    -0.00008   0.13534  -0.10951
  53.150    -0.00008   0.13536  -0.10972
  53.200    -0.00009   0.13539  -0.10992
  53.250    -0.00009   0.13542  -0.11012
  53.300    -0.00009   0.13544  -0.11032
  53.350    -0.00009   0.13547  -0.11051
  53.400    -0.00009   0.13550  -0.11070
  53.450    -0.00009   0.13553  -0.11088
  53.500    -0.00009   0.13556  -0.11106
  53.550    -0.00009   0.13559  -0.11123
  53.600    -0.00009   0.13563  -0.11140
  53.650    -0.00009   0.13566  -0.11156
  53.700    -0.00009   0.13570  -0.11172
  53.750    -0.00009   0.13574  -0.11187
  53.800    -0.00009   0.13578  -0.11202
  53.850    -0.00009   0.13582  -0.11216
  53.900    -0.00009   0.13586  -0.11230
  53.950    -0.00009   0.13590  -0.11242
  54.000    -0.00009   0.13595  -0.11255
  54.050    -0.00009   0.13600  -0.11267
  54.100    -0.00009   0.13604  -0.11278
  54.150    -0.00009   0.13609  -0.11288
  54.200    -0.00009   0.13614  -0.11298
  54.250    -0.00009   0.13620  -0.11307
  54.300    -0.00009   0.13625  -0.11315
  54.350    -0.00009   0.13631  -0.11323
  54.400    -0.00009   0.13636  -0.11330
  54.450    -0.00009   0.13642  -0.11336
  54.500    -0.00009   0.13648  -0.11342
  54.550    -0.00009   0.13655  -0.11346
  54.600    -0.00009   0.13661  -0.11350
  54.650    -0.00009   0.13668  -0.11353
  54.700    -0.00009   0.13674  -0.11356
  54.750    -0.00009   0.13681  -0.11358
  54.800    -0.00009   0.13688  -0.11358
  54.850    -0.00009   0.13696  -0.11358
  54.900    -0.00009   0.13703  -0.11357
  54.950    -0.00009   0.13711  -0.11356
  55.000    -0.00009   0.13719  -0.11353
  55.050    -0.00009   0.13727  -0.11350
  55.100    -0.00009   0.13735  -0.11345
  55.150    -0.00009   0.13743  -0.11340
  55.200    -0.00009   0.13752  -0.11334
  55.250    -0.00009   0.13761  -0.11327
  55.300    -0.00009   0.13770  -0.11319
  55.350    -0.00009   0.13779  -0.11310
  55.400    -0.00009   0.13788  -0.11300
  55.450    -0.00009   0.13798  -0.11290
  55.500    -0.00009   0.13808  -0.11278
  55.550    -0.00009   0.13818  -0.11265
  55.600    -0.00009   0.13828  -0.11252
  55.650    -0.00008   0.13838  -0.11237
  55.700    -0.00008   0.13849  -0.11221
  55.750    -0.00008   0.13859  -0.11205
  55.800    -0.00008   0.13870  -0.11187
  55.850    -0.00008   0.13881  -0.11168
  55.900    -0.00008   0.13893  -0.11149
  55.950    -0.00008   0.13904  -0.11128
  56.000    -0.00008   0.13916  -0.11106
  56.050    -0.00008   0.13928  -0.11083
  56.100    -0.00008   0.13940  -0.11059
  56.150    -0.00008   0.13953  -0.11035
  56.200    -0.00008   0.13965  -0.11009
  56.250    -0.00007   0.13978  -0.10982
  56.300    -0.00007   0.13991  -0.10953
  56.350    -0.00007   0.14004  -0.10924
  56.400    -0.00007   0.14017  -0.10894
  56.450    -0.00007   0.14031  -0.10863
  56.500    -0.00007   0.14045  -0.10830
  56.550    -0.00007   0.14059  -0.10796
  56.600    -0.00007   0.14073  -0.10762
  56.650    -0.00007   0.14087  -0.10726
  56.700    -0.00006   0.14102  -0.10689
  56.750    -0.00006   0.14117  -0.10651
  56.800    -0.00006   0.14132  -0.10612
  56.850    -0.00006   0.14147  -0.10572
  56.900    -0.00006   0.14162  -0.10530
  56.950    -0.00006   0.14178  -0.10488
  57.000    -0.00006   0.14193  -0.10444
  57.050    -0.00006   0.14209  -0.10399
  57.100    -0.00006   0.14225  -0.10353
  57.150    -0.00005   0.14242  -0.10306
  57.200    -0.00005   0.14258  -0.10258
  57.250    -0.00005   0.14275  -0.10209
  57.300    -0.00005   0.14292  -0.10158
  57.350    -0.00005   0.14309  -0.10107
  57.400    -0.00005   0.14326  -0.10054
  57.450    -0.00005   0.14344  -0.10000
  57.500    -0.00004   0.14361  -0.09945
  57.550    -0.00004   0.14379  -0.09889
  57.600    -0.00004   0.14397  -0.09831
  57.650    -0.00004   0.14415  -0.09773
  57.700    -0.00004   0.14433  -0.09713
  57.750    -0.00004   0.14452  -0.09652
  57.800    -0.00004   0.14471  -0.09590
  57.850    -0.00003   0.14489  -0.09527
  57.900    -0.00003   0.14508  -0.09463
  57.950    -0.00003   0.14528  -0.09398
  58.000    -0.00003   0.14547  -0.09331
  58.050    -0.00003   0.14566  -0.09263
  58.100    -0.00003   0.14586  -0.09195
  58.150    -0.00003   0.14606  -0.09125
  58.200    -0.00002   0.14626  -0.09054
  58.250    -0.00002   0.14646  -0.08982
  58.300    -0.00002   0.14666  -0.08908
  58.350    -0.00002   0.14686  -0.08834
  58.400    -0.00002   0.14707  -0.08758
  58.450    -0.00002   0.14728  -0.08682
  58.500    -0.00001   0.14748  -0.08604
  58.550    -0.00001   0.14769  -0.08525
  58.600    -0.00001   0.14791  -0.08445
  58.650    -0.00001   0.14812  -0.08364
  58.700    -0.00001   0.14833  -0.08282
  58.750    -0.00001   0.14855  -0.08199
  58.800    -0.00000   0.14876  -0.08115
  58.850    -0.00000   0.14898  -0.08029
  58.900    -0.00000   0.14920  -0.07943
  58.950     0.00000   0.14942  -0.07855
  59.000     0.00000   0.14964  -0.07767
  59.050     0.00000   0.14986  -0.07677
  59.100     0.00001   0.15008  -0.07586
  59.150     0.00001   0.15031  -0.07495
  59.200     0.00001   0.15053  -0.07402
  59.250     0.00001   0.15076  -0.07308
  59.300     0.00001   0.15098  -0.07213
  59.350     0.00001   0.15121  -0.07118
  59.400     0.00001   0.15144  -0.07021
  59.450     0.00002   0.15167  -0.06923
  59.500     0.00002   0.15190  -0.06824
  59.550     0.00002   0.15213  -0.06725
  59.600     0.00002   0.15236  -0.06624
  59.650     0.00002   0.15259  -0.06522
  59.700     0.00002   0.15282  -0.06420
  59.750     0.00003   0.15306  -0.06316
  59.800     0.00003   0.15329  -0.06211
  59.850     0.00003   0.15353  -0.06106
  59.900     0.00003   0.15376  -0.06000
  59.950     0.00003   0.15400  -0.05892
  60.000     0.00003   0.15423  -0.05784
 #S.p. wfs for channel:           1
   0.000     0.00000   0.00000  -0.00000
   0.050     0.00000   0.00000  -0.00000
   0.100     0.00001   0.00002  -0.00002
   0.150     0.00004   0.00005  -0.00007
   0.200     0.00010   0.00012  -0.00017
   0.250     0.00018   0.00023  -0.00031
   0.300     0.00029   0.00037  -0.00050
   0.350     0.00043   0.00054  -0.00074
   0.400     0.00058   0.00073  -0.00100
   0.450     0.00074   0.00093  -0.00128
   0.500     0.00089   0.00112  -0.00154
   0.550     0.00103   0.00129  -0.00179
   0.600     0.00114   0.00143  -0.00198
   0.650     0.00121   0.00152  -0.00210
   0.700     0.00124   0.00154  -0.00215
   0.750     0.00121   0.00151  -0.00211
   0.800     0.00112   0.00140  -0.00197
   0.850     0.00099   0.00122  -0.00175
   0.900     0.00080   0.00099  -0.00144
   0.950     0.00058   0.00071  -0.00107
   1.000     0.00033   0.00039  -0.00065
   1.050     0.00007   0.00005  -0.00020
   1.100    -0.00020  -0.00030   0.00025
   1.150    -0.00046  -0.00063   0.00068
   1.200    -0.00070  -0.00094   0.00108
   1.250    -0.00091  -0.00121   0.00141
   1.300    -0.00107  -0.00142   0.00168
   1.350    -0.00119  -0.00157   0.00186
   1.400    -0.00125  -0.00166   0.00196
   1.450    -0.00126  -0.00168   0.00196
   1.500    -0.00121  -0.00164   0.00186
   1.550    -0.00112  -0.00153   0.00168
   1.600    -0.00098  -0.00137   0.00142
   1.650    -0.00080  -0.00115   0.00109
   1.700    -0.00059  -0.00090   0.00070
   1.750    -0.00036  -0.00062   0.00028
   1.800    -0.00011  -0.00032  -0.00017
   1.850     0.00014  -0.00002  -0.00064
   1.900     0.00039   0.00028  -0.00109
   1.950     0.00063   0.00057  -0.00153
   2.000     0.00085   0.00083  -0.00194
   2.050     0.00104   0.00106  -0.00231
   2.100     0.00121   0.00124  -0.00263
   2.150     0.00134   0.00139  -0.00289
   2.200     0.00143   0.00149  -0.00309
   2.250     0.00148   0.00154  -0.00322
   2.300     0.00150   0.00154  -0.00329
   2.350     0.00147   0.00149  -0.00330
   2.400     0.00141   0.00139  -0.00324
   2.450     0.00132   0.00125  -0.00313
   2.500     0.00119   0.00107  -0.00297
   2.550     0.00104   0.00086  -0.00276
   2.600     0.00087   0.00061  -0.00252
   2.650     0.00068   0.00034  -0.00224
   2.700     0.00047   0.00006  -0.00195
   2.750     0.00026  -0.00024  -0.00164
   2.800     0.00004  -0.00055  -0.00132
   2.850    -0.00018  -0.00085  -0.00101
   2.900    -0.00039  -0.00115  -0.00071
   2.950    -0.00060  -0.00144  -0.00043
   3.000    -0.00079  -0.00172  -0.00017
   3.050    -0.00096  -0.00197   0.00006
   3.100    -0.00111  -0.00220   0.00025
   3.150    -0.00125  -0.00241   0.00041
   3.200    -0.00136  -0.00259   0.00052
   3.250    -0.00144  -0.00274   0.00059
   3.300    -0.00150  -0.00285   0.00061
   3.350    -0.00154  -0.00294   0.00058
   3.400    -0.00154  -0.00299   0.00050
   3.450    -0.00152  -0.00301   0.00038
   3.500    -0.00148  -0.00300   0.00021
   3.550    -0.00141  -0.00296  -0.00000
   3.600    -0.00131  -0.00290  -0.00026
   3.650    -0.00120  -0.00280  -0.00056
   3.700    -0.00107  -0.00269  -0.00089
   3.750    -0.00091  -0.00255  -0.00126
   3.800    -0.00075  -0.00239  -0.00166
   3.850    -0.00056  -0.00222  -0.00208
   3.900    -0.00037  -0.00204  -0.00252
   3.950    -0.00017  -0.00185  -0.00299
   4.000     0.00003  -0.00165  -0.00346
   4.050     0.00024  -0.00145  -0.00395
   4.100     0.00045  -0.00124  -0.00444
   4.150     0.00066  -0.00105  -0.00493
   4.200     0.00087  -0.00085  -0.00542
   4.250     0.00107  -0.00067  -0.00590
   4.300     0.00126  -0.00049  -0.00637
   4.350     0.00145  -0.00033  -0.00683
   4.400     0.00162  -0.00019  -0.00727
   4.450     0.00178  -0.00006  -0.00770
   4.500     0.00193   0.00005  -0.00811
   4.550     0.00206   0.00014  -0.00849
   4.600     0.00217   0.00020  -0.00885
   4.650     0.00227   0.00025  -0.00918
   4.700     0.00235   0.00027  -0.00949
   4.750     0.00242   0.00026  -0.00977
   4.800     0.00246   0.00024  -0.01002
   4.850     0.00249   0.00018  -0.01025
   4.900     0.00250   0.00011  -0.01045
   4.950     0.00249   0.00001  -0.01062
   5.000     0.00247  -0.00012  -0.01076
   5.050     0.00243  -0.00026  -0.01088
   5.100     0.00237  -0.00043  -0.01098
   5.150     0.00230  -0.00062  -0.01105
   5.200     0.00221  -0.00083  -0.01110
   5.250     0.00211  -0.00106  -0.01113
   5.300     0.00200  -0.00131  -0.01115
   5.350     0.00188  -0.00157  -0.01114
   5.400     0.00174  -0.00184  -0.01113
   5.450     0.00160  -0.00213  -0.01110
   5.500     0.00145  -0.00243  -0.01106
   5.550     0.00130  -0.00274  -0.01102
   5.600     0.00114  -0.00306  -0.01097
   5.650     0.00098  -0.00338  -0.01092
   5.700     0.00081  -0.00371  -0.01087
   5.750     0.00065  -0.00404  -0.01083
   5.800     0.00049  -0.00437  -0.01078
   5.850     0.00032  -0.00471  -0.01075
   5.900     0.00016  -0.00504  -0.01072
   5.950     0.00001  -0.00536  -0.01071
   6.000    -0.00014  -0.00568  -0.01070
   6.050    -0.00028  -0.00600  -0.01071
   6.100    -0.00042  -0.00631  -0.01074
   6.150    -0.00054  -0.00661  -0.01079
   6.200    -0.00066  -0.00690  -0.01086
   6.250    -0.00077  -0.00718  -0.01094
   6.300    -0.00086  -0.00745  -0.01105
   6.350    -0.00094  -0.00770  -0.01119
   6.400    -0.00102  -0.00794  -0.01134
   6.450    -0.00108  -0.00817  -0.01153
   6.500    -0.00112  -0.00839  -0.01174
   6.550    -0.00115  -0.00859  -0.01197
   6.600    -0.00117  -0.00877  -0.01224
   6.650    -0.00118  -0.00894  -0.01253
   6.700    -0.00117  -0.00910  -0.01284
   6.750    -0.00115  -0.00924  -0.01319
   6.800    -0.00111  -0.00937  -0.01356
   6.850    -0.00106  -0.00948  -0.01396
   6.900    -0.00100  -0.00957  -0.01439
   6.950    -0.00093  -0.00965  -0.01484
   7.000    -0.00084  -0.00972  -0.01532
   7.050    -0.00074  -0.00978  -0.01583
   7.100    -0.00062  -0.00982  -0.01635
   7.150    -0.00050  -0.00985  -0.01691
   7.200    -0.00037  -0.00987  -0.01748
   7.250    -0.00022  -0.00988  -0.01808
   7.300    -0.00007  -0.00988  -0.01869
   7.350     0.00010  -0.00987  -0.01933
   7.400     0.00027  -0.00985  -0.01998
   7.450     0.00045  -0.00983  -0.02065
   7.500     0.00063  -0.00980  -0.02133
   7.550     0.00082  -0.00976  -0.02203
   7.600     0.00102  -0.00973  -0.02274
   7.650     0.00122  -0.00968  -0.02346
   7.700     0.00142  -0.00964  -0.02420
   7.750     0.00163  -0.00960  -0.02494
   7.800     0.00183  -0.00955  -0.02568
   7.850     0.00204  -0.00951  -0.02644
   7.900     0.00225  -0.00947  -0.02719
   7.950     0.00246  -0.00943  -0.02795
   8.000     0.00267  -0.00940  -0.02872
   8.050     0.00287  -0.00937  -0.02948
   8.100     0.00307  -0.00935  -0.03024
   8.150     0.00327  -0.00933  -0.03100
   8.200     0.00347  -0.00932  -0.03175
   8.250     0.00366  -0.00933  -0.03250
   8.300     0.00384  -0.00934  -0.03325
   8.350     0.00402  -0.00936  -0.03399
   8.400     0.00419  -0.00939  -0.03472
   8.450     0.00436  -0.00943  -0.03544
   8.500     0.00451  -0.00949  -0.03615
   8.550     0.00466  -0.00956  -0.03686
   8.600     0.00480  -0.00964  -0.03755
   8.650     0.00494  -0.00973  -0.03823
   8.700     0.00506  -0.00984  -0.03890
   8.750     0.00517  -0.00996  -0.03955
   8.800     0.00528  -0.01010  -0.04020
   8.850     0.00537  -0.01025  -0.04083
   8.900     0.00546  -0.01042  -0.04145
   8.950     0.00553  -0.01060  -0.04205
   9.000     0.00560  -0.01080  -0.04264
   9.050     0.00565  -0.01101  -0.04321
   9.100     0.00570  -0.01124  -0.04378
   9.150     0.00573  -0.01148  -0.04432
   9.200     0.00576  -0.01174  -0.04486
   9.250     0.00578  -0.01201  -0.04538
   9.300     0.00578  -0.01230  -0.04589
   9.350     0.00578  -0.01261  -0.04638
   9.400     0.00577  -0.01292  -0.04687
   9.450     0.00575  -0.01325  -0.04734
   9.500     0.00572  -0.01360  -0.04780
   9.550     0.00569  -0.01395  -0.04824
   9.600     0.00564  -0.01432  -0.04868
   9.650     0.00559  -0.01470  -0.04911
   9.700     0.00553  -0.01510  -0.04953
   9.750     0.00547  -0.01550  -0.04994
   9.800     0.00540  -0.01592  -0.05034
   9.850     0.00532  -0.01634  -0.05074
   9.900     0.00524  -0.01678  -0.05113
   9.950     0.00515  -0.01722  -0.05151
  10.000     0.00506  -0.01767  -0.05189
  10.050     0.00497  -0.01813  -0.05227
  10.100     0.00487  -0.01859  -0.05265
  10.150     0.00477  -0.01906  -0.05302
  10.200     0.00467  -0.01954  -0.05339
  10.250     0.00457  -0.02002  -0.05376
  10.300     0.00446  -0.02051  -0.05413
  10.350     0.00436  -0.02100  -0.05451
  10.400     0.00425  -0.02149  -0.05488
  10.450     0.00415  -0.02199  -0.05526
  10.500     0.00405  -0.02248  -0.05565
  10.550     0.00395  -0.02298  -0.05604
  10.600     0.00385  -0.02348  -0.05643
  10.650     0.00375  -0.02397  -0.05684
  10.700     0.00366  -0.02447  -0.05725
  10.750     0.00357  -0.02496  -0.05766
  10.800     0.00348  -0.02545  -0.05809
  10.850     0.00340  -0.02594  -0.05853
  10.900     0.00333  -0.02643  -0.05898
  10.950     0.00326  -0.02691  -0.05944
  11.000     0.00319  -0.02739  -0.05991
  11.050     0.00314  -0.02786  -0.06040
  11.100     0.00308  -0.02833  -0.06090
  11.150     0.00304  -0.02879  -0.06141
  11.200     0.00300  -0.02925  -0.06193
  11.250     0.00297  -0.02970  -0.06248
  11.300     0.00295  -0.03014  -0.06303
  11.350     0.00293  -0.03057  -0.06360
  11.400     0.00293  -0.03100  -0.06419
  11.450     0.00293  -0.03142  -0.06480
  11.500     0.00294  -0.03184  -0.06542
  11.550     0.00296  -0.03224  -0.06605
  11.600     0.00298  -0.03264  -0.06671
  11.650     0.00302  -0.03303  -0.06738
  11.700     0.00307  -0.03341  -0.06807
  11.750     0.00312  -0.03378  -0.06877
  11.800     0.00318  -0.03414  -0.06949
  11.850     0.00326  -0.03450  -0.07023
  11.900     0.00334  -0.03484  -0.07099
  11.950     0.00343  -0.03518  -0.07177
  12.000     0.00353  -0.03551  -0.07256
  12.050     0.00364  -0.03583  -0.07337
  12.100     0.00376  -0.03614  -0.07419
  12.150     0.00388  -0.03645  -0.07503
  12.200     0.00402  -0.03674  -0.07589
  12.250     0.00416  -0.03703  -0.07676
  12.300     0.00431  -0.03731  -0.07765
  12.350     0.00447  -0.03759  -0.07855
  12.400     0.00464  -0.03785  -0.07947
  12.450     0.00481  -0.03812  -0.08040
  12.500     0.00499  -0.03837  -0.08134
  12.550     0.00518  -0.03862  -0.08230
  12.600     0.00538  -0.03886  -0.08327
  12.650     0.00558  -0.03910  -0.08426
  12.700     0.00579  -0.03933  -0.08525
  12.750     0.00600  -0.03956  -0.08626
  12.800     0.00622  -0.03978  -0.08727
  12.850     0.00645  -0.04000  -0.08830
  12.900     0.00668  -0.04021  -0.08933
  12.950     0.00691  -0.04043  -0.09038
  13.000     0.00715  -0.04064  -0.09143
  13.050     0.00739  -0.04085  -0.09248
  13.100     0.00764  -0.04105  -0.09355
  13.150     0.00789  -0.04126  -0.09462
  13.200     0.00814  -0.04146  -0.09569
  13.250     0.00839  -0.04167  -0.09677
  13.300     0.00865  -0.04187  -0.09786
  13.350     0.00891  -0.04208  -0.09894
  13.400     0.00917  -0.04228  -0.10003
  13.450     0.00943  -0.04249  -0.10112
  13.500     0.00969  -0.04270  -0.10221
  13.550     0.00995  -0.04291  -0.10330
  13.600     0.01021  -0.04313  -0.10439
  13.650     0.01047  -0.04335  -0.10548
  13.700     0.01073  -0.04357  -0.10657
  13.750     0.01098  -0.04380  -0.10766
  13.800     0.01124  -0.04403  -0.10874
  13.850     0.01150  -0.04427  -0.10982
  13.900     0.01175  -0.04451  -0.11089
  13.950     0.01200  -0.04476  -0.11196
  14.000     0.01224  -0.04501  -0.11302
  14.050     0.01249  -0.04527  -0.11408
  14.100     0.01273  -0.04554  -0.11513
  14.150     0.01297  -0.04581  -0.11617
  14.200     0.01320  -0.04610  -0.11721
  14.250     0.01343  -0.04639  -0.11823
  14.300     0.01365  -0.04669  -0.11925
  14.350     0.01387  -0.04699  -0.12026
  14.400     0.01409  -0.04731  -0.12126
  14.450     0.01430  -0.04763  -0.12225
  14.500     0.01450  -0.04797  -0.12322
  14.550     0.01470  -0.04831  -0.12419
  14.600     0.01489  -0.04867  -0.12515
  14.650     0.01508  -0.04903  -0.12609
  14.700     0.01526  -0.04940  -0.12702
  14.750     0.01544  -0.04979  -0.12794
  14.800     0.01561  -0.05018  -0.12885
  14.850     0.01577  -0.05059  -0.12975
  14.900     0.01593  -0.05100  -0.13063
  14.950     0.01608  -0.05143  -0.13150
  15.000     0.01622  -0.05186  -0.13236
  15.050     0.01636  -0.05231  -0.13320
  15.100     0.01649  -0.05277  -0.13403
  15.150     0.01662  -0.05323  -0.13485
  15.200     0.01674  -0.05371  -0.13565
  15.250     0.01685  -0.05420  -0.13644
  15.300     0.01696  -0.05470  -0.13721
  15.350     0.01706  -0.05521  -0.13798
  15.400     0.01715  -0.05573  -0.13872
  15.450     0.01724  -0.05626  -0.13946
  15.500     0.01732  -0.05680  -0.14018
  15.550     0.01740  -0.05736  -0.14089
  15.600     0.01747  -0.05792  -0.14158
  15.650     0.01753  -0.05849  -0.14227
  15.700     0.01759  -0.05907  -0.14294
  15.750     0.01765  -0.05966  -0.14359
  15.800     0.01769  -0.06026  -0.14424
  15.850     0.01774  -0.06086  -0.14487
  15.900     0.01777  -0.06148  -0.14549
  15.950     0.01781  -0.06210  -0.14610
  16.000     0.01784  -0.06274  -0.14670
  16.050     0.01786  -0.06338  -0.14728
  16.100     0.01788  -0.06403  -0.14786
  16.150     0.01790  -0.06468  -0.14842
  16.200     0.01791  -0.06535  -0.14897
  16.250     0.01792  -0.06601  -0.14952
  16.300     0.01792  -0.06669  -0.15005
  16.350     0.01793  -0.06737  -0.15058
  16.400     0.01793  -0.06806  -0.15109
  16.450     0.01792  -0.06876  -0.15160
  16.500     0.01792  -0.06945  -0.15210
  16.550     0.01791  -0.07016  -0.15259
  16.600     0.01790  -0.07087  -0.15308
  16.650     0.01789  -0.07158  -0.15355
  16.700     0.01788  -0.07229  -0.15402
  16.750     0.01787  -0.07301  -0.15449
  16.800     0.01786  -0.07374  -0.15495
  16.850     0.01784  -0.07446  -0.15540
  16.900     0.01783  -0.07519  -0.15585
  16.950     0.01782  -0.07592  -0.15629
  17.000     0.01781  -0.07665  -0.15673
  17.050     0.01779  -0.07738  -0.15717
  17.100     0.01778  -0.07812  -0.15760
  17.150     0.01777  -0.07885  -0.15803
  17.200     0.01776  -0.07959  -0.15846
  17.250     0.01776  -0.08032  -0.15889
  17.300     0.01775  -0.08105  -0.15931
  17.350     0.01775  -0.08179  -0.15973
  17.400     0.01775  -0.08252  -0.16015
  17.450     0.01775  -0.08325  -0.16057
  17.500     0.01776  -0.08398  -0.16099
  17.550     0.01777  -0.08471  -0.16141
  17.600     0.01778  -0.08543  -0.16183
  17.650     0.01780  -0.08615  -0.16226
  17.700     0.01782  -0.08687  -0.16268
  17.750     0.01784  -0.08759  -0.16310
  17.800     0.01787  -0.08830  -0.16353
  17.850     0.01790  -0.08901  -0.16395
  17.900     0.01794  -0.08971  -0.16438
  17.950     0.01798  -0.09041  -0.16482
  18.000     0.01803  -0.09111  -0.16525
  18.050     0.01808  -0.09180  -0.16569
  18.100     0.01814  -0.09248  -0.16613
  18.150     0.01820  -0.09316  -0.16658
  18.200     0.01827  -0.09384  -0.16703
  18.250     0.01835  -0.09451  -0.16748
  18.300     0.01843  -0.09517  -0.16793
  18.350     0.01851  -0.09583  -0.16839
  18.400     0.01861  -0.09648  -0.16886
  18.450     0.01871  -0.09712  -0.16933
  18.500     0.01881  -0.09776  -0.16980
  18.550     0.01893  -0.09839  -0.17028
  18.600     0.01904  -0.09902  -0.17077
  18.650     0.01917  -0.09964  -0.17125
  18.700     0.01930  -0.10025  -0.17175
  18.750     0.01944  -0.10085  -0.17224
  18.800     0.01959  -0.10145  -0.17275
  18.850     0.01974  -0.10204  -0.17326
  18.900     0.01990  -0.10262  -0.17377
  18.950     0.02006  -0.10320  -0.17429
  19.000     0.02024  -0.10377  -0.17481
  19.050     0.02042  -0.10433  -0.17533
  19.100     0.02060  -0.10488  -0.17587
  19.150     0.02080  -0.10543  -0.17640
  19.200     0.02100  -0.10597  -0.17694
  19.250     0.02120  -0.10650  -0.17749
  19.300     0.02142  -0.10703  -0.17804
  19.350     0.02164  -0.10755  -0.17859
  19.400     0.02186  -0.10806  -0.17915
  19.450     0.02210  -0.10856  -0.17971
  19.500     0.02234  -0.10906  -0.18028
  19.550     0.02258  -0.10955  -0.18085
  19.600     0.02283  -0.11004  -0.18142
  19.650     0.02309  -0.11051  -0.18199
  19.700     0.02336  -0.11098  -0.18257
  19.750     0.02363  -0.11145  -0.18315
  19.800     0.02390  -0.11191  -0.18373
  19.850     0.02418  -0.11236  -0.18432
  19.900     0.02447  -0.11281  -0.18490
  19.950     0.02476  -0.11325  -0.18549
  20.000     0.02506  -0.11368  -0.18608
  20.050     0.02536  -0.11411  -0.18667
  20.100     0.02567  -0.11453  -0.18726
  20.150     0.02598  -0.11495  -0.18785
  20.200     0.02630  -0.11537  -0.18844
  20.250     0.02662  -0.11577  -0.18903
  20.300     0.02695  -0.11618  -0.18961
  20.350     0.02728  -0.11658  -0.19020
  20.400     0.02761  -0.11697  -0.19079
  20.450     0.02795  -0.11737  -0.19137
  20.500     0.02829  -0.11775  -0.19195
  20.550     0.02863  -0.11814  -0.19253
  20.600     0.02898  -0.11852  -0.19311
  20.650     0.02933  -0.11890  -0.19368
  20.700     0.02969  -0.11927  -0.19425
  20.750     0.03004  -0.11965  -0.19481
  20.800     0.03040  -0.12002  -0.19537
  20.850     0.03076  -0.12038  -0.19592
  20.900     0.03112  -0.12075  -0.19647
  20.950     0.03149  -0.12111  -0.19702
  21.000     0.03185  -0.12148  -0.19755
  21.050     0.03222  -0.12184  -0.19808
  21.100     0.03259  -0.12220  -0.19861
  21.150     0.03296  -0.12256  -0.19912
  21.200     0.03333  -0.12292  -0.19963
  21.250     0.03370  -0.12328  -0.20013
  21.300     0.03407  -0.12363  -0.20062
  21.350     0.03445  -0.12399  -0.20111
  21.400     0.03482  -0.12435  -0.20158
  21.450     0.03519  -0.12471  -0.20204
  21.500     0.03556  -0.12507  -0.20250
  21.550     0.03593  -0.12543  -0.20294
  21.600     0.03630  -0.12580  -0.20337
  21.650     0.03667  -0.12616  -0.20379
  21.700     0.03704  -0.12653  -0.20420
  21.750     0.03740  -0.12690  -0.20460
  21.800     0.03777  -0.12727  -0.20499
  21.850     0.03813  -0.12764  -0.20536
  21.900     0.03849  -0.12801  -0.20572
  21.950     0.03885  -0.12839  -0.20607
  22.000     0.03921  -0.12877  -0.20640
  22.050     0.03957  -0.12915  -0.20672
  22.100     0.03992  -0.12954  -0.20702
  22.150     0.04027  -0.12993  -0.20731
  22.200     0.04061  -0.13032  -0.20759
  22.250     0.04096  -0.13072  -0.20785
  22.300     0.04130  -0.13112  -0.20810
  22.350     0.04164  -0.13152  -0.20832
  22.400     0.04197  -0.13193  -0.20854
  22.450     0.04230  -0.13235  -0.20874
  22.500     0.04263  -0.13276  -0.20892
  22.550     0.04296  -0.13319  -0.20908
  22.600     0.04328  -0.13361  -0.20923
  22.650     0.04359  -0.13404  -0.20936
  22.700     0.04391  -0.13448  -0.20947
  22.750     0.04422  -0.13492  -0.20957
  22.800     0.04452  -0.13537  -0.20965
  22.850     0.04482  -0.13582  -0.20971
  22.900     0.04512  -0.13627  -0.20975
  22.950     0.04541  -0.13674  -0.20978
  23.000     0.04570  -0.13720  -0.20979
  23.050     0.04598  -0.13767  -0.20977
  23.100     0.04626  -0.13815  -0.20974
  23.150     0.04653  -0.13863  -0.20970
  23.200     0.04680  -0.13912  -0.20963
  23.250     0.04706  -0.13962  -0.20954
  23.300     0.04732  -0.14011  -0.20944
  23.350     0.04758  -0.14062  -0.20932
  23.400     0.04783  -0.14113  -0.20917
  23.450     0.04808  -0.14164  -0.20901
  23.500     0.04832  -0.14217  -0.20883
  23.550     0.04855  -0.14269  -0.20864
  23.600     0.04879  -0.14322  -0.20842
  23.650     0.04901  -0.14376  -0.20818
  23.700     0.04924  -0.14430  -0.20793
  23.750     0.04945  -0.14485  -0.20765
  23.800     0.04967  -0.14540  -0.20736
  23.850     0.04988  -0.14596  -0.20705
  23.900     0.05008  -0.14652  -0.20672
  23.950     0.05028  -0.14709  -0.20637
  24.000     0.05048  -0.14766  -0.20600
  24.050     0.05067  -0.14824  -0.20562
  24.100     0.05085  -0.14882  -0.20521
  24.150     0.05104  -0.14941  -0.20479
  24.200     0.05122  -0.15000  -0.20435
  24.250     0.05139  -0.15060  -0.20389
  24.300     0.05156  -0.15120  -0.20341
  24.350     0.05173  -0.15180  -0.20292
  24.400     0.05189  -0.15241  -0.20241
  24.450     0.05205  -0.15302  -0.20188
  24.500     0.05220  -0.15364  -0.20133
  24.550     0.05235  -0.15425  -0.20076
  24.600     0.05250  -0.15488  -0.20018
  24.650     0.05265  -0.15550  -0.19959
  24.700     0.05279  -0.15613  -0.19897
  24.750     0.05293  -0.15676  -0.19834
  24.800     0.05306  -0.15740  -0.19769
  24.850     0.05319  -0.15803  -0.19703
  24.900     0.05332  -0.15867  -0.19635
  24.950     0.05345  -0.15931  -0.19566
  25.000     0.05357  -0.15996  -0.19495
  25.050     0.05370  -0.16060  -0.19422
  25.100     0.05382  -0.16125  -0.19349
  25.150     0.05393  -0.16190  -0.19273
  25.200     0.05405  -0.16255  -0.19196
  25.250     0.05416  -0.16320  -0.19118
  25.300     0.05428  -0.16385  -0.19039
  25.350     0.05439  -0.16450  -0.18958
  25.400     0.05449  -0.16516  -0.18875
  25.450     0.05460  -0.16581  -0.18792
  25.500     0.05471  -0.16646  -0.18707
  25.550     0.05481  -0.16711  -0.18621
  25.600     0.05492  -0.16777  -0.18534
  25.650     0.05502  -0.16842  -0.18445
  25.700     0.05513  -0.16907  -0.18356
  25.750     0.05523  -0.16972  -0.18265
  25.800     0.05533  -0.17037  -0.18173
  25.850     0.05544  -0.17102  -0.18080
  25.900     0.05554  -0.17166  -0.17986
  25.950     0.05564  -0.17231  -0.17891
  26.000     0.05575  -0.17295  -0.17795
  26.050     0.05585  -0.17359  -0.17699
  26.100     0.05595  -0.17422  -0.17601
  26.150     0.05606  -0.17486  -0.17502
  26.200     0.05617  -0.17549  -0.17402
  26.250     0.05627  -0.17612  -0.17302
  26.300     0.05638  -0.17674  -0.17201
  26.350     0.05649  -0.17736  -0.17099
  26.400     0.05660  -0.17798  -0.16996
  26.450     0.05672  -0.17859  -0.16892
  26.500     0.05683  -0.17920  -0.16788
  26.550     0.05695  -0.17980  -0.16683
  26.600     0.05707  -0.18040  -0.16578
  26.650     0.05719  -0.18100  -0.16472
  26.700     0.05731  -0.18159  -0.16365
  26.750     0.05744  -0.18217  -0.16258
  26.800     0.05757  -0.18275  -0.16150
  26.850     0.05770  -0.18333  -0.16042
  26.900     0.05784  -0.18390  -0.15933
  26.950     0.05797  -0.18446  -0.15824
  27.000     0.05811  -0.18502  -0.15714
  27.050     0.05826  -0.18557  -0.15604
  27.100     0.05840  -0.18611  -0.15494
  27.150     0.05856  -0.18665  -0.15383
  27.200     0.05871  -0.18718  -0.15272
  27.250     0.05887  -0.18770  -0.15160
  27.300     0.05903  -0.18822  -0.15049
  27.350     0.05919  -0.18872  -0.14937
  27.400     0.05936  -0.18923  -0.14824
  27.450     0.05954  -0.18972  -0.14712
  27.500     0.05972  -0.19021  -0.14599
  27.550     0.05990  -0.19068  -0.14487
  27.600     0.06008  -0.19115  -0.14374
  27.650     0.06028  -0.19162  -0.14261
  27.700     0.06047  -0.19207  -0.14147
  27.750     0.06067  -0.19252  -0.14034
  27.800     0.06088  -0.19296  -0.13921
  27.850     0.06108  -0.19338  -0.13807
  27.900     0.06130  -0.19381  -0.13694
  27.950     0.06152  -0.19422  -0.13580
  28.000     0.06174  -0.19462  -0.13466
  28.050     0.06197  -0.19501  -0.13353
  28.100     0.06220  -0.19540  -0.13239
  28.150     0.06244  -0.19578  -0.13126
  28.200     0.06269  -0.19614  -0.13012
  28.250     0.06293  -0.19650  -0.12899
  28.300     0.06319  -0.19685  -0.12785
  28.350     0.06345  -0.19719  -0.12672
  28.400     0.06371  -0.19752  -0.12559
  28.450     0.06398  -0.19784  -0.12446
  28.500     0.06426  -0.19815  -0.12333
  28.550     0.06454  -0.19845  -0.12220
  28.600     0.06482  -0.19874  -0.12107
  28.650     0.06511  -0.19902  -0.11994
  28.700     0.06541  -0.19930  -0.11882
  28.750     0.06571  -0.19956  -0.11769
  28.800     0.06601  -0.19981  -0.11657
  28.850     0.06633  -0.20006  -0.11545
  28.900     0.06664  -0.20029  -0.11433
  28.950     0.06696  -0.20051  -0.11321
  29.000     0.06729  -0.20073  -0.11209
  29.050     0.06762  -0.20093  -0.11098
  29.100     0.06796  -0.20113  -0.10986
  29.150     0.06830  -0.20131  -0.10875
  29.200     0.06865  -0.20149  -0.10764
  29.250     0.06900  -0.20166  -0.10653
  29.300     0.06936  -0.20181  -0.10542
  29.350     0.06972  -0.20196  -0.10432
  29.400     0.07009  -0.20210  -0.10321
  29.450     0.07046  -0.20223  -0.10211
  29.500     0.07084  -0.20235  -0.10101
  29.550     0.07122  -0.20246  -0.09991
  29.600     0.07161  -0.20256  -0.09882
  29.650     0.07200  -0.20265  -0.09772
  29.700     0.07239  -0.20273  -0.09663
  29.750     0.07279  -0.20280  -0.09553
  29.800     0.07320  -0.20287  -0.09444
  29.850     0.07361  -0.20292  -0.09335
  29.900     0.07402  -0.20297  -0.09226
  29.950     0.07444  -0.20300  -0.09117
  30.000     0.07486  -0.20303  -0.09009
  30.050     0.07529  -0.20305  -0.08900
  30.100     0.07571  -0.20306  -0.08791
  30.150     0.07615  -0.20307  -0.08683
  30.200     0.07659  -0.20306  -0.08575
  30.250     0.07703  -0.20305  -0.08466
  30.300     0.07747  -0.20303  -0.08358
  30.350     0.07792  -0.20300  -0.08250
  30.400     0.07837  -0.20296  -0.08142
  30.450     0.07882  -0.20291  -0.08034
  30.500     0.07928  -0.20286  -0.07926
  30.550     0.07974  -0.20280  -0.07818
  30.600     0.08021  -0.20273  -0.07709
  30.650     0.08067  -0.20266  -0.07601
  30.700     0.08114  -0.20257  -0.07493
  30.750     0.08161  -0.20248  -0.07385
  30.800     0.08209  -0.20239  -0.07277
  30.850     0.08257  -0.20228  -0.07169
  30.900     0.08305  -0.20217  -0.07060
  30.950     0.08353  -0.20205  -0.06952
  31.000     0.08401  -0.20193  -0.06843
  31.050     0.08450  -0.20180  -0.06735
  31.100     0.08498  -0.20166  -0.06626
  31.150     0.08547  -0.20152  -0.06517
  31.200     0.08596  -0.20137  -0.06408
  31.250     0.08646  -0.20122  -0.06299
  31.300     0.08695  -0.20106  -0.06189
  31.350     0.08744  -0.20089  -0.06080
  31.400     0.08794  -0.20072  -0.05970
  31.450     0.08844  -0.20055  -0.05860
  31.500     0.08894  -0.20037  -0.05750
  31.550     0.08943  -0.20018  -0.05639
  31.600     0.08993  -0.19999  -0.05529
  31.650     0.09043  -0.19979  -0.05418
  31.700     0.09093  -0.19959  -0.05306
  31.750     0.09143  -0.19939  -0.05195
  31.800     0.09194  -0.19918  -0.05083
  31.850     0.09244  -0.19897  -0.04971
  31.900     0.09294  -0.19875  -0.04858
  31.950     0.09344  -0.19853  -0.04745
  32.000     0.09394  -0.19830  -0.04632
  32.050     0.09444  -0.19807  -0.04519
  32.100     0.09494  -0.19784  -0.04405
  32.150     0.09544  -0.19761  -0.04290
  32.200     0.09593  -0.19737  -0.04175
  32.250     0.09643  -0.19713  -0.04060
  32.300     0.09693  -0.19688  -0.03945
  32.350     0.09742  -0.19664  -0.03829
  32.400     0.09792  -0.19639  -0.03712
  32.450     0.09841  -0.19614  -0.03595
  32.500     0.09890  -0.19588  -0.03478
  32.550     0.09939  -0.19562  -0.03360
  32.600     0.09988  -0.19536  -0.03241
  32.650     0.10036  -0.19510  -0.03122
  32.700     0.10085  -0.19484  -0.03003
  32.750     0.10133  -0.19458  -0.02883
  32.800     0.10181  -0.19431  -0.02763
  32.850     0.10229  -0.19404  -0.02642
  32.900     0.10276  -0.19377  -0.02520
  32.950     0.10324  -0.19350  -0.02398
  33.000     0.10371  -0.19323  -0.02275
  33.050     0.10418  -0.19296  -0.02152
  33.100     0.10464  -0.19268  -0.02028
  33.150     0.10510  -0.19241  -0.01904
  33.200     0.10557  -0.19213  -0.01779
  33.250     0.10602  -0.19185  -0.01653
  33.300     0.10648  -0.19158  -0.01527
  33.350     0.10693  -0.19130  -0.01400
  33.400     0.10738  -0.19102  -0.01273
  33.450     0.10782  -0.19074  -0.01145
  33.500     0.10826  -0.19046  -0.01016
  33.550     0.10870  -0.19018  -0.00887
  33.600     0.10914  -0.18990  -0.00757
  33.650     0.10957  -0.18962  -0.00626
  33.700     0.11000  -0.18935  -0.00495
  33.750     0.11042  -0.18907  -0.00363
  33.800     0.11084  -0.18879  -0.00231
  33.850     0.11126  -0.18851  -0.00098
  33.900     0.11168  -0.18823   0.00036
  33.950     0.11208  -0.18795   0.00170
  34.000     0.11249  -0.18768   0.00305
  34.050     0.11289  -0.18740   0.00441
  34.100     0.11329  -0.18712   0.00577
  34.150     0.11368  -0.18685   0.00714
  34.200     0.11407  -0.18657   0.00851
  34.250     0.11446  -0.18630   0.00990
  34.300     0.11484  -0.18602   0.01128
  34.350     0.11522  -0.18575   0.01268
  34.400     0.11559  -0.18548   0.01408
  34.450     0.11596  -0.18521   0.01548
  34.500     0.11633  -0.18494   0.01689
  34.550     0.11669  -0.18467   0.01831
  34.600     0.11704  -0.18440   0.01974
  34.650     0.11740  -0.18413   0.02117
  34.700     0.11774  -0.18386   0.02260
  34.750     0.11809  -0.18360   0.02404
  34.800     0.11843  -0.18333   0.02549
  34.850     0.11876  -0.18307   0.02694
  34.900     0.11909  -0.18280   0.02840
  34.950     0.11942  -0.18254   0.02987
  35.000     0.11974  -0.18228   0.03134
  35.050     0.12006  -0.18202   0.03281
  35.100     0.12037  -0.18176   0.03429
  35.150     0.12068  -0.18150   0.03577
  35.200     0.12098  -0.18125   0.03726
  35.250     0.12128  -0.18099   0.03876
  35.300     0.12158  -0.18073   0.04026
  35.350     0.12187  -0.18048   0.04176
  35.400     0.12216  -0.18023   0.04327
  35.450     0.12244  -0.17997   0.04478
  35.500     0.12272  -0.17972   0.04630
  35.550     0.12299  -0.17947   0.04782
  35.600     0.12326  -0.17922   0.04935
  35.650     0.12353  -0.17897   0.05087
  35.700     0.12379  -0.17872   0.05241
  35.750     0.12405  -0.17847   0.05394
  35.800     0.12430  -0.17822   0.05548
  35.850     0.12455  -0.17798   0.05702
  35.900     0.12480  -0.17773   0.05857
  35.950     0.12504  -0.17748   0.06012
  36.000     0.12528  -0.17724   0.06167
  36.050     0.12551  -0.17699   0.06322
  36.100     0.12574  -0.17674   0.06478
  36.150     0.12596  -0.17650   0.06633
  36.200     0.12619  -0.17625   0.06789
  36.250     0.12641  -0.17601   0.06945
  36.300     0.12662  -0.17576   0.07102
  36.350     0.12683  -0.17552   0.07258
  36.400     0.12704  -0.17527   0.07415
  36.450     0.12724  -0.17503   0.07571
  36.500     0.12744  -0.17478   0.07728
  36.550     0.12764  -0.17454   0.07885
  36.600     0.12784  -0.17429   0.08042
  36.650     0.12803  -0.17404   0.08199
  36.700     0.12822  -0.17379   0.08355
  36.750     0.12840  -0.17355   0.08512
  36.800     0.12858  -0.17330   0.08669
  36.850     0.12876  -0.17305   0.08826
  36.900     0.12894  -0.17280   0.08982
  36.950     0.12911  -0.17254   0.09139
  37.000     0.12928  -0.17229   0.09295
  37.050     0.12945  -0.17204   0.09451
  37.100     0.12961  -0.17178   0.09607
  37.150     0.12977  -0.17152   0.09763
  37.200     0.12993  -0.17126   0.09919
  37.250     0.13009  -0.17100   0.10074
  37.300     0.13025  -0.17074   0.10229
  37.350     0.13040  -0.17048   0.10384
  37.400     0.13055  -0.17021   0.10539
  37.450     0.13070  -0.16995   0.10693
  37.500     0.13085  -0.16968   0.10846
  37.550     0.13099  -0.16940   0.11000
  37.600     0.13113  -0.16913   0.11153
  37.650     0.13128  -0.16885   0.11305
  37.700     0.13142  -0.16858   0.11457
  37.750     0.13155  -0.16829   0.11609
  37.800     0.13169  -0.16801   0.11760
  37.850     0.13183  -0.16772   0.11910
  37.900     0.13196  -0.16743   0.12060
  37.950     0.13209  -0.16714   0.12210
  38.000     0.13222  -0.16684   0.12359
  38.050     0.13235  -0.16654   0.12507
  38.100     0.13248  -0.16624   0.12654
  38.150     0.13261  -0.16593   0.12801
  38.200     0.13274  -0.16563   0.12947
  38.250     0.13287  -0.16531   0.13092
  38.300     0.13299  -0.16499   0.13237
  38.350     0.13312  -0.16467   0.13381
  38.400     0.13325  -0.16435   0.13524
  38.450     0.13337  -0.16402   0.13666
  38.500     0.13350  -0.16369   0.13807
  38.550     0.13362  -0.16335   0.13948
  38.600     0.13375  -0.16301   0.14087
  38.650     0.13387  -0.16266   0.14226
  38.700     0.13399  -0.16231   0.14364
  38.750     0.13412  -0.16195   0.14501
  38.800     0.13424  -0.16159   0.14636
  38.850     0.13437  -0.16123   0.14771
  38.900     0.13450  -0.16086   0.14905
  38.950     0.13462  -0.16048   0.15037
  39.000     0.13475  -0.16010   0.15169
  39.050     0.13488  -0.15971   0.15299
  39.100     0.13501  -0.15932   0.15429
  39.150     0.13513  -0.15892   0.15557
  39.200     0.13526  -0.15852   0.15684
  39.250     0.13540  -0.15811   0.15810
  39.300     0.13553  -0.15770   0.15934
  39.350     0.13566  -0.15728   0.16057
  39.400     0.13580  -0.15685   0.16180
  39.450     0.13593  -0.15642   0.16300
  39.500     0.13607  -0.15598   0.16420
  39.550     0.13621  -0.15553   0.16538
  39.600     0.13635  -0.15508   0.16655
  39.650     0.13649  -0.15463   0.16770
  39.700     0.13663  -0.15416   0.16884
  39.750     0.13678  -0.15369   0.16997
  39.800     0.13692  -0.15321   0.17108
  39.850     0.13707  -0.15273   0.17218
  39.900     0.13722  -0.15224   0.17326
  39.950     0.13738  -0.15174   0.17433
  40.000     0.13753  -0.15124   0.17538
  40.050     0.13769  -0.15072   0.17642
  40.100     0.13785  -0.15020   0.17744
  40.150     0.13801  -0.14968   0.17845
  40.200     0.13817  -0.14914   0.17944
  40.250     0.13834  -0.14860   0.18042
  40.300     0.13851  -0.14805   0.18137
  40.350     0.13868  -0.14750   0.18232
  40.400     0.13885  -0.14694   0.18324
  40.450     0.13903  -0.14636   0.18415
  40.500     0.13921  -0.14579   0.18505
  40.550     0.13939  -0.14520   0.18592
  40.600     0.13958  -0.14460   0.18678
  40.650     0.13977  -0.14400   0.18762
  40.700     0.13996  -0.14339   0.18845
  40.750     0.14015  -0.14277   0.18925
  40.800     0.14035  -0.14215   0.19004
  40.850     0.14055  -0.14151   0.19082
  40.900     0.14075  -0.14087   0.19157
  40.950     0.14095  -0.14022   0.19231
  41.000     0.14116  -0.13956   0.19302
  41.050     0.14137  -0.13890   0.19372
  41.100     0.14159  -0.13822   0.19440
  41.150     0.14181  -0.13754   0.19507
  41.200     0.14203  -0.13685   0.19571
  41.250     0.14226  -0.13615   0.19633
  41.300     0.14248  -0.13544   0.19694
  41.350     0.14272  -0.13473   0.19753
  41.400     0.14295  -0.13400   0.19810
  41.450     0.14319  -0.13327   0.19865
  41.500     0.14343  -0.13253   0.19918
  41.550     0.14368  -0.13178   0.19969
  41.600     0.14393  -0.13102   0.20018
  41.650     0.14418  -0.13025   0.20065
  41.700     0.14444  -0.12948   0.20110
  41.750     0.14470  -0.12869   0.20154
  41.800     0.14496  -0.12790   0.20195
  41.850     0.14523  -0.12710   0.20234
  41.900     0.14550  -0.12629   0.20272
  41.950     0.14578  -0.12547   0.20307
  42.000     0.14605  -0.12465   0.20340
  42.050     0.14634  -0.12381   0.20372
  42.100     0.14662  -0.12297   0.20401
  42.150     0.14691  -0.12212   0.20429
  42.200     0.14720  -0.12126   0.20454
  42.250     0.14750  -0.12039   0.20478
  42.300     0.14780  -0.11951   0.20499
  42.350     0.14811  -0.11862   0.20518
  42.400     0.14841  -0.11773   0.20536
  42.450     0.14872  -0.11683   0.20551
  42.500     0.14904  -0.11592   0.20564
  42.550     0.14936  -0.11500   0.20576
  42.600     0.14968  -0.11407   0.20585
  42.650     0.15001  -0.11314   0.20592
  42.700     0.15034  -0.11219   0.20598
  42.750     0.15067  -0.11124   0.20601
  42.800     0.15101  -0.11028   0.20602
  42.850     0.15135  -0.10931   0.20601
  42.900     0.15169  -0.10833   0.20599
  42.950     0.15204  -0.10735   0.20594
  43.000     0.15239  -0.10636   0.20587
  43.050     0.15275  -0.10536   0.20578
  43.100     0.15310  -0.10435   0.20567
  43.150     0.15347  -0.10333   0.20555
  43.200     0.15383  -0.10231   0.20540
  43.250     0.15420  -0.10128   0.20523
  43.300     0.15457  -0.10024   0.20504
  43.350     0.15495  -0.09919   0.20483
  43.400     0.15533  -0.09814   0.20461
  43.450     0.15571  -0.09707   0.20436
  43.500     0.15609  -0.09600   0.20409
  43.550     0.15648  -0.09493   0.20380
  43.600     0.15687  -0.09384   0.20350
  43.650     0.15727  -0.09275   0.20317
  43.700     0.15767  -0.09165   0.20283
  43.750     0.15807  -0.09055   0.20246
  43.800     0.15847  -0.08943   0.20208
  43.850     0.15888  -0.08831   0.20167
  43.900     0.15929  -0.08719   0.20125
  43.950     0.15970  -0.08605   0.20081
  44.000     0.16012  -0.08491   0.20035
  44.050     0.16053  -0.08376   0.19987
  44.100     0.16096  -0.08261   0.19937
  44.150     0.16138  -0.08145   0.19886
  44.200     0.16181  -0.08028   0.19832
  44.250     0.16224  -0.07911   0.19777
  44.300     0.16267  -0.07793   0.19720
  44.350     0.16310  -0.07675   0.19661
  44.400     0.16354  -0.07556   0.19600
  44.450     0.16398  -0.07436   0.19537
  44.500     0.16442  -0.07316   0.19473
  44.550     0.16487  -0.07195   0.19407
  44.600     0.16531  -0.07073   0.19339
  44.650     0.16576  -0.06951   0.19269
  44.700     0.16621  -0.06829   0.19198
  44.750     0.16666  -0.06705   0.19124
  44.800     0.16712  -0.06582   0.19050
  44.850     0.16757  -0.06458   0.18973
  44.900     0.16803  -0.06333   0.18895
  44.950     0.16849  -0.06208   0.18815
  45.000     0.16896  -0.06082   0.18733
  45.050     0.16942  -0.05956   0.18650
  45.100     0.16989  -0.05829   0.18565
  45.150     0.17035  -0.05702   0.18478
  45.200     0.17082  -0.05575   0.18390
  45.250     0.17129  -0.05447   0.18301
  45.300     0.17176  -0.05319   0.18209
  45.350     0.17223  -0.05190   0.18117
  45.400     0.17271  -0.05061   0.18022
  45.450     0.17318  -0.04931   0.17926
  45.500     0.17366  -0.04801   0.17829
  45.550     0.17414  -0.04671   0.17730
  45.600     0.17461  -0.04540   0.17630
  45.650     0.17509  -0.04409   0.17528
  45.700     0.17557  -0.04278   0.17425
  45.750     0.17605  -0.04146   0.17320
  45.800     0.17654  -0.04015   0.17214
  45.850     0.17702  -0.03882   0.17107
  45.900     0.17750  -0.03750   0.16998
  45.950     0.17798  -0.03617   0.16888
  46.000     0.17847  -0.03484   0.16776
  46.050     0.17895  -0.03351   0.16663
  46.100     0.17943  -0.03217   0.16549
  46.150     0.17992  -0.03083   0.16434
  46.200     0.18040  -0.02949   0.16317
  46.250     0.18088  -0.02815   0.16199
  46.300     0.18137  -0.02681   0.16080
  46.350     0.18185  -0.02546   0.15959
  46.400     0.18233  -0.02412   0.15838
  46.450     0.18282  -0.02277   0.15715
  46.500     0.18330  -0.02142   0.15591
  46.550     0.18378  -0.02007   0.15466
  46.600     0.18426  -0.01872   0.15340
  46.650     0.18475  -0.01736   0.15213
  46.700     0.18523  -0.01601   0.15085
  46.750     0.18571  -0.01465   0.14955
  46.800     0.18618  -0.01330   0.14825
  46.850     0.18666  -0.01194   0.14693
  46.900     0.18714  -0.01059   0.14561
  46.950     0.18762  -0.00923   0.14428
  47.000     0.18809  -0.00787   0.14293
  47.050     0.18856  -0.00652   0.14158
  47.100     0.18904  -0.00516   0.14022
  47.150     0.18951  -0.00380   0.13884
  47.200     0.18998  -0.00245   0.13746
  47.250     0.19044  -0.00109   0.13608
  47.300     0.19091   0.00026   0.13468
  47.350     0.19138   0.00162   0.13327
  47.400     0.19184   0.00297   0.13186
  47.450     0.19230   0.00432   0.13044
  47.500     0.19276   0.00567   0.12901
  47.550     0.19322   0.00702   0.12757
  47.600     0.19367   0.00837   0.12613
  47.650     0.19413   0.00972   0.12468
  47.700     0.19458   0.01107   0.12322
  47.750     0.19503   0.01241   0.12176
  47.800     0.19547   0.01375   0.12029
  47.850     0.19592   0.01509   0.11881
  47.900     0.19636   0.01643   0.11733
  47.950     0.19680   0.01777   0.11584
  48.000     0.19723   0.01910   0.11434
  48.050     0.19767   0.02043   0.11284
  48.100     0.19810   0.02176   0.11134
  48.150     0.19853   0.02309   0.10983
  48.200     0.19895   0.02441   0.10831
  48.250     0.19938   0.02573   0.10679
  48.300     0.19980   0.02705   0.10527
  48.350     0.20021   0.02837   0.10374
  48.400     0.20063   0.02968   0.10221
  48.450     0.20104   0.03099   0.10067
  48.500     0.20144   0.03229   0.09913
  48.550     0.20185   0.03359   0.09759
  48.600     0.20225   0.03489   0.09604
  48.650     0.20264   0.03619   0.09449
  48.700     0.20304   0.03748   0.09294
  48.750     0.20343   0.03876   0.09138
  48.800     0.20381   0.04005   0.08982
  48.850     0.20420   0.04132   0.08826
  48.900     0.20457   0.04260   0.08670
  48.950     0.20495   0.04387   0.08513
  49.000     0.20532   0.04513   0.08357
  49.050     0.20569   0.04639   0.08200
  49.100     0.20605   0.04765   0.08043
  49.150     0.20641   0.04890   0.07886
  49.200     0.20676   0.05015   0.07729
  49.250     0.20711   0.05139   0.07571
  49.300     0.20746   0.05262   0.07414
  49.350     0.20780   0.05386   0.07256
  49.400     0.20814   0.05508   0.07099
  49.450     0.20847   0.05630   0.06941
  49.500     0.20880   0.05752   0.06784
  49.550     0.20913   0.05873   0.06626
  49.600     0.20945   0.05993   0.06469
  49.650     0.20976   0.06113   0.06311
  49.700     0.21007   0.06232   0.06154
  49.750     0.21038   0.06351   0.05997
  49.800     0.21068   0.06469   0.05840
  49.850     0.21098   0.06586   0.05682
  49.900     0.21127   0.06703   0.05526
  49.950     0.21156   0.06820   0.05369
  50.000     0.21184   0.06935   0.05212
  50.050     0.21212   0.07050   0.05056
  50.100     0.21239   0.07164   0.04899
  50.150     0.21265   0.07278   0.04743
  50.200     0.21292   0.07391   0.04588
  50.250     0.21317   0.07503   0.04432
  50.300     0.21342   0.07615   0.04277
  50.350     0.21367   0.07726   0.04122
  50.400     0.21391   0.07836   0.03967
  50.450     0.21415   0.07946   0.03812
  50.500     0.21438   0.08055   0.03658
  50.550     0.21460   0.08163   0.03505
  50.600     0.21482   0.08271   0.03351
  50.650     0.21504   0.08377   0.03198
  50.700     0.21525   0.08483   0.03045
  50.750     0.21545   0.08589   0.02893
  50.800     0.21565   0.08693   0.02741
  50.850     0.21584   0.08797   0.02590
  50.900     0.21603   0.08900   0.02439
  50.950     0.21621   0.09002   0.02288
  51.000     0.21639   0.09104   0.02138
  51.050     0.21656   0.09204   0.01988
  51.100     0.21672   0.09304   0.01839
  51.150     0.21688   0.09404   0.01690
  51.200     0.21703   0.09502   0.01542
  51.250     0.21718   0.09599   0.01395
  51.300     0.21732   0.09696   0.01247
  51.350     0.21746   0.09792   0.01101
  51.400     0.21759   0.09887   0.00955
  51.450     0.21771   0.09982   0.00809
  51.500     0.21783   0.10075   0.00665
  51.550     0.21794   0.10168   0.00520
  51.600     0.21805   0.10260   0.00377
  51.650     0.21815   0.10351   0.00234
  51.700     0.21824   0.10441   0.00091
  51.750     0.21833   0.10530  -0.00051
  51.800     0.21841   0.10619  -0.00192
  51.850     0.21849   0.10707  -0.00332
  51.900     0.21856   0.10793  -0.00472
  51.950     0.21863   0.10879  -0.00611
  52.000     0.21869   0.10964  -0.00750
  52.050     0.21874   0.11049  -0.00887
  52.100     0.21879   0.11132  -0.01024
  52.150     0.21883   0.11214  -0.01161
  52.200     0.21886   0.11296  -0.01296
  52.250     0.21889   0.11377  -0.01431
  52.300     0.21891   0.11457  -0.01565
  52.350     0.21893   0.11536  -0.01698
  52.400     0.21894   0.11614  -0.01831
  52.450     0.21895   0.11691  -0.01963
  52.500     0.21894   0.11767  -0.02094
  52.550     0.21894   0.11843  -0.02224
  52.600     0.21892   0.11917  -0.02354
  52.650     0.21890   0.11991  -0.02482
  52.700     0.21888   0.12064  -0.02610
  52.750     0.21885   0.12136  -0.02737
  52.800     0.21881   0.12207  -0.02863
  52.850     0.21877   0.12277  -0.02988
  52.900     0.21872   0.12346  -0.03113
  52.950     0.21866   0.12414  -0.03237
  53.000     0.21860   0.12482  -0.03359
  53.050     0.21853   0.12548  -0.03481
  53.100     0.21846   0.12614  -0.03602
  53.150     0.21838   0.12678  -0.03723
  53.200     0.21829   0.12742  -0.03842
  53.250     0.21820   0.12805  -0.03960
  53.300     0.21810   0.12867  -0.04078
  53.350     0.21800   0.12928  -0.04195
  53.400     0.21789   0.12988  -0.04310
  53.450     0.21777   0.13047  -0.04425
  53.500     0.21765   0.13106  -0.04539
  53.550     0.21752   0.13163  -0.04652
  53.600     0.21739   0.13220  -0.04764
  53.650     0.21725   0.13275  -0.04875
  53.700     0.21711   0.13330  -0.04986
  53.750     0.21695   0.13384  -0.05095
  53.800     0.21680   0.13436  -0.05203
  53.850     0.21664   0.13488  -0.05311
  53.900     0.21647   0.13540  -0.05417
  53.950     0.21629   0.13590  -0.05523
  54.000     0.21611   0.13639  -0.05627
  54.050     0.21593   0.13687  -0.05731
  54.100     0.21573   0.13735  -0.05833
  54.150     0.21554   0.13781  -0.05935
  54.200     0.21533   0.13827  -0.06036
  54.250     0.21513   0.13872  -0.06136
  54.300     0.21491   0.13916  -0.06234
  54.350     0.21469   0.13959  -0.06332
  54.400     0.21447   0.14001  -0.06429
  54.450     0.21423   0.14042  -0.06525
  54.500     0.21400   0.14082  -0.06620
  54.550     0.21376   0.14122  -0.06714
  54.600     0.21351   0.14160  -0.06807
  54.650     0.21326   0.14198  -0.06899
  54.700     0.21300   0.14235  -0.06990
  54.750     0.21273   0.14270  -0.07079
  54.800     0.21246   0.14305  -0.07168
  54.850     0.21219   0.14340  -0.07256
  54.900     0.21191   0.14373  -0.07343
  54.950     0.21162   0.14405  -0.07429
  55.000     0.21133   0.14437  -0.07514
  55.050     0.21104   0.14468  -0.07598
  55.100     0.21073   0.14497  -0.07681
  55.150     0.21043   0.14526  -0.07763
  55.200     0.21012   0.14554  -0.07844
  55.250     0.20980   0.14582  -0.07924
  55.300     0.20948   0.14608  -0.08004
  55.350     0.20915   0.14634  -0.08082
  55.400     0.20882   0.14658  -0.08159
  55.450     0.20848   0.14682  -0.08235
  55.500     0.20814   0.14705  -0.08310
  55.550     0.20779   0.14728  -0.08384
  55.600     0.20744   0.14749  -0.08457
  55.650     0.20709   0.14769  -0.08529
  55.700     0.20672   0.14789  -0.08600
  55.750     0.20636   0.14808  -0.08670
  55.800     0.20599   0.14826  -0.08739
  55.850     0.20561   0.14844  -0.08807
  55.900     0.20523   0.14860  -0.08875
  55.950     0.20485   0.14876  -0.08941
  56.000     0.20446   0.14891  -0.09006
  56.050     0.20406   0.14905  -0.09070
  56.100     0.20366   0.14918  -0.09133
  56.150     0.20326   0.14931  -0.09196
  56.200     0.20285   0.14942  -0.09257
  56.250     0.20244   0.14953  -0.09317
  56.300     0.20202   0.14964  -0.09377
  56.350     0.20160   0.14973  -0.09435
  56.400     0.20118   0.14982  -0.09492
  56.450     0.20075   0.14990  -0.09549
  56.500     0.20032   0.14997  -0.09604
  56.550     0.19988   0.15003  -0.09659
  56.600     0.19944   0.15009  -0.09712
  56.650     0.19899   0.15014  -0.09765
  56.700     0.19854   0.15018  -0.09817
  56.750     0.19809   0.15021  -0.09867
  56.800     0.19763   0.15024  -0.09917
  56.850     0.19717   0.15026  -0.09966
  56.900     0.19670   0.15027  -0.10014
  56.950     0.19623   0.15028  -0.10061
  57.000     0.19576   0.15028  -0.10107
  57.050     0.19528   0.15027  -0.10152
  57.100     0.19480   0.15025  -0.10196
  57.150     0.19432   0.15023  -0.10240
  57.200     0.19383   0.15020  -0.10282
  57.250     0.19334   0.15016  -0.10323
  57.300     0.19284   0.15012  -0.10364
  57.350     0.19234   0.15007  -0.10404
  57.400     0.19184   0.15001  -0.10442
  57.450     0.19133   0.14995  -0.10480
  57.500     0.19082   0.14988  -0.10517
  57.550     0.19031   0.14980  -0.10553
  57.600     0.18980   0.14972  -0.10588
  57.650     0.18928   0.14963  -0.10623
  57.700     0.18875   0.14954  -0.10656
  57.750     0.18823   0.14943  -0.10689
  57.800     0.18770   0.14933  -0.10720
  57.850     0.18717   0.14921  -0.10751
  57.900     0.18663   0.14909  -0.10781
  57.950     0.18610   0.14896  -0.10810
  58.000     0.18556   0.14883  -0.10839
  58.050     0.18501   0.14869  -0.10866
  58.100     0.18447   0.14855  -0.10893
  58.150     0.18392   0.14840  -0.10918
  58.200     0.18336   0.14824  -0.10943
  58.250     0.18281   0.14808  -0.10967
  58.300     0.18225   0.14791  -0.10991
  58.350     0.18169   0.14774  -0.11013
  58.400     0.18113   0.14756  -0.11035
  58.450     0.18056   0.14737  -0.11056
  58.500     0.18000   0.14718  -0.11076
  58.550     0.17943   0.14699  -0.11095
  58.600     0.17885   0.14678  -0.11114
  58.650     0.17828   0.14658  -0.11131
  58.700     0.17770   0.14636  -0.11148
  58.750     0.17712   0.14615  -0.11164
  58.800     0.17654   0.14593  -0.11180
  58.850     0.17596   0.14570  -0.11194
  58.900     0.17537   0.14546  -0.11208
  58.950     0.17478   0.14523  -0.11221
  59.000     0.17419   0.14498  -0.11234
  59.050     0.17360   0.14474  -0.11245
  59.100     0.17300   0.14448  -0.11256
  59.150     0.17241   0.14423  -0.11266
  59.200     0.17181   0.14396  -0.11276
  59.250     0.17121   0.14370  -0.11285
  59.300     0.17061   0.14343  -0.11293
  59.350     0.17000   0.14315  -0.11300
  59.400     0.16940   0.14287  -0.11307
  59.450     0.16879   0.14258  -0.11312
  59.500     0.16818   0.14229  -0.11318
  59.550     0.16757   0.14200  -0.11322
  59.600     0.16696   0.14170  -0.11326
  59.650     0.16634   0.14140  -0.11329
  59.700     0.16573   0.14109  -0.11332
  59.750     0.16511   0.14078  -0.11334
  59.800     0.16449   0.14047  -0.11335
  59.850     0.16387   0.14015  -0.11335
  59.900     0.16325   0.13982  -0.11335
  59.950     0.16263   0.13950  -0.11335
  60.000     0.16201   0.13917  -0.11333
