 # Cross sections for state #  2 Ex=  0.007 MeV J/pi=  0.0+
    0.100     3.1562    
    0.600     3.0600    
    1.100     2.8347    
    1.600     2.5007    
    2.100     2.0876    
    2.600     1.6317    
    3.100     1.1731    
    3.600    0.75281    
    4.100    0.40743    
    4.600    0.16336    
    5.100    0.30886E-01
    5.600    0.13406E-02
    6.100    0.49117E-01
    6.600    0.13864    
    7.100    0.23404    
    7.600    0.30786    
    8.100    0.34594    
    8.600    0.34718    
    9.100    0.31960    
    9.600    0.27492    
   10.100    0.22412    
   10.600    0.17508    
   11.100    0.13206    
   11.600    0.96515E-01
   12.100    0.68099E-01
   12.600    0.45717E-01
   13.100    0.28264E-01
   13.600    0.15070E-01
   14.100    0.59839E-02
   14.600    0.10850E-02
   15.100    0.21703E-03
   15.600    0.26261E-02
   16.100    0.69493E-02
   16.600    0.11572E-01
   17.100    0.15141E-01
   17.600    0.16935E-01
   18.100    0.16921E-01
   18.600    0.15539E-01
   19.100    0.13371E-01
   19.600    0.10908E-01
   20.100    0.84605E-02
   20.600    0.61865E-02
   21.100    0.41657E-02
   21.600    0.24575E-02
   22.100    0.11371E-02
   22.600    0.30711E-03
   23.100    0.79141E-04
   23.600    0.52221E-03
   24.100    0.15974E-02
   24.600    0.31215E-02
   25.100    0.47970E-02
   25.600    0.63047E-02
   26.100    0.74110E-02
   26.600    0.80310E-02
   27.100    0.82163E-02
   27.600    0.80875E-02
   28.100    0.77606E-02
   28.600    0.73063E-02
   29.100    0.67511E-02
   29.600    0.61011E-02
   30.100    0.53662E-02
   30.600    0.45738E-02
   31.100    0.37735E-02
   31.600    0.30367E-02
   32.100    0.24445E-02
   32.600    0.20641E-02
   33.100    0.19192E-02
   33.600    0.19737E-02
   34.100    0.21415E-02
   34.600    0.23225E-02
   35.100    0.24443E-02
   35.600    0.24861E-02
   36.100    0.24742E-02
   36.600    0.24559E-02
   37.100    0.24713E-02
   37.600    0.25364E-02
   38.100    0.26410E-02
   38.600    0.27547E-02
   39.100    0.28365E-02
   39.600    0.28455E-02
   40.100    0.27552E-02
   40.600    0.25644E-02
   41.100    0.23011E-02
   41.600    0.20117E-02
   42.100    0.17413E-02
   42.600    0.15157E-02
   43.100    0.13352E-02
   43.600    0.11828E-02
   44.100    0.10400E-02
   44.600    0.89787E-03
   45.100    0.76018E-03
   45.600    0.63864E-03
   46.100    0.54690E-03
   46.600    0.49619E-03
   47.100    0.49212E-03
   47.600    0.53124E-03
   48.100    0.59847E-03
   48.600    0.66892E-03
   49.100    0.71577E-03
   49.600    0.72128E-03
   50.100    0.68428E-03
   50.600    0.61935E-03
   51.100    0.54818E-03
   51.600    0.48917E-03
   52.100    0.45120E-03
   52.600    0.43362E-03
   53.100    0.42990E-03
   53.600    0.43115E-03
   54.100    0.42819E-03
   54.600    0.41334E-03
   55.100    0.38297E-03
   55.600    0.33989E-03
   56.100    0.29292E-03
   56.600    0.25259E-03
   57.100    0.22530E-03
   57.600    0.20986E-03
   58.100    0.19906E-03
   58.600    0.18496E-03
   59.100    0.16376E-03
   59.600    0.13725E-03
   60.100    0.11054E-03
   60.600    0.88894E-04
   61.100    0.75949E-04
   61.600    0.73653E-04
   62.100    0.82306E-04
   62.600    0.99763E-04
   63.100    0.12062E-03
   63.600    0.13720E-03
   64.100    0.14269E-03
   64.600    0.13482E-03
   65.100    0.11705E-03
   65.600    0.96453E-04
   66.100    0.79599E-04
   66.600    0.69527E-04
   67.100    0.65568E-04
   67.600    0.65299E-04
   68.100    0.66470E-04
   68.600    0.67504E-04
   69.100    0.66984E-04
   69.600    0.63566E-04
   70.100    0.56899E-04
   70.600    0.48582E-04
   71.100    0.41732E-04
   71.600    0.38965E-04
   72.100    0.40313E-04
   72.600    0.42943E-04
   73.100    0.43085E-04
   73.600    0.38653E-04
   74.100    0.30460E-04
   74.600    0.21276E-04
   75.100    0.13809E-04
   75.600    0.94040E-05
   76.100    0.82215E-05
   76.600    0.10091E-04
   77.100    0.14795E-04
   77.600    0.21465E-04
   78.100    0.28039E-04
   78.600    0.31826E-04
   79.100    0.31111E-04
   79.600    0.26462E-04
   80.100    0.20462E-04
   80.600    0.15937E-04
   81.100    0.14108E-04
   81.600    0.14167E-04
   82.100    0.14424E-04
   82.600    0.13837E-04
   83.100    0.12544E-04
   83.600    0.11181E-04
   84.100    0.99662E-05
   84.600    0.85868E-05
   85.100    0.69273E-05
   85.600    0.56632E-05
   86.100    0.58799E-05
   86.600    0.79544E-05
   87.100    0.10834E-04
   87.600    0.12565E-04
   88.100    0.11741E-04
   88.600    0.85913E-05
   89.100    0.47442E-05
   89.600    0.19162E-05
   90.100    0.74009E-06
   90.600    0.70954E-06
   91.100    0.10781E-05
   91.600    0.16710E-05
   92.100    0.27990E-05
   92.600    0.45026E-05
   93.100    0.60826E-05
   93.600    0.65435E-05
   94.100    0.55569E-05
   94.600    0.39262E-05
   95.100    0.29859E-05
   95.600    0.34388E-05
   96.100    0.47304E-05
   96.600    0.55668E-05
   97.100    0.50778E-05
   97.600    0.35212E-05
   98.100    0.19140E-05
   98.600    0.10350E-05
   99.100    0.81898E-06
   99.600    0.68675E-06
  100.100    0.36297E-06
  100.600    0.25313E-06
  101.100    0.96016E-06
  101.600    0.24686E-05
  102.100    0.39092E-05
  102.600    0.42315E-05
  103.100    0.31634E-05
  103.600    0.15023E-05
  104.100    0.42389E-06
  104.600    0.46401E-06
  105.100    0.11433E-05
  105.600    0.15557E-05
  106.100    0.12902E-05
  106.600    0.76018E-06
  107.100    0.65831E-06
  107.600    0.11580E-05
  108.100    0.17165E-05
  108.600    0.16800E-05
  109.100    0.10358E-05
  109.600    0.49462E-06
  110.100    0.78337E-06
  110.600    0.18613E-05
  111.100    0.28765E-05
  111.600    0.29382E-05
  112.100    0.19512E-05
  112.600    0.69000E-06
  113.100    0.49830E-07
  113.600    0.23168E-06
  114.100    0.66129E-06
  114.600    0.68042E-06
  115.100    0.26546E-06
  115.600    0.25146E-07
  116.100    0.49573E-06
  116.600    0.14909E-05
  117.100    0.22094E-05
  117.600    0.20137E-05
  118.100    0.10869E-05
  118.600    0.28282E-06
  119.100    0.30293E-06
  119.600    0.10237E-05
  120.100    0.16481E-05
  120.600    0.15209E-05
  121.100    0.77580E-06
  121.600    0.16530E-06
  122.100    0.26556E-06
  122.600    0.88550E-06
  123.100    0.12894E-05
  123.600    0.99481E-06
  124.100    0.30718E-06
  124.600    0.24444E-07
  125.100    0.60290E-06
  125.600    0.16442E-05
  126.100    0.22444E-05
  126.600    0.18674E-05
  127.100    0.86349E-06
  127.600    0.11141E-06
  128.100    0.15233E-06
  128.600    0.69711E-06
  129.100    0.99695E-06
  129.600    0.67475E-06
  130.100    0.14114E-06
  130.600    0.15375E-06
  131.100    0.97528E-06
  131.600    0.20172E-05
  132.100    0.23680E-05
  132.600    0.16912E-05
  133.100    0.58215E-06
  133.600    0.59996E-08
  134.100    0.37075E-06
  134.600    0.11632E-05
  135.100    0.15046E-05
  135.600    0.10492E-05
  136.100    0.30605E-06
  136.600    0.68217E-07
  137.100    0.55854E-06
  137.600    0.11961E-05
  138.100    0.12368E-05
  138.600    0.61833E-06
  139.100    0.10239E-06
  139.600    0.52133E-06
  140.100    0.18734E-05
  140.600    0.32059E-05
  141.100    0.34513E-05
  141.600    0.24130E-05
  142.100    0.93162E-06
  142.600    0.71776E-07
  143.100    0.15143E-06
  143.600    0.57599E-06
  144.100    0.60378E-06
  144.600    0.20703E-06
  145.100    0.10387E-06
  145.600    0.91712E-06
  146.100    0.23584E-05
  146.600    0.33482E-05
  147.100    0.30251E-05
  147.600    0.16452E-05
  148.100    0.42532E-06
  148.600    0.42388E-06
  149.100    0.15406E-05
  149.600    0.26307E-05
  150.100    0.26284E-05
  150.600    0.15618E-05
  151.100    0.45520E-06
  151.600    0.24396E-06
  152.100    0.83769E-06
  152.600    0.13008E-05
  153.100    0.94956E-06
  153.600    0.18787E-06
  154.100    0.14976E-06
  154.600    0.14657E-05
  155.100    0.34316E-05
  155.600    0.45149E-05
  156.100    0.37790E-05
  156.600    0.18238E-05
  157.100    0.26109E-06
  157.600    0.20054E-06
  158.100    0.12397E-05
  158.600    0.19738E-05
  159.100    0.15060E-05
  159.600    0.40105E-06
  160.100    0.78993E-07
  160.600    0.12530E-05
  161.100    0.30482E-05
  161.600    0.37862E-05
  162.100    0.27004E-05
  162.600    0.82082E-06
  163.100    0.36760E-07
  163.600    0.12042E-05
  164.100    0.32162E-05
  164.600    0.40562E-05
  165.100    0.28444E-05
  165.600    0.79790E-06
  166.100    0.48978E-07
  166.600    0.14497E-05
  167.100    0.36134E-05
  167.600    0.42748E-05
  168.100    0.26739E-05
  168.600    0.49691E-06
  169.100    0.26214E-06
  169.600    0.26631E-05
  170.100    0.56177E-05
  170.600    0.62034E-05
  171.100    0.37026E-05
  171.600    0.63071E-06
  172.100    0.43389E-06
  172.600    0.39283E-05
  173.100    0.81081E-05
  173.600    0.88667E-05
  174.100    0.52344E-05
  174.600    0.83756E-06
  175.100    0.64626E-06
  175.600    0.57722E-05
  176.100    0.11570E-04
  176.600    0.11728E-04
  177.100    0.52959E-05
  177.600    0.24608E-07
  178.100    0.77446E-05
  178.600    0.34419E-04
  179.100    0.72909E-04
