#  1 Channels, Eigenvalue: 1 Energy:  -2.2174
# J:0.00 parity: 1
 #  channel core Jc (l sn) jn
#  1 : 1 0.0 0 0.0 0.0
#  1200 points
   0.000        0.000000
   0.050        0.030037
   0.100        0.059953
   0.150        0.089630
   0.200        0.118949
   0.250        0.147796
   0.300        0.176061
   0.350        0.203637
   0.400        0.230425
   0.450        0.256333
   0.500        0.281276
   0.550        0.305179
   0.600        0.327974
   0.650        0.349606
   0.700        0.370030
   0.750        0.389212
   0.800        0.407126
   0.850        0.423761
   0.900        0.439112
   0.950        0.453187
   1.000        0.466002
   1.050        0.477579
   1.100        0.487951
   1.150        0.497153
   1.200        0.505228
   1.250        0.512224
   1.300        0.518190
   1.350        0.523179
   1.400        0.527245
   1.450        0.530442
   1.500        0.532828
   1.550        0.534456
   1.600        0.535380
   1.650        0.535655
   1.700        0.535330
   1.750        0.534456
   1.800        0.533080
   1.850        0.531247
   1.900        0.528999
   1.950        0.526379
   2.000        0.523423
   2.050        0.520167
   2.100        0.516644
   2.150        0.512885
   2.200        0.508920
   2.250        0.504774
   2.300        0.500472
   2.350        0.496036
   2.400        0.491487
   2.450        0.486844
   2.500        0.482123
   2.550        0.477340
   2.600        0.472510
   2.650        0.467644
   2.700        0.462754
   2.750        0.457850
   2.800        0.452942
   2.850        0.448037
   2.900        0.443142
   2.950        0.438263
   3.000        0.433407
   3.050        0.428577
   3.100        0.423778
   3.150        0.419013
   3.200        0.414286
   3.250        0.409598
   3.300        0.404952
   3.350        0.400350
   3.400        0.395792
   3.450        0.391281
   3.500        0.386816
   3.550        0.382398
   3.600        0.378028
   3.650        0.373706
   3.700        0.369431
   3.750        0.365204
   3.800        0.361025
   3.850        0.356893
   3.900        0.352808
   3.950        0.348769
   4.000        0.344776
   4.050        0.340828
   4.100        0.336926
   4.150        0.333067
   4.200        0.329253
   4.250        0.325481
   4.300        0.321753
   4.350        0.318066
   4.400        0.314421
   4.450        0.310816
   4.500        0.307252
   4.550        0.303728
   4.600        0.300244
   4.650        0.296798
   4.700        0.293391
   4.750        0.290021
   4.800        0.286690
   4.850        0.283395
   4.900        0.280137
   4.950        0.276915
   5.000        0.273730
   5.050        0.270580
   5.100        0.267465
   5.150        0.264385
   5.200        0.261340
   5.250        0.258329
   5.300        0.255352
   5.350        0.252409
   5.400        0.249499
   5.450        0.246622
   5.500        0.243778
   5.550        0.240966
   5.600        0.238187
   5.650        0.235439
   5.700        0.232723
   5.750        0.230039
   5.800        0.227385
   5.850        0.224763
   5.900        0.222171
   5.950        0.219609
   6.000        0.217077
   6.050        0.214574
   6.100        0.212101
   6.150        0.209657
   6.200        0.207241
   6.250        0.204854
   6.300        0.202496
   6.350        0.200164
   6.400        0.197861
   6.450        0.195584
   6.500        0.193335
   6.550        0.191112
   6.600        0.188915
   6.650        0.186744
   6.700        0.184599
   6.750        0.182479
   6.800        0.180384
   6.850        0.178313
   6.900        0.176267
   6.950        0.174245
   7.000        0.172247
   7.050        0.170272
   7.100        0.168320
   7.150        0.166391
   7.200        0.164484
   7.250        0.162600
   7.300        0.160737
   7.350        0.158896
   7.400        0.157076
   7.450        0.155277
   7.500        0.153499
   7.550        0.151741
   7.600        0.150004
   7.650        0.148286
   7.700        0.146588
   7.750        0.144909
   7.800        0.143249
   7.850        0.141608
   7.900        0.139986
   7.950        0.138382
   8.000        0.136796
   8.050        0.135228
   8.100        0.133678
   8.150        0.132145
   8.200        0.130629
   8.250        0.129131
   8.300        0.127649
   8.350        0.126183
   8.400        0.124735
   8.450        0.123302
   8.500        0.121885
   8.550        0.120484
   8.600        0.119099
   8.650        0.117730
   8.700        0.116375
   8.750        0.115036
   8.800        0.113712
   8.850        0.112403
   8.900        0.111108
   8.950        0.109828
   9.000        0.108562
   9.050        0.107310
   9.100        0.106073
   9.150        0.104849
   9.200        0.103640
   9.250        0.102443
   9.300        0.101261
   9.350        0.100092
   9.400        0.098936
   9.450        0.097793
   9.500        0.096664
   9.550        0.095547
   9.600        0.094443
   9.650        0.093352
   9.700        0.092273
   9.750        0.091206
   9.800        0.090152
   9.850        0.089110
   9.900        0.088080
   9.950        0.087062
  10.000        0.086056
  10.050        0.085062
  10.100        0.084079
  10.150        0.083108
  10.200        0.082148
  10.250        0.081199
  10.300        0.080261
  10.350        0.079335
  10.400        0.078419
  10.450        0.077514
  10.500        0.076620
  10.550        0.075736
  10.600        0.074863
  10.650        0.074000
  10.700        0.073148
  10.750        0.072305
  10.800        0.071473
  10.850        0.070650
  10.900        0.069837
  10.950        0.069034
  11.000        0.068240
  11.050        0.067456
  11.100        0.066681
  11.150        0.065915
  11.200        0.065158
  11.250        0.064411
  11.300        0.063672
  11.350        0.062942
  11.400        0.062220
  11.450        0.061508
  11.500        0.060803
  11.550        0.060107
  11.600        0.059419
  11.650        0.058739
  11.700        0.058067
  11.750        0.057403
  11.800        0.056747
  11.850        0.056099
  11.900        0.055458
  11.950        0.054825
  12.000        0.054199
  12.050        0.053580
  12.100        0.052968
  12.150        0.052364
  12.200        0.051767
  12.250        0.051176
  12.300        0.050592
  12.350        0.050015
  12.400        0.049445
  12.450        0.048881
  12.500        0.048323
  12.550        0.047772
  12.600        0.047227
  12.650        0.046689
  12.700        0.046156
  12.750        0.045629
  12.800        0.045109
  12.850        0.044594
  12.900        0.044085
  12.950        0.043581
  13.000        0.043084
  13.050        0.042592
  13.100        0.042105
  13.150        0.041624
  13.200        0.041148
  13.250        0.040677
  13.300        0.040212
  13.350        0.039751
  13.400        0.039296
  13.450        0.038846
  13.500        0.038401
  13.550        0.037960
  13.600        0.037525
  13.650        0.037094
  13.700        0.036668
  13.750        0.036247
  13.800        0.035830
  13.850        0.035418
  13.900        0.035010
  13.950        0.034607
  14.000        0.034208
  14.050        0.033814
  14.100        0.033424
  14.150        0.033038
  14.200        0.032657
  14.250        0.032280
  14.300        0.031907
  14.350        0.031538
  14.400        0.031173
  14.450        0.030812
  14.500        0.030455
  14.550        0.030102
  14.600        0.029753
  14.650        0.029408
  14.700        0.029067
  14.750        0.028729
  14.800        0.028395
  14.850        0.028066
  14.900        0.027739
  14.950        0.027417
  15.000        0.027098
  15.050        0.026783
  15.100        0.026471
  15.150        0.026163
  15.200        0.025858
  15.250        0.025557
  15.300        0.025259
  15.350        0.024965
  15.400        0.024674
  15.450        0.024387
  15.500        0.024102
  15.550        0.023822
  15.600        0.023544
  15.650        0.023270
  15.700        0.022999
  15.750        0.022731
  15.800        0.022466
  15.850        0.022204
  15.900        0.021946
  15.950        0.021690
  16.000        0.021438
  16.050        0.021189
  16.100        0.020942
  16.150        0.020699
  16.200        0.020458
  16.250        0.020221
  16.300        0.019986
  16.350        0.019754
  16.400        0.019525
  16.450        0.019298
  16.500        0.019075
  16.550        0.018854
  16.600        0.018636
  16.650        0.018421
  16.700        0.018208
  16.750        0.017997
  16.800        0.017790
  16.850        0.017585
  16.900        0.017382
  16.950        0.017182
  17.000        0.016985
  17.050        0.016789
  17.100        0.016597
  17.150        0.016406
  17.200        0.016218
  17.250        0.016033
  17.300        0.015849
  17.350        0.015668
  17.400        0.015489
  17.450        0.015312
  17.500        0.015138
  17.550        0.014965
  17.600        0.014795
  17.650        0.014627
  17.700        0.014461
  17.750        0.014297
  17.800        0.014135
  17.850        0.013974
  17.900        0.013816
  17.950        0.013660
  18.000        0.013505
  18.050        0.013353
  18.100        0.013202
  18.150        0.013053
  18.200        0.012906
  18.250        0.012761
  18.300        0.012617
  18.350        0.012475
  18.400        0.012335
  18.450        0.012197
  18.500        0.012060
  18.550        0.011924
  18.600        0.011790
  18.650        0.011658
  18.700        0.011528
  18.750        0.011398
  18.800        0.011271
  18.850        0.011144
  18.900        0.011020
  18.950        0.010896
  19.000        0.010774
  19.050        0.010653
  19.100        0.010534
  19.150        0.010416
  19.200        0.010299
  19.250        0.010184
  19.300        0.010070
  19.350        0.009957
  19.400        0.009845
  19.450        0.009735
  19.500        0.009626
  19.550        0.009518
  19.600        0.009411
  19.650        0.009305
  19.700        0.009200
  19.750        0.009097
  19.800        0.008994
  19.850        0.008893
  19.900        0.008792
  19.950        0.008693
  20.000        0.008595
  20.050        0.008498
  20.100        0.008401
  20.150        0.008306
  20.200        0.008212
  20.250        0.008118
  20.300        0.008026
  20.350        0.007935
  20.400        0.007844
  20.450        0.007755
  20.500        0.007666
  20.550        0.007578
  20.600        0.007491
  20.650        0.007405
  20.700        0.007320
  20.750        0.007236
  20.800        0.007152
  20.850        0.007069
  20.900        0.006988
  20.950        0.006907
  21.000        0.006826
  21.050        0.006747
  21.100        0.006668
  21.150        0.006591
  21.200        0.006514
  21.250        0.006437
  21.300        0.006362
  21.350        0.006287
  21.400        0.006213
  21.450        0.006140
  21.500        0.006068
  21.550        0.005996
  21.600        0.005925
  21.650        0.005855
  21.700        0.005785
  21.750        0.005717
  21.800        0.005649
  21.850        0.005581
  21.900        0.005515
  21.950        0.005449
  22.000        0.005384
  22.050        0.005319
  22.100        0.005255
  22.150        0.005192
  22.200        0.005130
  22.250        0.005068
  22.300        0.005007
  22.350        0.004946
  22.400        0.004887
  22.450        0.004828
  22.500        0.004769
  22.550        0.004711
  22.600        0.004654
  22.650        0.004598
  22.700        0.004542
  22.750        0.004487
  22.800        0.004433
  22.850        0.004379
  22.900        0.004326
  22.950        0.004273
  23.000        0.004221
  23.050        0.004170
  23.100        0.004119
  23.150        0.004069
  23.200        0.004020
  23.250        0.003971
  23.300        0.003923
  23.350        0.003875
  23.400        0.003828
  23.450        0.003782
  23.500        0.003736
  23.550        0.003690
  23.600        0.003646
  23.650        0.003602
  23.700        0.003558
  23.750        0.003515
  23.800        0.003473
  23.850        0.003431
  23.900        0.003390
  23.950        0.003349
  24.000        0.003309
  24.050        0.003270
  24.100        0.003231
  24.150        0.003192
  24.200        0.003154
  24.250        0.003117
  24.300        0.003080
  24.350        0.003044
  24.400        0.003008
  24.450        0.002973
  24.500        0.002938
  24.550        0.002903
  24.600        0.002870
  24.650        0.002836
  24.700        0.002803
  24.750        0.002771
  24.800        0.002739
  24.850        0.002708
  24.900        0.002677
  24.950        0.002646
  25.000        0.002616
  25.050        0.002586
  25.100        0.002557
  25.150        0.002528
  25.200        0.002500
  25.250        0.002472
  25.300        0.002444
  25.350        0.002417
  25.400        0.002390
  25.450        0.002364
  25.500        0.002338
  25.550        0.002312
  25.600        0.002287
  25.650        0.002262
  25.700        0.002238
  25.750        0.002214
  25.800        0.002190
  25.850        0.002167
  25.900        0.002143
  25.950        0.002121
  26.000        0.002098
  26.050        0.002076
  26.100        0.002054
  26.150        0.002033
  26.200        0.002011
  26.250        0.001991
  26.300        0.001970
  26.350        0.001950
  26.400        0.001929
  26.450        0.001910
  26.500        0.001890
  26.550        0.001871
  26.600        0.001852
  26.650        0.001833
  26.700        0.001814
  26.750        0.001796
  26.800        0.001778
  26.850        0.001760
  26.900        0.001742
  26.950        0.001725
  27.000        0.001708
  27.050        0.001691
  27.100        0.001674
  27.150        0.001657
  27.200        0.001641
  27.250        0.001624
  27.300        0.001608
  27.350        0.001592
  27.400        0.001577
  27.450        0.001561
  27.500        0.001545
  27.550        0.001530
  27.600        0.001515
  27.650        0.001500
  27.700        0.001485
  27.750        0.001470
  27.800        0.001456
  27.850        0.001441
  27.900        0.001427
  27.950        0.001413
  28.000        0.001399
  28.050        0.001385
  28.100        0.001371
  28.150        0.001357
  28.200        0.001343
  28.250        0.001330
  28.300        0.001316
  28.350        0.001303
  28.400        0.001290
  28.450        0.001276
  28.500        0.001263
  28.550        0.001250
  28.600        0.001237
  28.650        0.001224
  28.700        0.001212
  28.750        0.001199
  28.800        0.001186
  28.850        0.001174
  28.900        0.001161
  28.950        0.001149
  29.000        0.001137
  29.050        0.001124
  29.100        0.001112
  29.150        0.001100
  29.200        0.001088
  29.250        0.001076
  29.300        0.001064
  29.350        0.001052
  29.400        0.001040
  29.450        0.001028
  29.500        0.001017
  29.550        0.001005
  29.600        0.000993
  29.650        0.000982
  29.700        0.000970
  29.750        0.000959
  29.800        0.000948
  29.850        0.000936
  29.900        0.000925
  29.950        0.000914
  30.000        0.000903
  30.050        0.000892
  30.100        0.000881
  30.150        0.000870
  30.200        0.000859
  30.250        0.000848
  30.300        0.000837
  30.350        0.000826
  30.400        0.000816
  30.450        0.000805
  30.500        0.000794
  30.550        0.000784
  30.600        0.000773
  30.650        0.000763
  30.700        0.000753
  30.750        0.000743
  30.800        0.000732
  30.850        0.000722
  30.900        0.000712
  30.950        0.000702
  31.000        0.000692
  31.050        0.000683
  31.100        0.000673
  31.150        0.000663
  31.200        0.000653
  31.250        0.000644
  31.300        0.000634
  31.350        0.000625
  31.400        0.000616
  31.450        0.000607
  31.500        0.000597
  31.550        0.000588
  31.600        0.000579
  31.650        0.000570
  31.700        0.000562
  31.750        0.000553
  31.800        0.000544
  31.850        0.000536
  31.900        0.000527
  31.950        0.000519
  32.000        0.000511
  32.050        0.000502
  32.100        0.000494
  32.150        0.000486
  32.200        0.000478
  32.250        0.000471
  32.300        0.000463
  32.350        0.000455
  32.400        0.000448
  32.450        0.000440
  32.500        0.000433
  32.550        0.000426
  32.600        0.000418
  32.650        0.000411
  32.700        0.000405
  32.750        0.000398
  32.800        0.000391
  32.850        0.000384
  32.900        0.000378
  32.950        0.000371
  33.000        0.000365
  33.050        0.000359
  33.100        0.000353
  33.150        0.000347
  33.200        0.000341
  33.250        0.000335
  33.300        0.000329
  33.350        0.000324
  33.400        0.000318
  33.450        0.000313
  33.500        0.000308
  33.550        0.000303
  33.600        0.000298
  33.650        0.000293
  33.700        0.000288
  33.750        0.000283
  33.800        0.000279
  33.850        0.000274
  33.900        0.000270
  33.950        0.000265
  34.000        0.000261
  34.050        0.000257
  34.100        0.000253
  34.150        0.000249
  34.200        0.000245
  34.250        0.000242
  34.300        0.000238
  34.350        0.000235
  34.400        0.000231
  34.450        0.000228
  34.500        0.000225
  34.550        0.000222
  34.600        0.000219
  34.650        0.000216
  34.700        0.000213
  34.750        0.000210
  34.800        0.000208
  34.850        0.000205
  34.900        0.000203
  34.950        0.000200
  35.000        0.000198
  35.050        0.000196
  35.100        0.000194
  35.150        0.000192
  35.200        0.000190
  35.250        0.000188
  35.300        0.000186
  35.350        0.000185
  35.400        0.000183
  35.450        0.000181
  35.500        0.000180
  35.550        0.000179
  35.600        0.000177
  35.650        0.000176
  35.700        0.000175
  35.750        0.000174
  35.800        0.000173
  35.850        0.000172
  35.900        0.000171
  35.950        0.000170
  36.000        0.000169
  36.050        0.000168
  36.100        0.000168
  36.150        0.000167
  36.200        0.000167
  36.250        0.000166
  36.300        0.000166
  36.350        0.000165
  36.400        0.000165
  36.450        0.000164
  36.500        0.000164
  36.550        0.000164
  36.600        0.000164
  36.650        0.000163
  36.700        0.000163
  36.750        0.000163
  36.800        0.000163
  36.850        0.000163
  36.900        0.000163
  36.950        0.000163
  37.000        0.000163
  37.050        0.000163
  37.100        0.000163
  37.150        0.000163
  37.200        0.000163
  37.250        0.000163
  37.300        0.000164
  37.350        0.000164
  37.400        0.000164
  37.450        0.000164
  37.500        0.000164
  37.550        0.000165
  37.600        0.000165
  37.650        0.000165
  37.700        0.000165
  37.750        0.000165
  37.800        0.000166
  37.850        0.000166
  37.900        0.000166
  37.950        0.000166
  38.000        0.000167
  38.050        0.000167
  38.100        0.000167
  38.150        0.000167
  38.200        0.000167
  38.250        0.000168
  38.300        0.000168
  38.350        0.000168
  38.400        0.000168
  38.450        0.000168
  38.500        0.000168
  38.550        0.000168
  38.600        0.000168
  38.650        0.000168
  38.700        0.000168
  38.750        0.000168
  38.800        0.000168
  38.850        0.000168
  38.900        0.000168
  38.950        0.000168
  39.000        0.000168
  39.050        0.000168
  39.100        0.000168
  39.150        0.000168
  39.200        0.000167
  39.250        0.000167
  39.300        0.000167
  39.350        0.000167
  39.400        0.000166
  39.450        0.000166
  39.500        0.000165
  39.550        0.000165
  39.600        0.000165
  39.650        0.000164
  39.700        0.000164
  39.750        0.000163
  39.800        0.000162
  39.850        0.000162
  39.900        0.000161
  39.950        0.000160
  40.000        0.000160
  40.050        0.000159
  40.100        0.000158
  40.150        0.000157
  40.200        0.000156
  40.250        0.000155
  40.300        0.000155
  40.350        0.000154
  40.400        0.000153
  40.450        0.000151
  40.500        0.000150
  40.550        0.000149
  40.600        0.000148
  40.650        0.000147
  40.700        0.000146
  40.750        0.000144
  40.800        0.000143
  40.850        0.000142
  40.900        0.000140
  40.950        0.000139
  41.000        0.000138
  41.050        0.000136
  41.100        0.000135
  41.150        0.000133
  41.200        0.000132
  41.250        0.000130
  41.300        0.000128
  41.350        0.000127
  41.400        0.000125
  41.450        0.000123
  41.500        0.000122
  41.550        0.000120
  41.600        0.000118
  41.650        0.000116
  41.700        0.000115
  41.750        0.000113
  41.800        0.000111
  41.850        0.000109
  41.900        0.000107
  41.950        0.000105
  42.000        0.000103
  42.050        0.000101
  42.100        0.000099
  42.150        0.000097
  42.200        0.000095
  42.250        0.000093
  42.300        0.000091
  42.350        0.000089
  42.400        0.000087
  42.450        0.000085
  42.500        0.000082
  42.550        0.000080
  42.600        0.000078
  42.650        0.000076
  42.700        0.000074
  42.750        0.000072
  42.800        0.000069
  42.850        0.000067
  42.900        0.000065
  42.950        0.000063
  43.000        0.000060
  43.050        0.000058
  43.100        0.000056
  43.150        0.000054
  43.200        0.000052
  43.250        0.000049
  43.300        0.000047
  43.350        0.000045
  43.400        0.000043
  43.450        0.000040
  43.500        0.000038
  43.550        0.000036
  43.600        0.000034
  43.650        0.000032
  43.700        0.000029
  43.750        0.000027
  43.800        0.000025
  43.850        0.000023
  43.900        0.000021
  43.950        0.000018
  44.000        0.000016
  44.050        0.000014
  44.100        0.000012
  44.150        0.000010
  44.200        0.000008
  44.250        0.000006
  44.300        0.000004
  44.350        0.000002
  44.400       -0.000000
  44.450       -0.000002
  44.500       -0.000004
  44.550       -0.000006
  44.600       -0.000008
  44.650       -0.000010
  44.700       -0.000012
  44.750       -0.000014
  44.800       -0.000016
  44.850       -0.000017
  44.900       -0.000019
  44.950       -0.000021
  45.000       -0.000023
  45.050       -0.000024
  45.100       -0.000026
  45.150       -0.000028
  45.200       -0.000029
  45.250       -0.000031
  45.300       -0.000032
  45.350       -0.000034
  45.400       -0.000035
  45.450       -0.000037
  45.500       -0.000038
  45.550       -0.000040
  45.600       -0.000041
  45.650       -0.000042
  45.700       -0.000044
  45.750       -0.000045
  45.800       -0.000046
  45.850       -0.000048
  45.900       -0.000049
  45.950       -0.000050
  46.000       -0.000051
  46.050       -0.000052
  46.100       -0.000053
  46.150       -0.000054
  46.200       -0.000055
  46.250       -0.000056
  46.300       -0.000057
  46.350       -0.000058
  46.400       -0.000058
  46.450       -0.000059
  46.500       -0.000060
  46.550       -0.000061
  46.600       -0.000061
  46.650       -0.000062
  46.700       -0.000062
  46.750       -0.000063
  46.800       -0.000063
  46.850       -0.000064
  46.900       -0.000064
  46.950       -0.000065
  47.000       -0.000065
  47.050       -0.000065
  47.100       -0.000066
  47.150       -0.000066
  47.200       -0.000066
  47.250       -0.000066
  47.300       -0.000066
  47.350       -0.000066
  47.400       -0.000066
  47.450       -0.000066
  47.500       -0.000066
  47.550       -0.000066
  47.600       -0.000066
  47.650       -0.000066
  47.700       -0.000066
  47.750       -0.000066
  47.800       -0.000065
  47.850       -0.000065
  47.900       -0.000065
  47.950       -0.000064
  48.000       -0.000064
  48.050       -0.000063
  48.100       -0.000063
  48.150       -0.000063
  48.200       -0.000062
  48.250       -0.000061
  48.300       -0.000061
  48.350       -0.000060
  48.400       -0.000059
  48.450       -0.000059
  48.500       -0.000058
  48.550       -0.000057
  48.600       -0.000056
  48.650       -0.000056
  48.700       -0.000055
  48.750       -0.000054
  48.800       -0.000053
  48.850       -0.000052
  48.900       -0.000051
  48.950       -0.000050
  49.000       -0.000049
  49.050       -0.000048
  49.100       -0.000047
  49.150       -0.000046
  49.200       -0.000045
  49.250       -0.000043
  49.300       -0.000042
  49.350       -0.000041
  49.400       -0.000040
  49.450       -0.000039
  49.500       -0.000037
  49.550       -0.000036
  49.600       -0.000035
  49.650       -0.000033
  49.700       -0.000032
  49.750       -0.000031
  49.800       -0.000029
  49.850       -0.000028
  49.900       -0.000026
  49.950       -0.000025
  50.000       -0.000023
  50.050       -0.000022
  50.100       -0.000020
  50.150       -0.000019
  50.200       -0.000017
  50.250       -0.000016
  50.300       -0.000014
  50.350       -0.000013
  50.400       -0.000011
  50.450       -0.000010
  50.500       -0.000008
  50.550       -0.000006
  50.600       -0.000005
  50.650       -0.000003
  50.700       -0.000001
  50.750        0.000000
  50.800        0.000002
  50.850        0.000004
  50.900        0.000005
  50.950        0.000007
  51.000        0.000009
  51.050        0.000010
  51.100        0.000012
  51.150        0.000014
  51.200        0.000015
  51.250        0.000017
  51.300        0.000019
  51.350        0.000020
  51.400        0.000022
  51.450        0.000024
  51.500        0.000025
  51.550        0.000027
  51.600        0.000029
  51.650        0.000030
  51.700        0.000032
  51.750        0.000034
  51.800        0.000035
  51.850        0.000037
  51.900        0.000039
  51.950        0.000040
  52.000        0.000042
  52.050        0.000044
  52.100        0.000045
  52.150        0.000047
  52.200        0.000049
  52.250        0.000050
  52.300        0.000052
  52.350        0.000053
  52.400        0.000055
  52.450        0.000056
  52.500        0.000058
  52.550        0.000059
  52.600        0.000061
  52.650        0.000063
  52.700        0.000064
  52.750        0.000065
  52.800        0.000067
  52.850        0.000068
  52.900        0.000070
  52.950        0.000071
  53.000        0.000073
  53.050        0.000074
  53.100        0.000075
  53.150        0.000077
  53.200        0.000078
  53.250        0.000079
  53.300        0.000081
  53.350        0.000082
  53.400        0.000083
  53.450        0.000085
  53.500        0.000086
  53.550        0.000087
  53.600        0.000088
  53.650        0.000089
  53.700        0.000090
  53.750        0.000092
  53.800        0.000093
  53.850        0.000094
  53.900        0.000095
  53.950        0.000096
  54.000        0.000097
  54.050        0.000098
  54.100        0.000099
  54.150        0.000100
  54.200        0.000101
  54.250        0.000102
  54.300        0.000103
  54.350        0.000103
  54.400        0.000104
  54.450        0.000105
  54.500        0.000106
  54.550        0.000107
  54.600        0.000107
  54.650        0.000108
  54.700        0.000109
  54.750        0.000109
  54.800        0.000110
  54.850        0.000111
  54.900        0.000111
  54.950        0.000112
  55.000        0.000112
  55.050        0.000113
  55.100        0.000113
  55.150        0.000114
  55.200        0.000114
  55.250        0.000115
  55.300        0.000115
  55.350        0.000115
  55.400        0.000116
  55.450        0.000116
  55.500        0.000116
  55.550        0.000117
  55.600        0.000117
  55.650        0.000117
  55.700        0.000117
  55.750        0.000117
  55.800        0.000117
  55.850        0.000118
  55.900        0.000118
  55.950        0.000118
  56.000        0.000118
  56.050        0.000118
  56.100        0.000118
  56.150        0.000118
  56.200        0.000118
  56.250        0.000117
  56.300        0.000117
  56.350        0.000117
  56.400        0.000117
  56.450        0.000117
  56.500        0.000117
  56.550        0.000116
  56.600        0.000116
  56.650        0.000116
  56.700        0.000116
  56.750        0.000115
  56.800        0.000115
  56.850        0.000114
  56.900        0.000114
  56.950        0.000114
  57.000        0.000113
  57.050        0.000113
  57.100        0.000112
  57.150        0.000112
  57.200        0.000111
  57.250        0.000111
  57.300        0.000110
  57.350        0.000109
  57.400        0.000109
  57.450        0.000108
  57.500        0.000108
  57.550        0.000107
  57.600        0.000106
  57.650        0.000105
  57.700        0.000105
  57.750        0.000104
  57.800        0.000103
  57.850        0.000102
  57.900        0.000102
  57.950        0.000101
  58.000        0.000100
  58.050        0.000099
  58.100        0.000098
  58.150        0.000097
  58.200        0.000096
  58.250        0.000095
  58.300        0.000095
  58.350        0.000094
  58.400        0.000093
  58.450        0.000092
  58.500        0.000091
  58.550        0.000090
  58.600        0.000089
  58.650        0.000087
  58.700        0.000086
  58.750        0.000085
  58.800        0.000084
  58.850        0.000083
  58.900        0.000082
  58.950        0.000081
  59.000        0.000080
  59.050        0.000079
  59.100        0.000077
  59.150        0.000076
  59.200        0.000075
  59.250        0.000074
  59.300        0.000073
  59.350        0.000071
  59.400        0.000070
  59.450        0.000069
  59.500        0.000068
  59.550        0.000067
  59.600        0.000065
  59.650        0.000064
  59.700        0.000063
  59.750        0.000061
  59.800        0.000060
  59.850        0.000059
  59.900        0.000058
  59.950        0.000056
 & 
#  1 Channels, Eigenvalue: 1 Energy:   0.1702
# J:2.00 parity: 1
 #  channel core Jc (l sn) jn
#  1 : 1 0.0 2 0.0 2.0
#  1200 points
   0.000        0.000000
   0.050        0.000002
   0.100        0.000017
   0.150        0.000055
   0.200        0.000125
   0.250        0.000230
   0.300        0.000371
   0.350        0.000544
   0.400        0.000738
   0.450        0.000941
   0.500        0.001139
   0.550        0.001315
   0.600        0.001456
   0.650        0.001546
   0.700        0.001576
   0.750        0.001540
   0.800        0.001435
   0.850        0.001263
   0.900        0.001030
   0.950        0.000749
   1.000        0.000430
   1.050        0.000091
   1.100       -0.000253
   1.150       -0.000585
   1.200       -0.000890
   1.250       -0.001153
   1.300       -0.001364
   1.350       -0.001514
   1.400       -0.001598
   1.450       -0.001613
   1.500       -0.001560
   1.550       -0.001443
   1.600       -0.001267
   1.650       -0.001042
   1.700       -0.000776
   1.750       -0.000481
   1.800       -0.000167
   1.850        0.000154
   1.900        0.000471
   1.950        0.000773
   2.000        0.001052
   2.050        0.001300
   2.100        0.001509
   2.150        0.001675
   2.200        0.001794
   2.250        0.001865
   2.300        0.001886
   2.350        0.001858
   2.400        0.001784
   2.450        0.001667
   2.500        0.001509
   2.550        0.001317
   2.600        0.001096
   2.650        0.000851
   2.700        0.000588
   2.750        0.000314
   2.800        0.000034
   2.850       -0.000245
   2.900       -0.000519
   2.950       -0.000781
   3.000       -0.001028
   3.050       -0.001254
   3.100       -0.001457
   3.150       -0.001632
   3.200       -0.001779
   3.250       -0.001894
   3.300       -0.001976
   3.350       -0.002024
   3.400       -0.002040
   3.450       -0.002021
   3.500       -0.001971
   3.550       -0.001889
   3.600       -0.001777
   3.650       -0.001638
   3.700       -0.001474
   3.750       -0.001287
   3.800       -0.001080
   3.850       -0.000856
   3.900       -0.000617
   3.950       -0.000368
   4.000       -0.000111
   4.050        0.000151
   4.100        0.000415
   4.150        0.000677
   4.200        0.000936
   4.250        0.001188
   4.300        0.001430
   4.350        0.001662
   4.400        0.001879
   4.450        0.002081
   4.500        0.002265
   4.550        0.002431
   4.600        0.002576
   4.650        0.002701
   4.700        0.002803
   4.750        0.002883
   4.800        0.002940
   4.850        0.002975
   4.900        0.002986
   4.950        0.002975
   5.000        0.002942
   5.050        0.002888
   5.100        0.002812
   5.150        0.002718
   5.200        0.002605
   5.250        0.002474
   5.300        0.002328
   5.350        0.002167
   5.400        0.001994
   5.450        0.001809
   5.500        0.001614
   5.550        0.001412
   5.600        0.001203
   5.650        0.000989
   5.700        0.000772
   5.750        0.000554
   5.800        0.000337
   5.850        0.000121
   5.900       -0.000091
   5.950       -0.000298
   6.000       -0.000499
   6.050       -0.000691
   6.100       -0.000875
   6.150       -0.001048
   6.200       -0.001209
   6.250       -0.001358
   6.300       -0.001494
   6.350       -0.001615
   6.400       -0.001721
   6.450       -0.001812
   6.500       -0.001886
   6.550       -0.001944
   6.600       -0.001984
   6.650       -0.002008
   6.700       -0.002014
   6.750       -0.002003
   6.800       -0.001974
   6.850       -0.001928
   6.900       -0.001866
   6.950       -0.001787
   7.000       -0.001692
   7.050       -0.001582
   7.100       -0.001456
   7.150       -0.001316
   7.200       -0.001163
   7.250       -0.000996
   7.300       -0.000817
   7.350       -0.000627
   7.400       -0.000427
   7.450       -0.000217
   7.500        0.000001
   7.550        0.000227
   7.600        0.000460
   7.650        0.000698
   7.700        0.000940
   7.750        0.001186
   7.800        0.001434
   7.850        0.001684
   7.900        0.001935
   7.950        0.002184
   8.000        0.002433
   8.050        0.002678
   8.100        0.002921
   8.150        0.003159
   8.200        0.003391
   8.250        0.003618
   8.300        0.003839
   8.350        0.004051
   8.400        0.004256
   8.450        0.004451
   8.500        0.004637
   8.550        0.004813
   8.600        0.004979
   8.650        0.005133
   8.700        0.005276
   8.750        0.005408
   8.800        0.005527
   8.850        0.005634
   8.900        0.005728
   8.950        0.005810
   9.000        0.005879
   9.050        0.005935
   9.100        0.005978
   9.150        0.006009
   9.200        0.006027
   9.250        0.006033
   9.300        0.006026
   9.350        0.006008
   9.400        0.005977
   9.450        0.005935
   9.500        0.005882
   9.550        0.005819
   9.600        0.005745
   9.650        0.005662
   9.700        0.005569
   9.750        0.005468
   9.800        0.005358
   9.850        0.005241
   9.900        0.005117
   9.950        0.004986
  10.000        0.004850
  10.050        0.004708
  10.100        0.004562
  10.150        0.004412
  10.200        0.004259
  10.250        0.004104
  10.300        0.003947
  10.350        0.003789
  10.400        0.003630
  10.450        0.003471
  10.500        0.003314
  10.550        0.003158
  10.600        0.003004
  10.650        0.002853
  10.700        0.002705
  10.750        0.002562
  10.800        0.002423
  10.850        0.002289
  10.900        0.002161
  10.950        0.002040
  11.000        0.001925
  11.050        0.001817
  11.100        0.001717
  11.150        0.001626
  11.200        0.001542
  11.250        0.001468
  11.300        0.001403
  11.350        0.001348
  11.400        0.001303
  11.450        0.001267
  11.500        0.001243
  11.550        0.001229
  11.600        0.001225
  11.650        0.001233
  11.700        0.001251
  11.750        0.001281
  11.800        0.001322
  11.850        0.001374
  11.900        0.001438
  11.950        0.001512
  12.000        0.001598
  12.050        0.001695
  12.100        0.001803
  12.150        0.001922
  12.200        0.002051
  12.250        0.002191
  12.300        0.002341
  12.350        0.002501
  12.400        0.002671
  12.450        0.002850
  12.500        0.003039
  12.550        0.003236
  12.600        0.003442
  12.650        0.003657
  12.700        0.003879
  12.750        0.004108
  12.800        0.004345
  12.850        0.004588
  12.900        0.004838
  12.950        0.005093
  13.000        0.005354
  13.050        0.005620
  13.100        0.005890
  13.150        0.006164
  13.200        0.006442
  13.250        0.006723
  13.300        0.007006
  13.350        0.007292
  13.400        0.007579
  13.450        0.007868
  13.500        0.008157
  13.550        0.008447
  13.600        0.008737
  13.650        0.009026
  13.700        0.009313
  13.750        0.009600
  13.800        0.009884
  13.850        0.010167
  13.900        0.010446
  13.950        0.010722
  14.000        0.010995
  14.050        0.011264
  14.100        0.011528
  14.150        0.011788
  14.200        0.012043
  14.250        0.012293
  14.300        0.012537
  14.350        0.012775
  14.400        0.013006
  14.450        0.013232
  14.500        0.013450
  14.550        0.013662
  14.600        0.013866
  14.650        0.014063
  14.700        0.014253
  14.750        0.014435
  14.800        0.014609
  14.850        0.014775
  14.900        0.014933
  14.950        0.015083
  15.000        0.015224
  15.050        0.015357
  15.100        0.015482
  15.150        0.015599
  15.200        0.015707
  15.250        0.015807
  15.300        0.015898
  15.350        0.015981
  15.400        0.016056
  15.450        0.016123
  15.500        0.016182
  15.550        0.016233
  15.600        0.016276
  15.650        0.016311
  15.700        0.016339
  15.750        0.016360
  15.800        0.016373
  15.850        0.016380
  15.900        0.016379
  15.950        0.016373
  16.000        0.016360
  16.050        0.016341
  16.100        0.016316
  16.150        0.016286
  16.200        0.016250
  16.250        0.016210
  16.300        0.016165
  16.350        0.016115
  16.400        0.016061
  16.450        0.016004
  16.500        0.015943
  16.550        0.015879
  16.600        0.015813
  16.650        0.015744
  16.700        0.015672
  16.750        0.015599
  16.800        0.015525
  16.850        0.015449
  16.900        0.015373
  16.950        0.015296
  17.000        0.015219
  17.050        0.015142
  17.100        0.015066
  17.150        0.014991
  17.200        0.014917
  17.250        0.014845
  17.300        0.014774
  17.350        0.014706
  17.400        0.014641
  17.450        0.014578
  17.500        0.014518
  17.550        0.014462
  17.600        0.014410
  17.650        0.014361
  17.700        0.014317
  17.750        0.014278
  17.800        0.014244
  17.850        0.014214
  17.900        0.014190
  17.950        0.014172
  18.000        0.014160
  18.050        0.014153
  18.100        0.014153
  18.150        0.014160
  18.200        0.014173
  18.250        0.014193
  18.300        0.014220
  18.350        0.014255
  18.400        0.014297
  18.450        0.014346
  18.500        0.014403
  18.550        0.014468
  18.600        0.014540
  18.650        0.014621
  18.700        0.014710
  18.750        0.014807
  18.800        0.014912
  18.850        0.015025
  18.900        0.015146
  18.950        0.015276
  19.000        0.015415
  19.050        0.015561
  19.100        0.015716
  19.150        0.015880
  19.200        0.016051
  19.250        0.016231
  19.300        0.016419
  19.350        0.016616
  19.400        0.016820
  19.450        0.017032
  19.500        0.017253
  19.550        0.017481
  19.600        0.017717
  19.650        0.017961
  19.700        0.018212
  19.750        0.018470
  19.800        0.018736
  19.850        0.019009
  19.900        0.019289
  19.950        0.019575
  20.000        0.019869
  20.050        0.020168
  20.100        0.020474
  20.150        0.020786
  20.200        0.021104
  20.250        0.021427
  20.300        0.021756
  20.350        0.022090
  20.400        0.022429
  20.450        0.022773
  20.500        0.023121
  20.550        0.023474
  20.600        0.023830
  20.650        0.024191
  20.700        0.024555
  20.750        0.024923
  20.800        0.025293
  20.850        0.025667
  20.900        0.026043
  20.950        0.026422
  21.000        0.026802
  21.050        0.027185
  21.100        0.027569
  21.150        0.027954
  21.200        0.028341
  21.250        0.028729
  21.300        0.029117
  21.350        0.029505
  21.400        0.029894
  21.450        0.030282
  21.500        0.030670
  21.550        0.031057
  21.600        0.031444
  21.650        0.031829
  21.700        0.032213
  21.750        0.032596
  21.800        0.032977
  21.850        0.033355
  21.900        0.033732
  21.950        0.034106
  22.000        0.034477
  22.050        0.034846
  22.100        0.035211
  22.150        0.035573
  22.200        0.035932
  22.250        0.036287
  22.300        0.036638
  22.350        0.036986
  22.400        0.037329
  22.450        0.037668
  22.500        0.038002
  22.550        0.038332
  22.600        0.038657
  22.650        0.038977
  22.700        0.039292
  22.750        0.039602
  22.800        0.039907
  22.850        0.040206
  22.900        0.040500
  22.950        0.040788
  23.000        0.041071
  23.050        0.041348
  23.100        0.041619
  23.150        0.041885
  23.200        0.042144
  23.250        0.042398
  23.300        0.042645
  23.350        0.042886
  23.400        0.043122
  23.450        0.043351
  23.500        0.043574
  23.550        0.043791
  23.600        0.044002
  23.650        0.044207
  23.700        0.044405
  23.750        0.044598
  23.800        0.044784
  23.850        0.044965
  23.900        0.045139
  23.950        0.045308
  24.000        0.045471
  24.050        0.045628
  24.100        0.045779
  24.150        0.045924
  24.200        0.046064
  24.250        0.046198
  24.300        0.046327
  24.350        0.046451
  24.400        0.046569
  24.450        0.046682
  24.500        0.046791
  24.550        0.046894
  24.600        0.046992
  24.650        0.047086
  24.700        0.047176
  24.750        0.047261
  24.800        0.047342
  24.850        0.047418
  24.900        0.047491
  24.950        0.047560
  25.000        0.047625
  25.050        0.047687
  25.100        0.047745
  25.150        0.047801
  25.200        0.047853
  25.250        0.047902
  25.300        0.047949
  25.350        0.047994
  25.400        0.048036
  25.450        0.048076
  25.500        0.048114
  25.550        0.048150
  25.600        0.048185
  25.650        0.048218
  25.700        0.048251
  25.750        0.048282
  25.800        0.048312
  25.850        0.048342
  25.900        0.048371
  25.950        0.048400
  26.000        0.048430
  26.050        0.048459
  26.100        0.048488
  26.150        0.048518
  26.200        0.048549
  26.250        0.048581
  26.300        0.048613
  26.350        0.048647
  26.400        0.048683
  26.450        0.048720
  26.500        0.048759
  26.550        0.048800
  26.600        0.048843
  26.650        0.048888
  26.700        0.048936
  26.750        0.048987
  26.800        0.049040
  26.850        0.049097
  26.900        0.049156
  26.950        0.049220
  27.000        0.049286
  27.050        0.049356
  27.100        0.049430
  27.150        0.049508
  27.200        0.049591
  27.250        0.049677
  27.300        0.049768
  27.350        0.049863
  27.400        0.049963
  27.450        0.050068
  27.500        0.050177
  27.550        0.050292
  27.600        0.050412
  27.650        0.050537
  27.700        0.050667
  27.750        0.050803
  27.800        0.050944
  27.850        0.051091
  27.900        0.051244
  27.950        0.051402
  28.000        0.051567
  28.050        0.051737
  28.100        0.051914
  28.150        0.052096
  28.200        0.052285
  28.250        0.052480
  28.300        0.052681
  28.350        0.052889
  28.400        0.053103
  28.450        0.053323
  28.500        0.053550
  28.550        0.053783
  28.600        0.054023
  28.650        0.054269
  28.700        0.054522
  28.750        0.054781
  28.800        0.055047
  28.850        0.055320
  28.900        0.055599
  28.950        0.055884
  29.000        0.056176
  29.050        0.056475
  29.100        0.056779
  29.150        0.057091
  29.200        0.057409
  29.250        0.057733
  29.300        0.058063
  29.350        0.058400
  29.400        0.058743
  29.450        0.059093
  29.500        0.059448
  29.550        0.059810
  29.600        0.060177
  29.650        0.060551
  29.700        0.060930
  29.750        0.061315
  29.800        0.061706
  29.850        0.062103
  29.900        0.062505
  29.950        0.062913
  30.000        0.063326
  30.050        0.063744
  30.100        0.064167
  30.150        0.064596
  30.200        0.065029
  30.250        0.065468
  30.300        0.065911
  30.350        0.066359
  30.400        0.066811
  30.450        0.067268
  30.500        0.067729
  30.550        0.068194
  30.600        0.068663
  30.650        0.069136
  30.700        0.069613
  30.750        0.070094
  30.800        0.070578
  30.850        0.071066
  30.900        0.071556
  30.950        0.072050
  31.000        0.072547
  31.050        0.073047
  31.100        0.073549
  31.150        0.074054
  31.200        0.074561
  31.250        0.075071
  31.300        0.075583
  31.350        0.076096
  31.400        0.076612
  31.450        0.077129
  31.500        0.077648
  31.550        0.078168
  31.600        0.078689
  31.650        0.079211
  31.700        0.079735
  31.750        0.080259
  31.800        0.080784
  31.850        0.081309
  31.900        0.081834
  31.950        0.082360
  32.000        0.082886
  32.050        0.083411
  32.100        0.083937
  32.150        0.084462
  32.200        0.084986
  32.250        0.085510
  32.300        0.086033
  32.350        0.086555
  32.400        0.087076
  32.450        0.087596
  32.500        0.088114
  32.550        0.088631
  32.600        0.089146
  32.650        0.089659
  32.700        0.090170
  32.750        0.090680
  32.800        0.091187
  32.850        0.091692
  32.900        0.092194
  32.950        0.092694
  33.000        0.093191
  33.050        0.093686
  33.100        0.094177
  33.150        0.094666
  33.200        0.095151
  33.250        0.095633
  33.300        0.096112
  33.350        0.096588
  33.400        0.097059
  33.450        0.097528
  33.500        0.097992
  33.550        0.098453
  33.600        0.098909
  33.650        0.099362
  33.700        0.099810
  33.750        0.100255
  33.800        0.100695
  33.850        0.101131
  33.900        0.101562
  33.950        0.101989
  34.000        0.102411
  34.050        0.102829
  34.100        0.103242
  34.150        0.103650
  34.200        0.104053
  34.250        0.104452
  34.300        0.104846
  34.350        0.105234
  34.400        0.105618
  34.450        0.105997
  34.500        0.106370
  34.550        0.106738
  34.600        0.107102
  34.650        0.107460
  34.700        0.107812
  34.750        0.108160
  34.800        0.108502
  34.850        0.108839
  34.900        0.109171
  34.950        0.109497
  35.000        0.109818
  35.050        0.110134
  35.100        0.110445
  35.150        0.110750
  35.200        0.111049
  35.250        0.111344
  35.300        0.111633
  35.350        0.111917
  35.400        0.112195
  35.450        0.112468
  35.500        0.112736
  35.550        0.112999
  35.600        0.113257
  35.650        0.113509
  35.700        0.113756
  35.750        0.113998
  35.800        0.114235
  35.850        0.114467
  35.900        0.114694
  35.950        0.114916
  36.000        0.115133
  36.050        0.115345
  36.100        0.115552
  36.150        0.115755
  36.200        0.115953
  36.250        0.116146
  36.300        0.116335
  36.350        0.116519
  36.400        0.116698
  36.450        0.116874
  36.500        0.117045
  36.550        0.117211
  36.600        0.117374
  36.650        0.117532
  36.700        0.117686
  36.750        0.117837
  36.800        0.117983
  36.850        0.118126
  36.900        0.118265
  36.950        0.118400
  37.000        0.118532
  37.050        0.118660
  37.100        0.118785
  37.150        0.118907
  37.200        0.119025
  37.250        0.119141
  37.300        0.119253
  37.350        0.119363
  37.400        0.119469
  37.450        0.119573
  37.500        0.119675
  37.550        0.119774
  37.600        0.119870
  37.650        0.119964
  37.700        0.120056
  37.750        0.120146
  37.800        0.120234
  37.850        0.120320
  37.900        0.120405
  37.950        0.120487
  38.000        0.120568
  38.050        0.120648
  38.100        0.120726
  38.150        0.120803
  38.200        0.120879
  38.250        0.120954
  38.300        0.121028
  38.350        0.121101
  38.400        0.121174
  38.450        0.121246
  38.500        0.121317
  38.550        0.121389
  38.600        0.121459
  38.650        0.121530
  38.700        0.121601
  38.750        0.121672
  38.800        0.121743
  38.850        0.121814
  38.900        0.121886
  38.950        0.121958
  39.000        0.122031
  39.050        0.122104
  39.100        0.122179
  39.150        0.122254
  39.200        0.122331
  39.250        0.122408
  39.300        0.122487
  39.350        0.122567
  39.400        0.122649
  39.450        0.122732
  39.500        0.122817
  39.550        0.122904
  39.600        0.122992
  39.650        0.123083
  39.700        0.123175
  39.750        0.123270
  39.800        0.123367
  39.850        0.123466
  39.900        0.123568
  39.950        0.123672
  40.000        0.123779
  40.050        0.123889
  40.100        0.124001
  40.150        0.124116
  40.200        0.124235
  40.250        0.124356
  40.300        0.124480
  40.350        0.124608
  40.400        0.124739
  40.450        0.124873
  40.500        0.125011
  40.550        0.125152
  40.600        0.125297
  40.650        0.125446
  40.700        0.125598
  40.750        0.125754
  40.800        0.125914
  40.850        0.126078
  40.900        0.126245
  40.950        0.126417
  41.000        0.126593
  41.050        0.126773
  41.100        0.126958
  41.150        0.127146
  41.200        0.127339
  41.250        0.127537
  41.300        0.127739
  41.350        0.127945
  41.400        0.128156
  41.450        0.128371
  41.500        0.128591
  41.550        0.128816
  41.600        0.129045
  41.650        0.129279
  41.700        0.129518
  41.750        0.129762
  41.800        0.130011
  41.850        0.130264
  41.900        0.130522
  41.950        0.130785
  42.000        0.131053
  42.050        0.131326
  42.100        0.131604
  42.150        0.131887
  42.200        0.132175
  42.250        0.132468
  42.300        0.132766
  42.350        0.133069
  42.400        0.133377
  42.450        0.133690
  42.500        0.134009
  42.550        0.134332
  42.600        0.134660
  42.650        0.134994
  42.700        0.135332
  42.750        0.135676
  42.800        0.136024
  42.850        0.136378
  42.900        0.136736
  42.950        0.137100
  43.000        0.137468
  43.050        0.137842
  43.100        0.138220
  43.150        0.138604
  43.200        0.138992
  43.250        0.139386
  43.300        0.139784
  43.350        0.140187
  43.400        0.140595
  43.450        0.141007
  43.500        0.141425
  43.550        0.141847
  43.600        0.142273
  43.650        0.142705
  43.700        0.143141
  43.750        0.143582
  43.800        0.144027
  43.850        0.144477
  43.900        0.144931
  43.950        0.145389
  44.000        0.145852
  44.050        0.146319
  44.100        0.146791
  44.150        0.147267
  44.200        0.147747
  44.250        0.148230
  44.300        0.148719
  44.350        0.149211
  44.400        0.149707
  44.450        0.150206
  44.500        0.150710
  44.550        0.151217
  44.600        0.151729
  44.650        0.152243
  44.700        0.152762
  44.750        0.153284
  44.800        0.153809
  44.850        0.154337
  44.900        0.154869
  44.950        0.155405
  45.000        0.155943
  45.050        0.156484
  45.100        0.157029
  45.150        0.157576
  45.200        0.158126
  45.250        0.158679
  45.300        0.159235
  45.350        0.159793
  45.400        0.160354
  45.450        0.160917
  45.500        0.161483
  45.550        0.162051
  45.600        0.162622
  45.650        0.163194
  45.700        0.163768
  45.750        0.164345
  45.800        0.164923
  45.850        0.165504
  45.900        0.166085
  45.950        0.166669
  46.000        0.167254
  46.050        0.167841
  46.100        0.168429
  46.150        0.169018
  46.200        0.169609
  46.250        0.170200
  46.300        0.170793
  46.350        0.171386
  46.400        0.171981
  46.450        0.172576
  46.500        0.173172
  46.550        0.173768
  46.600        0.174365
  46.650        0.174963
  46.700        0.175560
  46.750        0.176158
  46.800        0.176756
  46.850        0.177354
  46.900        0.177952
  46.950        0.178550
  47.000        0.179148
  47.050        0.179745
  47.100        0.180342
  47.150        0.180938
  47.200        0.181534
  47.250        0.182129
  47.300        0.182723
  47.350        0.183317
  47.400        0.183909
  47.450        0.184500
  47.500        0.185091
  47.550        0.185680
  47.600        0.186267
  47.650        0.186854
  47.700        0.187438
  47.750        0.188022
  47.800        0.188603
  47.850        0.189183
  47.900        0.189761
  47.950        0.190337
  48.000        0.190910
  48.050        0.191482
  48.100        0.192052
  48.150        0.192619
  48.200        0.193184
  48.250        0.193746
  48.300        0.194306
  48.350        0.194863
  48.400        0.195418
  48.450        0.195970
  48.500        0.196518
  48.550        0.197064
  48.600        0.197607
  48.650        0.198147
  48.700        0.198683
  48.750        0.199216
  48.800        0.199746
  48.850        0.200273
  48.900        0.200796
  48.950        0.201315
  49.000        0.201831
  49.050        0.202342
  49.100        0.202850
  49.150        0.203355
  49.200        0.203855
  49.250        0.204351
  49.300        0.204843
  49.350        0.205331
  49.400        0.205814
  49.450        0.206294
  49.500        0.206768
  49.550        0.207239
  49.600        0.207705
  49.650        0.208166
  49.700        0.208623
  49.750        0.209075
  49.800        0.209522
  49.850        0.209964
  49.900        0.210401
  49.950        0.210834
  50.000        0.211261
  50.050        0.211683
  50.100        0.212100
  50.150        0.212512
  50.200        0.212919
  50.250        0.213320
  50.300        0.213716
  50.350        0.214107
  50.400        0.214492
  50.450        0.214872
  50.500        0.215245
  50.550        0.215614
  50.600        0.215976
  50.650        0.216333
  50.700        0.216685
  50.750        0.217030
  50.800        0.217369
  50.850        0.217703
  50.900        0.218031
  50.950        0.218352
  51.000        0.218668
  51.050        0.218977
  51.100        0.219281
  51.150        0.219578
  51.200        0.219869
  51.250        0.220154
  51.300        0.220433
  51.350        0.220705
  51.400        0.220971
  51.450        0.221231
  51.500        0.221484
  51.550        0.221731
  51.600        0.221972
  51.650        0.222206
  51.700        0.222433
  51.750        0.222654
  51.800        0.222868
  51.850        0.223076
  51.900        0.223277
  51.950        0.223472
  52.000        0.223660
  52.050        0.223841
  52.100        0.224016
  52.150        0.224184
  52.200        0.224345
  52.250        0.224500
  52.300        0.224648
  52.350        0.224789
  52.400        0.224923
  52.450        0.225051
  52.500        0.225171
  52.550        0.225285
  52.600        0.225392
  52.650        0.225493
  52.700        0.225586
  52.750        0.225673
  52.800        0.225752
  52.850        0.225825
  52.900        0.225891
  52.950        0.225951
  53.000        0.226003
  53.050        0.226049
  53.100        0.226087
  53.150        0.226119
  53.200        0.226144
  53.250        0.226162
  53.300        0.226174
  53.350        0.226178
  53.400        0.226176
  53.450        0.226166
  53.500        0.226150
  53.550        0.226128
  53.600        0.226098
  53.650        0.226061
  53.700        0.226018
  53.750        0.225968
  53.800        0.225911
  53.850        0.225848
  53.900        0.225778
  53.950        0.225700
  54.000        0.225617
  54.050        0.225526
  54.100        0.225429
  54.150        0.225326
  54.200        0.225215
  54.250        0.225098
  54.300        0.224974
  54.350        0.224844
  54.400        0.224707
  54.450        0.224564
  54.500        0.224414
  54.550        0.224258
  54.600        0.224095
  54.650        0.223926
  54.700        0.223750
  54.750        0.223568
  54.800        0.223379
  54.850        0.223184
  54.900        0.222983
  54.950        0.222776
  55.000        0.222562
  55.050        0.222342
  55.100        0.222116
  55.150        0.221883
  55.200        0.221645
  55.250        0.221400
  55.300        0.221149
  55.350        0.220893
  55.400        0.220630
  55.450        0.220361
  55.500        0.220086
  55.550        0.219806
  55.600        0.219519
  55.650        0.219227
  55.700        0.218928
  55.750        0.218624
  55.800        0.218315
  55.850        0.217999
  55.900        0.217678
  55.950        0.217351
  56.000        0.217019
  56.050        0.216681
  56.100        0.216337
  56.150        0.215989
  56.200        0.215634
  56.250        0.215274
  56.300        0.214909
  56.350        0.214539
  56.400        0.214163
  56.450        0.213782
  56.500        0.213396
  56.550        0.213005
  56.600        0.212609
  56.650        0.212207
  56.700        0.211801
  56.750        0.211389
  56.800        0.210973
  56.850        0.210552
  56.900        0.210126
  56.950        0.209695
  57.000        0.209259
  57.050        0.208819
  57.100        0.208374
  57.150        0.207925
  57.200        0.207470
  57.250        0.207012
  57.300        0.206549
  57.350        0.206081
  57.400        0.205609
  57.450        0.205133
  57.500        0.204652
  57.550        0.204167
  57.600        0.203678
  57.650        0.203185
  57.700        0.202688
  57.750        0.202187
  57.800        0.201681
  57.850        0.201172
  57.900        0.200659
  57.950        0.200142
  58.000        0.199621
  58.050        0.199096
  58.100        0.198568
  58.150        0.198036
  58.200        0.197500
  58.250        0.196961
  58.300        0.196418
  58.350        0.195872
  58.400        0.195322
  58.450        0.194769
  58.500        0.194213
  58.550        0.193653
  58.600        0.193090
  58.650        0.192524
  58.700        0.191955
  58.750        0.191383
  58.800        0.190807
  58.850        0.190229
  58.900        0.189648
  58.950        0.189063
  59.000        0.188476
  59.050        0.187887
  59.100        0.187294
  59.150        0.186699
  59.200        0.186101
  59.250        0.185500
  59.300        0.184897
  59.350        0.184292
  59.400        0.183684
  59.450        0.183073
  59.500        0.182461
  59.550        0.181845
  59.600        0.181228
  59.650        0.180608
  59.700        0.179987
  59.750        0.179363
  59.800        0.178737
  59.850        0.178109
  59.900        0.177479
  59.950        0.176847
 & 
