 # Cross sections for state #  1 Ex= -2.217 MeV J/pi=  0.0+
    0.100     1.0002        0.29315E+12
    0.600     1.0066        0.22764E+09
    1.100    0.95725        0.19163E+08
    1.600    0.85732        0.38344E+07
    2.100    0.73996        0.11153E+07
    2.600    0.63603        0.40805E+06
    3.100    0.56782        0.18028E+06
    3.600    0.54777         95644.    
    4.100    0.57879         60081.    
    4.600    0.65536         42943.    
    5.100    0.76525         33195.    
    5.600    0.89169         26615.    
    6.100     1.0158         21542.    
    6.600     1.1191         17323.    
    7.100     1.1856         13709.    
    7.600     1.2041         10608.    
    8.100     1.1690         7985.6    
    8.600     1.0815         5816.1    
    9.100    0.94868         4071.5    
    9.600    0.78326         2715.4    
   10.100    0.60167         1703.3    
   10.600    0.42222         985.77    
   11.100    0.26301         510.96    
   11.600    0.13986         227.93    
   12.100    0.64512E-01     88.861    
   12.600    0.43456E-01     50.938    
   13.100    0.77224E-01     77.524    
   13.600    0.16046         138.76    
   14.100    0.28261         211.68    
   14.600    0.42914         279.81    
   15.100    0.58319         332.59    
   15.600    0.72745         364.46    
   16.100    0.84595         373.89    
   16.600    0.92581         362.37    
   17.100    0.95847         333.44    
   17.600    0.94054         291.84    
   18.100    0.87407         242.68    
   18.600    0.76625         190.96    
   19.100    0.62861         141.02    
   19.600    0.47580         96.351    
   20.100    0.32410         59.401    
   20.600    0.18985         31.572    
   21.100    0.87859E-01     13.288    
   21.600    0.30041E-01     4.1417    
   22.100    0.24371E-01     3.0695    
   22.600    0.74218E-01     8.5572    
   23.100    0.17812         18.838    
   23.600    0.33000         32.074    
   24.100    0.51982         46.514    
   24.600    0.73447         60.614    
   25.100    0.95903         73.119    
   25.600     1.1780         83.110    
   26.100     1.3768         90.020    
   26.600     1.5426         93.615    
   27.100     1.6658         93.959    
   27.600     1.7401         91.356    
   28.100     1.7635         86.294    
   28.600     1.7381         79.373    
   29.100     1.6697         71.244    
   29.600     1.5670         62.554    
   30.100     1.4416         53.898    
   30.600     1.3059         45.784    
   31.100     1.1732         38.610    
   31.600     1.0559         32.652    
   32.100    0.96472         28.063    
   32.600    0.90838         24.881    
   33.100    0.89258         23.043    
   33.600    0.91985         22.403    
   34.100    0.98950         22.756    
   34.600     1.0978         23.859    
   35.100     1.2382         25.456    
   35.600     1.4022         27.292    
   36.100     1.5799         29.135    
   36.600     1.7606         30.785    
   37.100     1.9337         32.087    
   37.600     2.0895         32.927    
   38.100     2.2196         33.242    
   38.600     2.3177         33.011    
   39.100     2.3794         32.254    
   39.600     2.4029         31.021    
   40.100     2.3888         29.389    
   40.600     2.3397         27.449    
   41.100     2.2603         25.304    
   41.600     2.1567         23.053    
   42.100     2.0362         20.794    
   42.600     1.9065         18.611    
   43.100     1.7752         16.576    
   43.600     1.6496         14.741    
   44.100     1.5360         13.143    
   44.600     1.4394         11.801    
   45.100     1.3635         10.716    
   45.600     1.3103         9.8763    
   46.100     1.2803         9.2595    
   46.600     1.2723         8.8340    
   47.100     1.2840         8.5633    
   47.600     1.3119         8.4084    
   48.100     1.3519         8.3304    
   48.600     1.3992         8.2930    
   49.100     1.4489         8.2639    
   49.600     1.4963         8.2161    
   50.100     1.5372         8.1292    
   50.600     1.5678         7.9888    
   51.100     1.5854         7.7873    
   51.600     1.5882         7.5228    
   52.100     1.5752         7.1985    
   52.600     1.5467         6.8217    
   53.100     1.5037         6.4028    
   53.600     1.4477         5.9540    
   54.100     1.3812         5.4887    
   54.600     1.3069         5.0199    
   55.100     1.2278         4.5601    
   55.600     1.1470         4.1204    
   56.100     1.0672         3.7098    
   56.600    0.99132         3.3354    
   57.100    0.92142         3.0018    
   57.600    0.85932         2.7116    
   58.100    0.80620         2.4649    
   58.600    0.76268         2.2601    
   59.100    0.72881         2.0939    
   59.600    0.70414         1.9620    
   60.100    0.68775         1.8591    
   60.600    0.67840         1.7796    
   61.100    0.67460         1.7178    
   61.600    0.67470         1.6682    
   62.100    0.67705         1.6260    
   62.600    0.68000         1.5866    
   63.100    0.68208         1.5467    
   63.600    0.68198         1.5033    
   64.100    0.67868         1.4547    
   64.600    0.67141         1.3997    
   65.100    0.65975         1.3381    
   65.600    0.64356         1.2703    
   66.100    0.62300         1.1970    
   66.600    0.59848         1.1196    
   67.100    0.57061         1.0396    
   67.600    0.54016        0.95867    
   68.100    0.50797        0.87845    
   68.600    0.47494        0.80049    
   69.100    0.44195        0.72615    
   69.600    0.40982        0.65658    
   70.100    0.37928        0.59265    
   70.600    0.35096        0.53499    
   71.100    0.32535        0.48392    
   71.600    0.30276        0.43952    
   72.100    0.28339        0.40160    
   72.600    0.26724        0.36978    
   73.100    0.25418        0.34349    
   73.600    0.24396        0.32205    
   74.100    0.23623        0.30467    
   74.600    0.23055        0.29059    
   75.100    0.22647        0.27900    
   75.600    0.22351        0.26920    
   76.100    0.22120        0.26053    
   76.600    0.21912        0.25241    
   77.100    0.21689        0.24440    
   77.600    0.21416        0.23612    
   78.100    0.21069        0.22733    
   78.600    0.20629        0.21787    
   79.100    0.20086        0.20767    
   79.600    0.19436        0.19677    
   80.100    0.18685        0.18526    
   80.600    0.17843        0.17329    
   81.100    0.16927        0.16106    
   81.600    0.15955        0.14877    
   82.100    0.14950        0.13662    
   82.600    0.13933        0.12481    
   83.100    0.12925        0.11351    
   83.600    0.11946        0.10287    
   84.100    0.11012        0.93005E-01
   84.600    0.10139        0.83998E-01
   85.100    0.93386E-01    0.75904E-01
   85.600    0.86195E-01    0.68745E-01
   86.100    0.79869E-01    0.62516E-01
   86.600    0.74424E-01    0.57180E-01
   87.100    0.69838E-01    0.52676E-01
   87.600    0.66060E-01    0.48924E-01
   88.100    0.63011E-01    0.45828E-01
   88.600    0.60592E-01    0.43284E-01
   89.100    0.58696E-01    0.41190E-01
   89.600    0.57209E-01    0.39444E-01
   90.100    0.56021E-01    0.37955E-01
   90.600    0.55027E-01    0.36640E-01
   91.100    0.54128E-01    0.35427E-01
   91.600    0.53239E-01    0.34256E-01
   92.100    0.52282E-01    0.33077E-01
   92.600    0.51194E-01    0.31850E-01
   93.100    0.49927E-01    0.30550E-01
   93.600    0.48452E-01    0.29164E-01
   94.100    0.46758E-01    0.27688E-01
   94.600    0.44850E-01    0.26133E-01
   95.100    0.42752E-01    0.24514E-01
   95.600    0.40496E-01    0.22854E-01
   96.100    0.38123E-01    0.21179E-01
   96.600    0.35678E-01    0.19513E-01
   97.100    0.33205E-01    0.17881E-01
   97.600    0.30744E-01    0.16304E-01
   98.100    0.28336E-01    0.14800E-01
   98.600    0.26016E-01    0.13385E-01
   99.100    0.23818E-01    0.12073E-01
   99.600    0.21770E-01    0.10872E-01
  100.100    0.19895E-01    0.97907E-02
  100.600    0.18210E-01    0.88321E-02
  101.100    0.16724E-01    0.79954E-02
  101.600    0.15438E-01    0.72758E-02
  102.100    0.14345E-01    0.66653E-02
  102.600    0.13430E-01    0.61533E-02
  103.100    0.12677E-01    0.57279E-02
  103.600    0.12065E-01    0.53768E-02
  104.100    0.11574E-01    0.50880E-02
  104.600    0.11184E-01    0.48502E-02
  105.100    0.10874E-01    0.46528E-02
  105.600    0.10624E-01    0.44860E-02
  106.100    0.10415E-01    0.43401E-02
  106.600    0.10227E-01    0.42064E-02
  107.100    0.10041E-01    0.40769E-02
  107.600    0.98416E-02    0.39448E-02
  108.100    0.96153E-02    0.38054E-02
  108.600    0.93540E-02    0.36556E-02
  109.100    0.90539E-02    0.34945E-02
  109.600    0.87153E-02    0.33224E-02
  110.100    0.83412E-02    0.31411E-02
  110.600    0.79365E-02    0.29526E-02
  111.100    0.75068E-02    0.27593E-02
  111.600    0.70576E-02    0.25635E-02
  112.100    0.65946E-02    0.23672E-02
  112.600    0.61240E-02    0.21727E-02
  113.100    0.56522E-02    0.19823E-02
  113.600    0.51866E-02    0.17982E-02
  114.100    0.47346E-02    0.16229E-02
  114.600    0.43034E-02    0.14586E-02
  115.100    0.38993E-02    0.13070E-02
  115.600    0.35267E-02    0.11691E-02
  116.100    0.31883E-02    0.10454E-02
  116.600    0.28848E-02    0.93575E-03
  117.100    0.26158E-02    0.83944E-03
  117.600    0.23801E-02    0.75573E-03
  118.100    0.21764E-02    0.68382E-03
  118.600    0.20034E-02    0.62294E-03
  119.100    0.18599E-02    0.57237E-03
  119.600    0.17442E-02    0.53132E-03
  120.100    0.16540E-02    0.49877E-03
  120.600    0.15860E-02    0.47351E-03
  121.100    0.15361E-02    0.45410E-03
  121.600    0.14998E-02    0.43903E-03
  122.100    0.14724E-02    0.42685E-03
  122.600    0.14500E-02    0.41634E-03
  123.100    0.14295E-02    0.40658E-03
  123.600    0.14088E-02    0.39694E-03
  124.100    0.13866E-02    0.38706E-03
  124.600    0.13619E-02    0.37669E-03
  125.100    0.13339E-02    0.36559E-03
  125.600    0.13016E-02    0.35354E-03
  126.100    0.12641E-02    0.34028E-03
  126.600    0.12204E-02    0.32563E-03
  127.100    0.11702E-02    0.30953E-03
  127.600    0.11138E-02    0.29207E-03
  128.100    0.10521E-02    0.27356E-03
  128.600    0.98669E-03    0.25439E-03
  129.100    0.91911E-03    0.23500E-03
  129.600    0.85083E-03    0.21575E-03
  130.100    0.78285E-03    0.19690E-03
  130.600    0.71571E-03    0.17856E-03
  131.100    0.64961E-03    0.16078E-03
  131.600    0.58467E-03    0.14357E-03
  132.100    0.52119E-03    0.12699E-03
  132.600    0.45988E-03    0.11119E-03
  133.100    0.40178E-03    0.96406E-04
  133.600    0.34812E-03    0.82905E-04
  134.100    0.30003E-03    0.70923E-04
  134.600    0.25825E-03    0.60601E-04
  135.100    0.22300E-03    0.51950E-04
  135.600    0.19398E-03    0.44866E-04
  136.100    0.17056E-03    0.39171E-04
  136.600    0.15199E-03    0.34664E-04
  137.100    0.13764E-03    0.31174E-04
  137.600    0.12706E-03    0.28582E-04
  138.100    0.12001E-03    0.26817E-04
  138.600    0.11633E-03    0.25822E-04
  139.100    0.11573E-03    0.25522E-04
  139.600    0.11771E-03    0.25790E-04
  140.100    0.12148E-03    0.26447E-04
  140.600    0.12610E-03    0.27282E-04
  141.100    0.13065E-03    0.28090E-04
  141.600    0.13439E-03    0.28718E-04
  142.100    0.13696E-03    0.29090E-04
  142.600    0.13831E-03    0.29205E-04
  143.100    0.13868E-03    0.29110E-04
  143.600    0.13831E-03    0.28867E-04
  144.100    0.13741E-03    0.28514E-04
  144.600    0.13592E-03    0.28047E-04
  145.100    0.13361E-03    0.27420E-04
  145.600    0.13015E-03    0.26563E-04
  146.100    0.12519E-03    0.25415E-04
  146.600    0.11861E-03    0.23953E-04
  147.100    0.11054E-03    0.22207E-04
  147.600    0.10136E-03    0.20259E-04
  148.100    0.91628E-04    0.18222E-04
  148.600    0.81896E-04    0.16206E-04
  149.100    0.72587E-04    0.14294E-04
  149.600    0.63909E-04    0.12525E-04
  150.100    0.55879E-04    0.10900E-04
  150.600    0.48401E-04    0.93980E-05
  151.100    0.41366E-04    0.79957E-05
  151.600    0.34733E-04    0.66836E-05
  152.100    0.28550E-04    0.54699E-05
  152.600    0.22939E-04    0.43761E-05
  153.100    0.18042E-04    0.34274E-05
  153.600    0.13955E-04    0.26401E-05
  154.100    0.10688E-04    0.20137E-05
  154.600    0.81523E-05    0.15300E-05
  155.100    0.62082E-05    0.11606E-05
  155.600    0.47299E-05    0.88085E-06
  156.100    0.36743E-05    0.68171E-06
  156.600    0.31033E-05    0.57367E-06
  157.100    0.31468E-05    0.57965E-06
  157.600    0.39245E-05    0.72038E-06
  158.100    0.54699E-05    0.10006E-05
  158.600    0.76989E-05    0.14037E-05
  159.100    0.10435E-04    0.18964E-05
  159.600    0.13476E-04    0.24411E-05
  160.100    0.16658E-04    0.30083E-05
  160.600    0.19905E-04    0.35839E-05
  161.100    0.23229E-04    0.41700E-05
  161.600    0.26692E-04    0.47779E-05
  162.100    0.30340E-04    0.54158E-05
  162.600    0.34122E-04    0.60745E-05
  163.100    0.37828E-04    0.67164E-05
  163.600    0.41082E-04    0.72756E-05
  164.100    0.43419E-04    0.76706E-05
  164.600    0.44424E-04    0.78294E-05
  165.100    0.43875E-04    0.77145E-05
  165.600    0.41828E-04    0.73381E-05
  166.100    0.38603E-04    0.67578E-05
  166.600    0.34671E-04    0.60568E-05
  167.100    0.30501E-04    0.53177E-05
  167.600    0.26439E-04    0.46005E-05
  168.100    0.22643E-04    0.39327E-05
  168.600    0.19101E-04    0.33115E-05
  169.100    0.15698E-04    0.27170E-05
  169.600    0.12333E-04    0.21311E-05
  170.100    0.90271E-05    0.15574E-05
  170.600    0.60110E-05    0.10355E-05
  171.100    0.37168E-05    0.63941E-06
  171.600    0.26650E-05    0.45787E-06
  172.100    0.32745E-05    0.56188E-06
  172.600    0.56818E-05    0.97383E-06
  173.100    0.96695E-05    0.16555E-05
  173.600    0.14750E-04    0.25227E-05
  174.100    0.20367E-04    0.34802E-05
  174.600    0.26116E-04    0.44587E-05
  175.100    0.31881E-04    0.54386E-05
  175.600    0.37848E-04    0.64520E-05
  176.100    0.44413E-04    0.75663E-05
  176.600    0.52018E-04    0.88571E-05
  177.100    0.60966E-04    0.10376E-04
  177.600    0.71218E-04    0.12116E-04
  178.100    0.82238E-04    0.13986E-04
  178.600    0.92952E-04    0.15804E-04
  179.100    0.10190E-03    0.17322E-04
