# 1 Ex=  -2.21743
     Chan  1:   1.00000 = 1.0000 0.0000 0.0000 0.0000 0.0000 0.0000 0.0000 0.0000 0.0000 0.0000 0.0000 0.0000 0.0000 0.0000 0.0000 0.0000 0.0000 0.0000 0.0000 0.0000
# 2 Ex=   0.00682
     Chan  1:   1.00000 = 0.0000 0.8537 0.1460 0.0002 0.0000 0.0000 0.0000 0.0000 0.0000 0.0000 0.0000 0.0000 0.0000 0.0000 0.0000 0.0000 0.0000 0.0000 0.0000 0.0000
# 3 Ex=   0.03275
     Chan  1:   1.00000 = 0.0000 0.1462 0.8500 0.0033 0.0004 0.0001 0.0000 0.0000 0.0000 0.0000 0.0000 0.0000 0.0000 0.0000 0.0000 0.0000 0.0000 0.0000 0.0000 0.0000
# 4 Ex=   0.22531
     Chan  1:   1.00000 = 0.0000 0.0001 0.0038 0.9644 0.0231 0.0062 0.0018 0.0004 0.0001 0.0000 0.0000 0.0000 0.0000 0.0000 0.0000 0.0000 0.0000 0.0000 0.0000 0.0000
# 5 Ex=   0.56292
     Chan  1:   1.00000 = 0.0000 0.0000 0.0001 0.0299 0.8936 0.0597 0.0130 0.0028 0.0006 0.0002 0.0001 0.0000 0.0000 0.0000 0.0000 0.0000 0.0000 0.0000 0.0000 0.0000
# 6 Ex=   1.08917
     Chan  1:   1.00000 = 0.0000 0.0000 0.0000 0.0019 0.0790 0.8578 0.0508 0.0081 0.0017 0.0005 0.0002 0.0001 0.0000 0.0000 0.0000 0.0000 0.0000 0.0000 0.0000 0.0000
# 7 Ex=   1.87001
     Chan  1:   1.00000 = 0.0000 0.0000 0.0000 0.0002 0.0035 0.0719 0.8930 0.0262 0.0039 0.0009 0.0003 0.0001 0.0000 0.0000 0.0000 0.0000 0.0000 0.0000 0.0000 0.0000
# 8 Ex=   2.93824
     Chan  1:   1.00000 = 0.0000 0.0000 0.0000 0.0000 0.0004 0.0036 0.0378 0.9415 0.0136 0.0022 0.0006 0.0002 0.0001 0.0000 0.0000 0.0000 0.0000 0.0000 0.0000 0.0000
# 9 Ex=   4.33625
     Chan  1:   1.00000 = 0.0000 0.0000 0.0000 0.0000 0.0001 0.0005 0.0028 0.0185 0.9682 0.0081 0.0013 0.0004 0.0001 0.0000 0.0000 0.0000 0.0000 0.0000 0.0000 0.0000
#10 Ex=   6.17559
     Chan  1:   1.00000 = 0.0000 0.0000 0.0000 0.0000 0.0000 0.0001 0.0005 0.0019 0.0103 0.9808 0.0052 0.0009 0.0002 0.0001 0.0000 0.0000 0.0000 0.0000 0.0000 0.0000
#11 Ex=   8.64181
     Chan  1:   1.00000 = 0.0000 0.0000 0.0000 0.0000 0.0000 0.0000 0.0002 0.0004 0.0012 0.0064 0.9876 0.0035 0.0006 0.0001 0.0000 0.0000 0.0000 0.0000 0.0000 0.0000
#12 Ex=  12.06138
     Chan  1:   1.00000 = 0.0000 0.0000 0.0000 0.0000 0.0000 0.0000 0.0001 0.0001 0.0003 0.0008 0.0041 0.9918 0.0023 0.0004 0.0001 0.0000 0.0000 0.0000 0.0000 0.0000
#13 Ex=  16.96643
     Chan  1:   1.00000 = 0.0000 0.0000 0.0000 0.0000 0.0000 0.0000 0.0000 0.0000 0.0001 0.0002 0.0005 0.0027 0.9946 0.0015 0.0002 0.0001 0.0000 0.0000 0.0000 0.0000
#14 Ex=  24.35876
     Chan  1:   1.00000 = 0.0000 0.0000 0.0000 0.0000 0.0000 0.0000 0.0000 0.0000 0.0000 0.0001 0.0001 0.0003 0.0017 0.9965 0.0010 0.0001 0.0000 0.0000 0.0000 0.0000
#15 Ex=  36.11609
     Chan  1:   1.00000 = 0.0000 0.0000 0.0000 0.0000 0.0000 0.0000 0.0000 0.0000 0.0000 0.0000 0.0000 0.0001 0.0002 0.0011 0.9978 0.0006 0.0001 0.0000 0.0000 0.0000
#16 Ex=  56.21488
     Chan  1:   1.00000 = 0.0000 0.0000 0.0000 0.0000 0.0000 0.0000 0.0000 0.0000 0.0000 0.0000 0.0000 0.0000 0.0000 0.0001 0.0007 0.9987 0.0004 0.0000 0.0000 0.0000
#17 Ex=  93.08735
     Chan  1:   1.00000 = 0.0000 0.0000 0.0000 0.0000 0.0000 0.0000 0.0000 0.0000 0.0000 0.0000 0.0000 0.0000 0.0000 0.0000 0.0001 0.0004 0.9993 0.0002 0.0000 0.0000
#18 Ex= 165.03594
     Chan  1:   1.00000 = 0.0000 0.0000 0.0000 0.0000 0.0000 0.0000 0.0000 0.0000 0.0000 0.0000 0.0000 0.0000 0.0000 0.0000 0.0000 0.0000 0.0002 0.9996 0.0001 0.0000
#19 Ex= 310.37949
     Chan  1:   1.00000 = 0.0000 0.0000 0.0000 0.0000 0.0000 0.0000 0.0000 0.0000 0.0000 0.0000 0.0000 0.0000 0.0000 0.0000 0.0000 0.0000 0.0000 0.0001 0.9998 0.0001
#20 Ex= 639.99732
     Chan  1:   1.00000 = 0.0000 0.0000 0.0000 0.0000 0.0000 0.0000 0.0000 0.0000 0.0000 0.0000 0.0000 0.0000 0.0000 0.0000 0.0000 0.0000 0.0000 0.0000 0.0001 0.9999
# 1 Ex=   0.17021
     Chan  1:   1.00000 = 0.9943 0.0046 0.0008 0.0002 0.0001 0.0000 0.0000 0.0000 0.0000 0.0000 0.0000 0.0000 0.0000 0.0000 0.0000
# 2 Ex=   0.53305
     Chan  1:   1.00000 = 0.0051 0.9799 0.0122 0.0021 0.0005 0.0001 0.0000 0.0000 0.0000 0.0000 0.0000 0.0000 0.0000 0.0000 0.0000
# 3 Ex=   1.10931
     Chan  1:   1.00000 = 0.0005 0.0139 0.9695 0.0133 0.0021 0.0005 0.0001 0.0000 0.0000 0.0000 0.0000 0.0000 0.0000 0.0000 0.0000
# 4 Ex=   1.95795
     Chan  1:   1.00000 = 0.0001 0.0012 0.0158 0.9713 0.0096 0.0015 0.0003 0.0001 0.0000 0.0000 0.0000 0.0000 0.0000 0.0000 0.0000
# 5 Ex=   3.16080
     Chan  1:   1.00000 = 0.0000 0.0002 0.0014 0.0116 0.9796 0.0060 0.0009 0.0002 0.0001 0.0000 0.0000 0.0000 0.0000 0.0000 0.0000
# 6 Ex=   4.84682
     Chan  1:   1.00000 = 0.0000 0.0001 0.0003 0.0011 0.0071 0.9871 0.0036 0.0005 0.0001 0.0000 0.0000 0.0000 0.0000 0.0000 0.0000
# 7 Ex=   7.23530
     Chan  1:   1.00000 = 0.0000 0.0000 0.0001 0.0002 0.0008 0.0042 0.9921 0.0022 0.0003 0.0001 0.0000 0.0000 0.0000 0.0000 0.0000
# 8 Ex=  10.70997
     Chan  1:   1.00000 = 0.0000 0.0000 0.0000 0.0001 0.0002 0.0005 0.0025 0.9951 0.0014 0.0002 0.0000 0.0000 0.0000 0.0000 0.0000
# 9 Ex=  15.96270
     Chan  1:   1.00000 = 0.0000 0.0000 0.0000 0.0000 0.0000 0.0001 0.0003 0.0015 0.9970 0.0009 0.0001 0.0000 0.0000 0.0000 0.0000
#10 Ex=  24.32298
     Chan  1:   1.00000 = 0.0000 0.0000 0.0000 0.0000 0.0000 0.0000 0.0001 0.0002 0.0009 0.9982 0.0005 0.0001 0.0000 0.0000 0.0000
#11 Ex=  38.45577
     Chan  1:   1.00000 = 0.0000 0.0000 0.0000 0.0000 0.0000 0.0000 0.0000 0.0000 0.0001 0.0005 0.9989 0.0003 0.0000 0.0000 0.0000
#12 Ex=  64.08306
     Chan  1:   1.00000 = 0.0000 0.0000 0.0000 0.0000 0.0000 0.0000 0.0000 0.0000 0.0000 0.0001 0.0003 0.9994 0.0002 0.0000 0.0000
#13 Ex= 114.09842
     Chan  1:   1.00000 = 0.0000 0.0000 0.0000 0.0000 0.0000 0.0000 0.0000 0.0000 0.0000 0.0000 0.0000 0.0002 0.9997 0.0001 0.0000
#14 Ex= 219.88051
     Chan  1:   1.00000 = 0.0000 0.0000 0.0000 0.0000 0.0000 0.0000 0.0000 0.0000 0.0000 0.0000 0.0000 0.0000 0.0001 0.9998 0.0000
#15 Ex= 472.95702
     Chan  1:   1.00000 = 0.0000 0.0000 0.0000 0.0000 0.0000 0.0000 0.0000 0.0000 0.0000 0.0000 0.0000 0.0000 0.0000 0.0000 0.9999
