 # Cross sections for state #  9 Ex=  4.336 MeV J/pi=  0.0+
    0.100     116.00    
    0.600     113.93    
    1.100     109.00    
    1.600     101.52    
    2.100     91.908    
    2.600     80.727    
    3.100     68.601    
    3.600     56.192    
    4.100     44.145    
    4.600     33.050    
    5.100     23.396    
    5.600     15.542    
    6.100     9.6964    
    6.600     5.9100    
    7.100     4.0793    
    7.600     3.9651    
    8.100     5.2201    
    8.600     7.4244    
    9.100     10.127    
    9.600     12.886    
   10.100     15.313    
   10.600     17.100    
   11.100     18.049    
   11.600     18.081    
   12.100     17.235    
   12.600     15.652    
   13.100     13.547    
   13.600     11.177    
   14.100     8.8007    
   14.600     6.6474    
   15.100     4.8874    
   15.600     3.6181    
   16.100     2.8610    
   16.600     2.5700    
   17.100     2.6486    
   17.600     2.9716    
   18.100     3.4072    
   18.600     3.8359    
   19.100     4.1640    
   19.600     4.3309    
   20.100     4.3099    
   20.600     4.1042    
   21.100     3.7408    
   21.600     3.2615    
   22.100     2.7148    
   22.600     2.1494    
   23.100     1.6081    
   23.600     1.1246    
   24.100    0.72159    
   24.600    0.41079    
   25.100    0.19368    
   25.600    0.63476E-01
   26.100    0.72867E-02
   26.600    0.85776E-02
   27.100    0.49417E-01
   27.600    0.11242    
   28.100    0.18226    
   28.600    0.24663    
   29.100    0.29679    
   29.600    0.32764    
   30.100    0.33745    
   30.600    0.32734    
   31.100    0.30064    
   31.600    0.26214    
   32.100    0.21736    
   32.600    0.17189    
   33.100    0.13080    
   33.600    0.98208E-01
   34.100    0.77017E-01
   34.600    0.68770E-01
   35.100    0.73672E-01
   35.600    0.90726E-01
   36.100    0.11796    
   36.600    0.15273    
   37.100    0.19196    
   37.600    0.23250    
   38.100    0.27138    
   38.600    0.30596    
   39.100    0.33418    
   39.600    0.35458    
   40.100    0.36641    
   40.600    0.36954    
   41.100    0.36447    
   41.600    0.35218    
   42.100    0.33404    
   42.600    0.31162    
   43.100    0.28662    
   43.600    0.26065    
   44.100    0.23522    
   44.600    0.21158    
   45.100    0.19074    
   45.600    0.17338    
   46.100    0.15986    
   46.600    0.15026    
   47.100    0.14440    
   47.600    0.14188    
   48.100    0.14211    
   48.600    0.14440    
   49.100    0.14801    
   49.600    0.15220    
   50.100    0.15629    
   50.600    0.15969    
   51.100    0.16192    
   51.600    0.16265    
   52.100    0.16168    
   52.600    0.15892    
   53.100    0.15444    
   53.600    0.14838    
   54.100    0.14098    
   54.600    0.13251    
   55.100    0.12331    
   55.600    0.11372    
   56.100    0.10406    
   56.600    0.94648E-01
   57.100    0.85741E-01
   57.600    0.77549E-01
   58.100    0.70222E-01
   58.600    0.63851E-01
   59.100    0.58468E-01
   59.600    0.54055E-01
   60.100    0.50554E-01
   60.600    0.47871E-01
   61.100    0.45889E-01
   61.600    0.44474E-01
   62.100    0.43485E-01
   62.600    0.42781E-01
   63.100    0.42227E-01
   63.600    0.41704E-01
   64.100    0.41113E-01
   64.600    0.40377E-01
   65.100    0.39443E-01
   65.600    0.38285E-01
   66.100    0.36895E-01
   66.600    0.35285E-01
   67.100    0.33483E-01
   67.600    0.31524E-01
   68.100    0.29451E-01
   68.600    0.27312E-01
   69.100    0.25155E-01
   69.600    0.23028E-01
   70.100    0.20975E-01
   70.600    0.19035E-01
   71.100    0.17239E-01
   71.600    0.15610E-01
   72.100    0.14161E-01
   72.600    0.12898E-01
   73.100    0.11815E-01
   73.600    0.10905E-01
   74.100    0.10152E-01
   74.600    0.95392E-02
   75.100    0.90458E-02
   75.600    0.86512E-02
   76.100    0.83338E-02
   76.600    0.80723E-02
   77.100    0.78464E-02
   77.600    0.76377E-02
   78.100    0.74304E-02
   78.600    0.72119E-02
   79.100    0.69735E-02
   79.600    0.67105E-02
   80.100    0.64211E-02
   80.600    0.61068E-02
   81.100    0.57705E-02
   81.600    0.54170E-02
   82.100    0.50516E-02
   82.600    0.46800E-02
   83.100    0.43082E-02
   83.600    0.39423E-02
   84.100    0.35882E-02
   84.600    0.32514E-02
   85.100    0.29365E-02
   85.600    0.26473E-02
   86.100    0.23859E-02
   86.600    0.21535E-02
   87.100    0.19498E-02
   87.600    0.17736E-02
   88.100    0.16232E-02
   88.600    0.14962E-02
   89.100    0.13904E-02
   89.600    0.13033E-02
   90.100    0.12322E-02
   90.600    0.11745E-02
   91.100    0.11273E-02
   91.600    0.10878E-02
   92.100    0.10531E-02
   92.600    0.10209E-02
   93.100    0.98906E-03
   93.600    0.95619E-03
   94.100    0.92138E-03
   94.600    0.88419E-03
   95.100    0.84454E-03
   95.600    0.80253E-03
   96.100    0.75839E-03
   96.600    0.71245E-03
   97.100    0.66511E-03
   97.600    0.61690E-03
   98.100    0.56849E-03
   98.600    0.52066E-03
   99.100    0.47421E-03
   99.600    0.42993E-03
  100.100    0.38842E-03
  100.600    0.35010E-03
  101.100    0.31517E-03
  101.600    0.28366E-03
  102.100    0.25548E-03
  102.600    0.23048E-03
  103.100    0.20856E-03
  103.600    0.18962E-03
  104.100    0.17357E-03
  104.600    0.16026E-03
  105.100    0.14948E-03
  105.600    0.14093E-03
  106.100    0.13420E-03
  106.600    0.12887E-03
  107.100    0.12452E-03
  107.600    0.12080E-03
  108.100    0.11745E-03
  108.600    0.11428E-03
  109.100    0.11117E-03
  109.600    0.10804E-03
  110.100    0.10477E-03
  110.600    0.10127E-03
  111.100    0.97434E-04
  111.600    0.93176E-04
  112.100    0.88471E-04
  112.600    0.83360E-04
  113.100    0.77951E-04
  113.600    0.72390E-04
  114.100    0.66828E-04
  114.600    0.61391E-04
  115.100    0.56154E-04
  115.600    0.51145E-04
  116.100    0.46354E-04
  116.600    0.41764E-04
  117.100    0.37370E-04
  117.600    0.33196E-04
  118.100    0.29297E-04
  118.600    0.25740E-04
  119.100    0.22585E-04
  119.600    0.19866E-04
  120.100    0.17579E-04
  120.600    0.15685E-04
  121.100    0.14127E-04
  121.600    0.12843E-04
  122.100    0.11786E-04
  122.600    0.10925E-04
  123.100    0.10246E-04
  123.600    0.97407E-05
  124.100    0.93940E-05
  124.600    0.91775E-05
  125.100    0.90464E-05
  125.600    0.89466E-05
  126.100    0.88265E-05
  126.600    0.86497E-05
  127.100    0.84023E-05
  127.600    0.80927E-05
  128.100    0.77439E-05
  128.600    0.73814E-05
  129.100    0.70231E-05
  129.600    0.66731E-05
  130.100    0.63219E-05
  130.600    0.59522E-05
  131.100    0.55469E-05
  131.600    0.50968E-05
  132.100    0.46054E-05
  132.600    0.40887E-05
  133.100    0.35704E-05
  133.600    0.30745E-05
  134.100    0.26184E-05
  134.600    0.22097E-05
  135.100    0.18467E-05
  135.600    0.15233E-05
  136.100    0.12334E-05
  136.600    0.97452E-06
  137.100    0.74875E-06
  137.600    0.56090E-06
  138.100    0.41590E-06
  138.600    0.31595E-06
  139.100    0.25854E-06
  139.600    0.23624E-06
  140.100    0.23847E-06
  140.600    0.25478E-06
  141.100    0.27811E-06
  141.600    0.30636E-06
  142.100    0.34122E-06
  142.600    0.38512E-06
  143.100    0.43819E-06
  143.600    0.49700E-06
  144.100    0.55566E-06
  144.600    0.60817E-06
  145.100    0.65062E-06
  145.600    0.68211E-06
  146.100    0.70457E-06
  146.600    0.72186E-06
  147.100    0.73835E-06
  147.600    0.75698E-06
  148.100    0.77704E-06
  148.600    0.79298E-06
  149.100    0.79544E-06
  149.600    0.77491E-06
  150.100    0.72648E-06
  150.600    0.65300E-06
  151.100    0.56467E-06
  151.600    0.47518E-06
  152.100    0.39648E-06
  152.600    0.33516E-06
  153.100    0.29158E-06
  153.600    0.26143E-06
  154.100    0.23832E-06
  154.600    0.21612E-06
  155.100    0.19088E-06
  155.600    0.16210E-06
  156.100    0.13319E-06
  156.600    0.11020E-06
  157.100    0.99118E-07
  157.600    0.10278E-06
  158.100    0.11934E-06
  158.600    0.14347E-06
  159.100    0.16961E-06
  159.600    0.19524E-06
  160.100    0.22233E-06
  160.600    0.25657E-06
  161.100    0.30523E-06
  161.600    0.37490E-06
  162.100    0.46946E-06
  162.600    0.58810E-06
  163.100    0.72356E-06
  163.600    0.86177E-06
  164.100    0.98430E-06
  164.600    0.10735E-05
  165.100    0.11184E-05
  165.600    0.11180E-05
  166.100    0.10808E-05
  166.600    0.10197E-05
  167.100    0.94704E-06
  167.600    0.87027E-06
  168.100    0.79065E-06
  168.600    0.70402E-06
  169.100    0.60341E-06
  169.600    0.48360E-06
  170.100    0.34742E-06
  170.600    0.21147E-06
  171.100    0.10761E-06
  171.600    0.76844E-07
  172.100    0.15652E-06
  172.600    0.36654E-06
  173.100    0.70215E-06
  173.600    0.11379E-05
  174.100    0.16410E-05
  174.600    0.21876E-05
  175.100    0.27733E-05
  175.600    0.34153E-05
  176.100    0.41455E-05
  176.600    0.49970E-05
  177.100    0.59873E-05
  177.600    0.71009E-05
  178.100    0.82751E-05
  178.600    0.93978E-05
  179.100    0.10324E-04
