 # Cross sections for state #  7 Ex=  1.870 MeV J/pi=  0.0+
    0.100     234.66    
    0.600     229.40    
    1.100     217.02    
    1.600     198.42    
    2.100     174.94    
    2.600     148.26    
    3.100     120.21    
    3.600     92.625    
    4.100     67.187    
    4.600     45.276    
    5.100     27.860    
    5.600     15.428    
    6.100     7.9769    
    6.600     5.0496    
    7.100     5.8206    
    7.600     9.2205    
    8.100     14.080    
    8.600     19.273    
    9.100     23.846    
    9.600     27.105    
   10.100     28.662    
   10.600     28.437    
   11.100     26.609    
   11.600     23.549    
   12.100     19.728    
   12.600     15.632    
   13.100     11.693    
   13.600     8.2388    
   14.100     5.4736    
   14.600     3.4760    
   15.100     2.2194    
   15.600     1.6000    
   16.100     1.4693    
   16.600     1.6632    
   17.100     2.0257    
   17.600     2.4255    
   18.100     2.7639    
   18.600     2.9783    
   19.100     3.0390    
   19.600     2.9445    
   20.100     2.7141    
   20.600     2.3808    
   21.100     1.9843    
   21.600     1.5644    
   22.100     1.1574    
   22.600    0.79223    
   23.100    0.48902    
   23.600    0.25892    
   24.100    0.10458    
   24.600    0.21652E-01
   25.100    0.42926E-03
   25.600    0.27797E-01
   26.100    0.88988E-01
   26.600    0.16916    
   27.100    0.25469    
   27.600    0.33407    
   28.100    0.39861    
   28.600    0.44264    
   29.100    0.46356    
   29.600    0.46156    
   30.100    0.43915    
   30.600    0.40056    
   31.100    0.35105    
   31.600    0.29624    
   32.100    0.24158    
   32.600    0.19183    
   33.100    0.15078    
   33.600    0.12104    
   34.100    0.10402    
   34.600    0.99952E-01
   35.100    0.10803    
   35.600    0.12659    
   36.100    0.15330    
   36.600    0.18542    
   37.100    0.22004    
   37.600    0.25432    
   38.100    0.28571    
   38.600    0.31210    
   39.100    0.33198    
   39.600    0.34444    
   40.100    0.34918    
   40.600    0.34647    
   41.100    0.33701    
   41.600    0.32188    
   42.100    0.30235    
   42.600    0.27984    
   43.100    0.25577    
   43.600    0.23150    
   44.100    0.20825    
   44.600    0.18705    
   45.100    0.16866    
   45.600    0.15358    
   46.100    0.14203    
   46.600    0.13395    
   47.100    0.12908    
   47.600    0.12695    
   48.100    0.12699    
   48.600    0.12858    
   49.100    0.13107    
   49.600    0.13388    
   50.100    0.13647    
   50.600    0.13837    
   51.100    0.13923    
   51.600    0.13880    
   52.100    0.13693    
   52.600    0.13360    
   53.100    0.12887    
   53.600    0.12291    
   54.100    0.11595    
   54.600    0.10827    
   55.100    0.10016    
   55.600    0.91922E-01
   56.100    0.83805E-01
   56.600    0.76038E-01
   57.100    0.68798E-01
   57.600    0.62218E-01
   58.100    0.56391E-01
   58.600    0.51363E-01
   59.100    0.47148E-01
   59.600    0.43720E-01
   60.100    0.41020E-01
   60.600    0.38961E-01
   61.100    0.37437E-01
   61.600    0.36325E-01
   62.100    0.35504E-01
   62.600    0.34859E-01
   63.100    0.34287E-01
   63.600    0.33708E-01
   64.100    0.33057E-01
   64.600    0.32289E-01
   65.100    0.31374E-01
   65.600    0.30295E-01
   66.100    0.29047E-01
   66.600    0.27639E-01
   67.100    0.26089E-01
   67.600    0.24425E-01
   68.100    0.22687E-01
   68.600    0.20918E-01
   69.100    0.19163E-01
   69.600    0.17462E-01
   70.100    0.15852E-01
   70.600    0.14358E-01
   71.100    0.12997E-01
   71.600    0.11779E-01
   72.100    0.10706E-01
   72.600    0.97781E-02
   73.100    0.89893E-02
   73.600    0.83320E-02
   74.100    0.77952E-02
   74.600    0.73646E-02
   75.100    0.70232E-02
   75.600    0.67516E-02
   76.100    0.65299E-02
   76.600    0.63394E-02
   77.100    0.61643E-02
   77.600    0.59922E-02
   78.100    0.58146E-02
   78.600    0.56262E-02
   79.100    0.54239E-02
   79.600    0.52058E-02
   80.100    0.49708E-02
   80.600    0.47185E-02
   81.100    0.44494E-02
   81.600    0.41655E-02
   82.100    0.38708E-02
   82.600    0.35706E-02
   83.100    0.32714E-02
   83.600    0.29801E-02
   84.100    0.27027E-02
   84.600    0.24437E-02
   85.100    0.22061E-02
   85.600    0.19911E-02
   86.100    0.17988E-02
   86.600    0.16289E-02
   87.100    0.14806E-02
   87.600    0.13533E-02
   88.100    0.12460E-02
   88.600    0.11574E-02
   89.100    0.10857E-02
   89.600    0.10282E-02
   90.100    0.98168E-03
   90.600    0.94299E-03
   91.100    0.90913E-03
   91.600    0.87779E-03
   92.100    0.84749E-03
   92.600    0.81747E-03
   93.100    0.78745E-03
   93.600    0.75728E-03
   94.100    0.72671E-03
   94.600    0.69529E-03
   95.100    0.66242E-03
   95.600    0.62760E-03
   96.100    0.59056E-03
   96.600    0.55151E-03
   97.100    0.51109E-03
   97.600    0.47023E-03
   98.100    0.43001E-03
   98.600    0.39134E-03
   99.100    0.35486E-03
   99.600    0.32088E-03
  100.100    0.28948E-03
  100.600    0.26062E-03
  101.100    0.23429E-03
  101.600    0.21059E-03
  102.100    0.18969E-03
  102.600    0.17177E-03
  103.100    0.15687E-03
  103.600    0.14486E-03
  104.100    0.13537E-03
  104.600    0.12786E-03
  105.100    0.12174E-03
  105.600    0.11648E-03
  106.100    0.11174E-03
  106.600    0.10736E-03
  107.100    0.10335E-03
  107.600    0.99768E-04
  108.100    0.96646E-04
  108.600    0.93910E-04
  109.100    0.91381E-04
  109.600    0.88811E-04
  110.100    0.85958E-04
  110.600    0.82658E-04
  111.100    0.78865E-04
  111.600    0.74652E-04
  112.100    0.70173E-04
  112.600    0.65597E-04
  113.100    0.61050E-04
  113.600    0.56582E-04
  114.100    0.52173E-04
  114.600    0.47779E-04
  115.100    0.43378E-04
  115.600    0.39010E-04
  116.100    0.34781E-04
  116.600    0.30837E-04
  117.100    0.27320E-04
  117.600    0.24320E-04
  118.100    0.21854E-04
  118.600    0.19858E-04
  119.100    0.18214E-04
  119.600    0.16789E-04
  120.100    0.15479E-04
  120.600    0.14235E-04
  121.100    0.13075E-04
  121.600    0.12055E-04
  122.100    0.11235E-04
  122.600    0.10642E-04
  123.100    0.10256E-04
  123.600    0.10015E-04
  124.100    0.98376E-05
  124.600    0.96543E-05
  125.100    0.94240E-05
  125.600    0.91427E-05
  126.100    0.88358E-05
  126.600    0.85410E-05
  127.100    0.82875E-05
  127.600    0.80778E-05
  128.100    0.78820E-05
  128.600    0.76467E-05
  129.100    0.73176E-05
  129.600    0.68645E-05
  130.100    0.62966E-05
  130.600    0.56604E-05
  131.100    0.50217E-05
  131.600    0.44421E-05
  132.100    0.39606E-05
  132.600    0.35843E-05
  133.100    0.32915E-05
  133.600    0.30417E-05
  134.100    0.27897E-05
  134.600    0.25013E-05
  135.100    0.21659E-05
  135.600    0.17998E-05
  136.100    0.14385E-05
  136.600    0.11207E-05
  137.100    0.87050E-06
  137.600    0.69016E-06
  138.100    0.56348E-06
  138.600    0.46807E-06
  139.100    0.38702E-06
  139.600    0.31431E-06
  140.100    0.25341E-06
  140.600    0.21300E-06
  141.100    0.20277E-06
  141.600    0.22987E-06
  142.100    0.29480E-06
  142.600    0.38752E-06
  143.100    0.48736E-06
  143.600    0.56919E-06
  144.100    0.61421E-06
  144.600    0.61877E-06
  145.100    0.59502E-06
  145.600    0.56259E-06
  146.100    0.53696E-06
  146.600    0.52239E-06
  147.100    0.51298E-06
  147.600    0.49918E-06
  148.100    0.47384E-06
  148.600    0.43459E-06
  149.100    0.38308E-06
  149.600    0.32425E-06
  150.100    0.26624E-06
  150.600    0.21909E-06
  151.100    0.19046E-06
  151.600    0.18034E-06
  152.100    0.17909E-06
  152.600    0.17230E-06
  153.100    0.14979E-06
  153.600    0.11240E-06
  154.100    0.71064E-07
  154.600    0.39074E-07
  155.100    0.23722E-07
  155.600    0.23545E-07
  156.100    0.31895E-07
  156.600    0.42373E-07
  157.100    0.51383E-07
  157.600    0.57529E-07
  158.100    0.61307E-07
  158.600    0.67415E-07
  159.100    0.87231E-07
  159.600    0.13631E-06
  160.100    0.22517E-06
  160.600    0.34870E-06
  161.100    0.48308E-06
  161.600    0.59503E-06
  162.100    0.65839E-06
  162.600    0.66719E-06
  163.100    0.63673E-06
  163.600    0.59366E-06
  164.100    0.56330E-06
  164.600    0.56200E-06
  165.100    0.59550E-06
  165.600    0.65874E-06
  166.100    0.73438E-06
  166.600    0.79311E-06
  167.100    0.80134E-06
  167.600    0.73672E-06
  168.100    0.60260E-06
  168.600    0.42991E-06
  169.100    0.26250E-06
  169.600    0.13499E-06
  170.100    0.58439E-07
  170.600    0.22571E-07
  171.100    0.96306E-08
  171.600    0.66595E-08
  172.100    0.80401E-08
  172.600    0.12319E-07
  173.100    0.23590E-07
  173.600    0.60486E-07
  174.100    0.16229E-06
  174.600    0.37725E-06
  175.100    0.73091E-06
  175.600    0.11935E-05
  176.100    0.16738E-05
  176.600    0.20535E-05
  177.100    0.22442E-05
  177.600    0.22308E-05
  178.100    0.20734E-05
  178.600    0.18666E-05
  179.100    0.16907E-05
