  0.0100   -0.597719
  0.0171   -0.015009
  0.0262    0.000000
  0.0372    0.000000
  0.0501    0.000001
  0.0649    0.000001
  0.0816    0.000002
  0.1003    0.000004
  0.1208    0.000006
  0.1433    0.000009
  0.1677    0.000013
  0.1940    0.000019
  0.2222    0.000026
  0.2523    0.000036
  0.2844    0.000049
  0.3183    0.000064
  0.3542    0.000084
  0.3920    0.000108
  0.4317    0.000138
  0.4734    0.000173
  0.5169    0.000215
  0.5624    0.000266
  0.6097    0.000325
  0.6590    0.000394
  0.7102    0.000474
  0.7634    0.000567
  0.8184    0.000674
  0.8753    0.000797
  0.9342    0.000936
  0.9950    0.001094
  1.0577    0.001273
  1.1223    0.001474
  1.1888    0.001700
  1.2573    0.001952
  1.3276    0.002232
  1.3999    0.002544
  1.4741    0.002890
  1.5502    0.003271
  1.6282    0.003692
  1.7082    0.004154
  1.7900    0.004660
  1.8738    0.005214
  1.9595    0.005819
  2.0471    0.006477
  2.1366    0.007193
  2.2280    0.007970
  2.3214    0.008812
  2.4167    0.009721
  2.5138    0.010703
  2.6129    0.011762
  2.7139    0.012900
  2.8169    0.014124
  2.9217    0.015436
  3.0285    0.016842
  3.1371    0.018347
  3.2477    0.019954
  3.3602    0.021669
  3.4746    0.023497
  3.5910    0.025444
  3.7092    0.027513
  3.8294    0.029711
  3.9515    0.032043
  4.0755    0.034516
  4.2014    0.037133
  4.3292    0.039902
  4.4590    0.042828
  4.5906    0.045917
  4.7242    0.049176
  4.8597    0.052611
  4.9971    0.056227
  5.1364    0.060033
  5.2776    0.064033
  5.4208    0.068235
  5.5659    0.072646
  5.7128    0.077272
  5.8617    0.082120
  6.0126    0.087198
  6.1653    0.092512
  6.3199    0.098070
  6.4765    0.103879
  6.6350    0.109946
  6.7954    0.116278
  6.9577    0.122884
  7.1219    0.129771
  7.2880    0.136946
  7.4561    0.144416
  7.6261    0.152191
  7.7980    0.160277
  7.9718    0.168682
  8.1475    0.177414
  8.3251    0.186481
  8.5047    0.195891
  8.6861    0.205651
  8.8695    0.215771
  9.0548    0.226257
  9.2420    0.237119
  9.4311    0.248363
  9.6222    0.259998
  9.8151    0.272031
 10.0100    0.284472
