Full H matrix for nchani,nchanf=  1  1 
    -2.21742    -0.00003    -0.00053    -0.00044    -0.00045    -0.00048     0.00044    -0.00035     0.00027     0.00022     0.00019    -0.00017     0.00015    -0.00014     0.00014    -0.00013     0.00012     0.00011    -0.00010     0.00009
     0.00000     0.01064    -0.00930     0.00076     0.00206     0.00225    -0.00185     0.00121    -0.00072    -0.00044    -0.00030     0.00023    -0.00019     0.00017    -0.00016     0.00015    -0.00014    -0.00013     0.00012    -0.00010
     0.00002    -0.03232     0.02979    -0.01065    -0.00621    -0.00496     0.00377    -0.00259     0.00181     0.00140     0.00119    -0.00107     0.00100    -0.00095     0.00091    -0.00088     0.00084     0.00078    -0.00070     0.00061
     0.00005     0.00999    -0.04056     0.23679    -0.04309    -0.04150     0.03346    -0.02261     0.01465     0.01021     0.00791    -0.00670     0.00600    -0.00556     0.00524    -0.00499     0.00472     0.00439    -0.00397     0.00349
     0.00015     0.06995    -0.06082    -0.11086     0.60249    -0.11637     0.09616    -0.06683     0.04470     0.03204     0.02524    -0.02155     0.01933    -0.01789     0.01684    -0.01600     0.01514     0.01410    -0.01280     0.01131
     0.00029     0.14250    -0.09020    -0.19832    -0.21614     1.11820     0.18715    -0.13546     0.09487     0.07077     0.05726    -0.04952     0.04464    -0.04138     0.03895    -0.03700     0.03500     0.03263    -0.02971     0.02636
    -0.00042    -0.18617     0.10896     0.25425     0.28399     0.29757     1.86220     0.20106    -0.14823    -0.11529    -0.09578     0.08391    -0.07607     0.07064    -0.06653     0.06319    -0.05979    -0.05579     0.05093    -0.04537
     0.00050     0.18026    -0.11158    -0.25560    -0.29368    -0.32049     0.29917     2.92443     0.18643     0.15080     0.12831    -0.11372     0.10365    -0.09644     0.09089    -0.08634     0.08172     0.07632    -0.06985     0.06242
    -0.00056    -0.15397     0.11184     0.23790     0.28218     0.32243    -0.31685     0.26783     4.32827    -0.18191    -0.15777     0.14117    -0.12926     0.12050    -0.11368     0.10803    -0.10229    -0.09561     0.08767    -0.07852
    -0.00064    -0.13332     0.12158     0.23314     0.28424     0.33808    -0.34638     0.30449    -0.25568     6.17113    -0.19190     0.17286    -0.15883     0.14832    -0.14006     0.13316    -0.12614    -0.11797     0.10831    -0.09717
    -0.00076    -0.12652     0.14318     0.25067     0.31105     0.37991    -0.39969     0.35983    -0.30800    -0.26653     8.63855     0.21357    -0.19672     0.18393    -0.17384     0.16535    -0.15669    -0.14661     0.13471    -0.12096
     0.00093     0.13497    -0.18002    -0.29520    -0.36892    -0.45641     0.48640    -0.44300     0.38281     0.33351     0.29667    12.05869     0.24825    -0.23233     0.21971    -0.20907     0.19818     0.18548    -0.17050     0.15318
    -0.00120    -0.15870     0.23522     0.37050     0.46389     0.57694    -0.61832     0.56615    -0.49149    -0.42968    -0.38315     0.34808    16.96403     0.30104    -0.28481     0.27109    -0.25703    -0.24061     0.22124    -0.19882
     0.00160     0.20188    -0.32054    -0.49183    -0.61523    -0.76611     0.82250    -0.75457     0.65633     0.57476     0.51319    -0.46664     0.43122    24.35671     0.38236    -0.36402     0.34519     0.32318    -0.29721     0.26714
    -0.00224    -0.27412     0.45433     0.68592     0.85697     1.06728    -1.14648     1.05267    -0.91651    -0.80338    -0.71790     0.65319    -0.60388     0.56596    36.11427     0.51012    -0.48379    -0.45297     0.41662    -0.37451
     0.00332     0.39829    -0.67960    -1.01471    -1.26599    -1.57587     1.69259    -1.55433     1.35380     1.18726     1.06144    -0.96614     0.89346    -0.83753     0.79293    56.21353     0.71617     0.67059    -0.61681     0.55451
    -0.00520    -0.61725     1.07019     1.58850     1.98074     2.46544    -2.64845     2.43285    -2.11985    -1.85987    -1.66341     1.51450    -1.40088     1.31339    -1.24359     1.18434    93.08653    -1.05190     0.96760    -0.86991
    -0.00860    -1.01352     1.76514     2.61712     3.26572     4.06868    -4.37482     4.02227    -3.50753    -3.07924    -2.75519     2.50928    -2.32148     2.17678    -2.06128     1.96319    -1.86217   165.03511     1.60414    -1.44226
     0.01477     1.72963    -2.98012    -4.44401    -5.56413    -6.95469     7.49954    -6.91193     6.03877     5.30815     4.75330    -4.33102     4.00798    -3.75876     3.55968    -3.39050     3.21620     3.01193   310.37333     2.49158
    -0.02715    -3.15762     5.34869     8.04612    10.12085    12.70486   -13.75186    12.71388   -11.13405    -9.80218    -8.78581     8.00944    -7.41425     6.95439    -6.58677     6.27413    -5.95191    -5.57421     5.12873   639.97183
Full H matrix for nchani,nchanf=  1  1 
     0.17279    -0.02239     0.02049     0.01767     0.01460     0.01201     0.01012     0.00880    -0.00788    -0.00720    -0.00668     0.00623     0.00583    -0.00541    -0.00486
    -0.06895     0.54215     0.05900     0.05112     0.04243     0.03506     0.02963     0.02583    -0.02315    -0.02119    -0.01965     0.01835     0.01718    -0.01596    -0.01435
     0.12801     0.11971     1.11976    -0.09636    -0.08050    -0.06689    -0.05678    -0.04964     0.04458     0.04086     0.03793    -0.03544    -0.03319     0.03085     0.02776
     0.18917     0.17770    -0.16510     1.96309    -0.12202    -0.10205    -0.08706    -0.07637     0.06874     0.06310     0.05863    -0.05482    -0.05136     0.04777     0.04302
     0.24649     0.23262    -0.21752    -0.19242     3.16112    -0.13734    -0.11774    -0.10364     0.09349     0.08594     0.07994    -0.07478    -0.07011     0.06525     0.05880
     0.30634     0.29030    -0.27299    -0.24306    -0.20743     4.84523    -0.15116    -0.13344     0.12060     0.11100     0.10334    -0.09673    -0.09073     0.08448     0.07618
     0.38174     0.36292    -0.34277    -0.30670    -0.26303    -0.22358     7.23339    -0.17083     0.15462     0.14245     0.13270    -0.12427    -0.11660     0.10862     0.09799
     0.48866     0.46561    -0.44109    -0.39603    -0.34080    -0.29052    -0.25145    10.70826     0.20186     0.18610     0.17344    -0.16247    -0.15248     0.14208     0.12822
    -0.64935    -0.61965     0.58819     0.52931     0.45651     0.38992     0.33797     0.29977    15.96127    -0.25066    -0.23368     0.21894     0.20553    -0.19154    -0.17290
    -0.90256    -0.86211     0.81942     0.73849     0.63786     0.54549     0.47327     0.42005    -0.38099    24.32185    -0.32776     0.30713     0.28834    -0.26875    -0.24263
    -1.32029    -1.26194     1.20050     1.08300     0.93633     0.80142     0.69576     0.61780    -0.56052    -0.51724    38.45493     0.45205     0.42442    -0.39562    -0.35720
     2.05030     1.96054    -1.86619    -1.68467    -1.45749    -1.24819    -1.08410    -0.96292     0.87383     0.80646     0.75215    64.08255    -0.66187     0.61700     0.55712
     3.41142     3.26326    -3.10775    -2.80702    -2.42981    -2.08186    -1.80880    -1.60703     1.45858     1.34628     1.25572    -1.17692   114.09781     1.03023     0.93029
    -6.09622    -5.83400     5.55922     5.02456     4.35213     3.73094     3.24292     2.88198    -2.61625    -2.41513    -2.25285     2.11161     1.98283   219.87735    -1.66938
   -11.76589   -11.26565    10.74247     9.71687     8.42285     7.22525     6.28318     5.58571    -5.07180    -4.68260    -4.36839     4.09479     3.84527    -3.58518   472.94233
