          20  -2.2174252124597738        1.20000005    
          20   6.8150048590820420E-003   1.20000005    
          20   3.2748999911465113E-002   1.20000005    
          20  0.22530699124605966        1.20000005    
          20  0.56292328810706249        1.20000005    
          20   1.0891703035435722        1.20000005    
          20   1.8700119855340784        1.20000005    
          20   2.9382414059908140        1.20000005    
          20   4.3362546421539347        1.20000005    
          20   6.1755882962731237        1.20000005    
          20   8.6418139843780679        1.20000005    
          20   12.061375568559651        1.20000005    
          20   16.966430456369881        1.20000005    
          20   24.358761238441748        1.20000005    
          20   36.116085699523254        1.20000005    
          20   56.214879747954690        1.20000005    
          20   93.087348847855580        1.20000005    
          20   165.03594042872004        1.20000005    
          20   310.37948752106456        1.20000005    
          20   639.99732037244246        1.20000005    
          15  0.17021129811515368        1.20000005    
          15  0.53304970058293200        1.20000005    
          15   1.1093147003318833        1.20000005    
          15   1.9579527638057961        1.20000005    
          15   3.1607976897971097        1.20000005    
          15   4.8468223712017382        1.20000005    
          15   7.2353008660099434        1.20000005    
          15   10.709966715385484        1.20000005    
          15   15.962703642954322        1.20000005    
          15   24.322978950591196        1.20000005    
          15   38.455772079060843        1.20000005    
          15   64.083058772762001        1.20000005    
          15   114.09841763701891        1.20000005    
          15   219.88051093497629        1.20000005    
          15   472.95702106268601        1.20000005    
