#  1 Channels, Eigenvalue: 5 Energy:   0.5629
# J:0.00 parity: 1
 #  channel core Jc (l sn) jn
#  1 : 1 0.0 0 0.0 0.0
#  1200 points
   0.000        0.000000
   0.050        0.002770
   0.100        0.005595
   0.150        0.008521
   0.200        0.011582
   0.250        0.014795
   0.300        0.018156
   0.350        0.021639
   0.400        0.025201
   0.450        0.028784
   0.500        0.032318
   0.550        0.035732
   0.600        0.038955
   0.650        0.041927
   0.700        0.044598
   0.750        0.046936
   0.800        0.048926
   0.850        0.050572
   0.900        0.051894
   0.950        0.052923
   1.000        0.053704
   1.050        0.054287
   1.100        0.054722
   1.150        0.055059
   1.200        0.055345
   1.250        0.055616
   1.300        0.055902
   1.350        0.056222
   1.400        0.056584
   1.450        0.056989
   1.500        0.057427
   1.550        0.057884
   1.600        0.058338
   1.650        0.058767
   1.700        0.059145
   1.750        0.059448
   1.800        0.059653
   1.850        0.059739
   1.900        0.059691
   1.950        0.059497
   2.000        0.059149
   2.050        0.058647
   2.100        0.057991
   2.150        0.057190
   2.200        0.056254
   2.250        0.055195
   2.300        0.054031
   2.350        0.052780
   2.400        0.051460
   2.450        0.050091
   2.500        0.048693
   2.550        0.047285
   2.600        0.045884
   2.650        0.044505
   2.700        0.043164
   2.750        0.041873
   2.800        0.040640
   2.850        0.039474
   2.900        0.038380
   2.950        0.037360
   3.000        0.036416
   3.050        0.035547
   3.100        0.034749
   3.150        0.034018
   3.200        0.033349
   3.250        0.032733
   3.300        0.032164
   3.350        0.031631
   3.400        0.031128
   3.450        0.030643
   3.500        0.030168
   3.550        0.029693
   3.600        0.029210
   3.650        0.028710
   3.700        0.028185
   3.750        0.027629
   3.800        0.027035
   3.850        0.026397
   3.900        0.025711
   3.950        0.024972
   4.000        0.024180
   4.050        0.023330
   4.100        0.022423
   4.150        0.021459
   4.200        0.020437
   4.250        0.019360
   4.300        0.018230
   4.350        0.017050
   4.400        0.015822
   4.450        0.014552
   4.500        0.013243
   4.550        0.011900
   4.600        0.010528
   4.650        0.009132
   4.700        0.007718
   4.750        0.006291
   4.800        0.004856
   4.850        0.003419
   4.900        0.001985
   4.950        0.000559
   5.000       -0.000855
   5.050       -0.002251
   5.100       -0.003626
   5.150       -0.004976
   5.200       -0.006297
   5.250       -0.007586
   5.300       -0.008840
   5.350       -0.010057
   5.400       -0.011235
   5.450       -0.012373
   5.500       -0.013470
   5.550       -0.014524
   5.600       -0.015536
   5.650       -0.016506
   5.700       -0.017434
   5.750       -0.018322
   5.800       -0.019170
   5.850       -0.019980
   5.900       -0.020754
   5.950       -0.021493
   6.000       -0.022202
   6.050       -0.022881
   6.100       -0.023533
   6.150       -0.024163
   6.200       -0.024771
   6.250       -0.025363
   6.300       -0.025940
   6.350       -0.026506
   6.400       -0.027064
   6.450       -0.027618
   6.500       -0.028170
   6.550       -0.028725
   6.600       -0.029283
   6.650       -0.029850
   6.700       -0.030427
   6.750       -0.031018
   6.800       -0.031624
   6.850       -0.032248
   6.900       -0.032893
   6.950       -0.033560
   7.000       -0.034251
   7.050       -0.034967
   7.100       -0.035711
   7.150       -0.036483
   7.200       -0.037284
   7.250       -0.038115
   7.300       -0.038977
   7.350       -0.039869
   7.400       -0.040792
   7.450       -0.041746
   7.500       -0.042731
   7.550       -0.043745
   7.600       -0.044789
   7.650       -0.045860
   7.700       -0.046960
   7.750       -0.048085
   7.800       -0.049235
   7.850       -0.050408
   7.900       -0.051603
   7.950       -0.052818
   8.000       -0.054051
   8.050       -0.055300
   8.100       -0.056564
   8.150       -0.057839
   8.200       -0.059125
   8.250       -0.060419
   8.300       -0.061718
   8.350       -0.063021
   8.400       -0.064325
   8.450       -0.065629
   8.500       -0.066929
   8.550       -0.068225
   8.600       -0.069514
   8.650       -0.070793
   8.700       -0.072062
   8.750       -0.073317
   8.800       -0.074558
   8.850       -0.075782
   8.900       -0.076988
   8.950       -0.078174
   9.000       -0.079340
   9.050       -0.080483
   9.100       -0.081602
   9.150       -0.082697
   9.200       -0.083766
   9.250       -0.084808
   9.300       -0.085823
   9.350       -0.086810
   9.400       -0.087769
   9.450       -0.088699
   9.500       -0.089600
   9.550       -0.090472
   9.600       -0.091315
   9.650       -0.092129
   9.700       -0.092914
   9.750       -0.093670
   9.800       -0.094399
   9.850       -0.095101
   9.900       -0.095775
   9.950       -0.096424
  10.000       -0.097047
  10.050       -0.097647
  10.100       -0.098223
  10.150       -0.098777
  10.200       -0.099310
  10.250       -0.099823
  10.300       -0.100318
  10.350       -0.100795
  10.400       -0.101257
  10.450       -0.101704
  10.500       -0.102138
  10.550       -0.102560
  10.600       -0.102972
  10.650       -0.103376
  10.700       -0.103772
  10.750       -0.104163
  10.800       -0.104549
  10.850       -0.104933
  10.900       -0.105315
  10.950       -0.105697
  11.000       -0.106080
  11.050       -0.106466
  11.100       -0.106857
  11.150       -0.107252
  11.200       -0.107655
  11.250       -0.108065
  11.300       -0.108484
  11.350       -0.108912
  11.400       -0.109352
  11.450       -0.109803
  11.500       -0.110268
  11.550       -0.110745
  11.600       -0.111237
  11.650       -0.111744
  11.700       -0.112267
  11.750       -0.112805
  11.800       -0.113360
  11.850       -0.113932
  11.900       -0.114521
  11.950       -0.115127
  12.000       -0.115750
  12.050       -0.116392
  12.100       -0.117050
  12.150       -0.117726
  12.200       -0.118419
  12.250       -0.119130
  12.300       -0.119857
  12.350       -0.120600
  12.400       -0.121359
  12.450       -0.122134
  12.500       -0.122923
  12.550       -0.123727
  12.600       -0.124545
  12.650       -0.125375
  12.700       -0.126217
  12.750       -0.127071
  12.800       -0.127935
  12.850       -0.128808
  12.900       -0.129691
  12.950       -0.130580
  13.000       -0.131477
  13.050       -0.132379
  13.100       -0.133285
  13.150       -0.134195
  13.200       -0.135108
  13.250       -0.136021
  13.300       -0.136935
  13.350       -0.137848
  13.400       -0.138759
  13.450       -0.139666
  13.500       -0.140569
  13.550       -0.141467
  13.600       -0.142359
  13.650       -0.143242
  13.700       -0.144118
  13.750       -0.144983
  13.800       -0.145838
  13.850       -0.146681
  13.900       -0.147511
  13.950       -0.148327
  14.000       -0.149129
  14.050       -0.149916
  14.100       -0.150686
  14.150       -0.151439
  14.200       -0.152174
  14.250       -0.152890
  14.300       -0.153587
  14.350       -0.154264
  14.400       -0.154921
  14.450       -0.155556
  14.500       -0.156170
  14.550       -0.156762
  14.600       -0.157331
  14.650       -0.157877
  14.700       -0.158400
  14.750       -0.158900
  14.800       -0.159376
  14.850       -0.159828
  14.900       -0.160256
  14.950       -0.160660
  15.000       -0.161040
  15.050       -0.161396
  15.100       -0.161728
  15.150       -0.162036
  15.200       -0.162320
  15.250       -0.162581
  15.300       -0.162819
  15.350       -0.163034
  15.400       -0.163227
  15.450       -0.163397
  15.500       -0.163545
  15.550       -0.163673
  15.600       -0.163779
  15.650       -0.163865
  15.700       -0.163932
  15.750       -0.163979
  15.800       -0.164008
  15.850       -0.164019
  15.900       -0.164013
  15.950       -0.163990
  16.000       -0.163952
  16.050       -0.163898
  16.100       -0.163831
  16.150       -0.163749
  16.200       -0.163655
  16.250       -0.163550
  16.300       -0.163433
  16.350       -0.163305
  16.400       -0.163169
  16.450       -0.163023
  16.500       -0.162870
  16.550       -0.162710
  16.600       -0.162543
  16.650       -0.162372
  16.700       -0.162195
  16.750       -0.162015
  16.800       -0.161832
  16.850       -0.161647
  16.900       -0.161461
  16.950       -0.161273
  17.000       -0.161086
  17.050       -0.160900
  17.100       -0.160716
  17.150       -0.160533
  17.200       -0.160354
  17.250       -0.160178
  17.300       -0.160006
  17.350       -0.159839
  17.400       -0.159677
  17.450       -0.159522
  17.500       -0.159372
  17.550       -0.159230
  17.600       -0.159095
  17.650       -0.158967
  17.700       -0.158848
  17.750       -0.158738
  17.800       -0.158636
  17.850       -0.158543
  17.900       -0.158460
  17.950       -0.158387
  18.000       -0.158324
  18.050       -0.158270
  18.100       -0.158227
  18.150       -0.158194
  18.200       -0.158172
  18.250       -0.158160
  18.300       -0.158158
  18.350       -0.158167
  18.400       -0.158186
  18.450       -0.158216
  18.500       -0.158255
  18.550       -0.158305
  18.600       -0.158364
  18.650       -0.158433
  18.700       -0.158512
  18.750       -0.158599
  18.800       -0.158696
  18.850       -0.158801
  18.900       -0.158914
  18.950       -0.159035
  19.000       -0.159163
  19.050       -0.159298
  19.100       -0.159440
  19.150       -0.159588
  19.200       -0.159741
  19.250       -0.159900
  19.300       -0.160063
  19.350       -0.160230
  19.400       -0.160401
  19.450       -0.160575
  19.500       -0.160751
  19.550       -0.160929
  19.600       -0.161108
  19.650       -0.161287
  19.700       -0.161467
  19.750       -0.161646
  19.800       -0.161823
  19.850       -0.161999
  19.900       -0.162172
  19.950       -0.162342
  20.000       -0.162508
  20.050       -0.162670
  20.100       -0.162827
  20.150       -0.162977
  20.200       -0.163122
  20.250       -0.163259
  20.300       -0.163389
  20.350       -0.163511
  20.400       -0.163623
  20.450       -0.163726
  20.500       -0.163819
  20.550       -0.163902
  20.600       -0.163973
  20.650       -0.164032
  20.700       -0.164080
  20.750       -0.164114
  20.800       -0.164135
  20.850       -0.164142
  20.900       -0.164134
  20.950       -0.164112
  21.000       -0.164075
  21.050       -0.164022
  21.100       -0.163953
  21.150       -0.163867
  21.200       -0.163764
  21.250       -0.163644
  21.300       -0.163507
  21.350       -0.163352
  21.400       -0.163178
  21.450       -0.162986
  21.500       -0.162776
  21.550       -0.162546
  21.600       -0.162298
  21.650       -0.162030
  21.700       -0.161742
  21.750       -0.161436
  21.800       -0.161109
  21.850       -0.160763
  21.900       -0.160397
  21.950       -0.160011
  22.000       -0.159605
  22.050       -0.159180
  22.100       -0.158734
  22.150       -0.158269
  22.200       -0.157784
  22.250       -0.157280
  22.300       -0.156756
  22.350       -0.156212
  22.400       -0.155650
  22.450       -0.155068
  22.500       -0.154468
  22.550       -0.153849
  22.600       -0.153212
  22.650       -0.152557
  22.700       -0.151884
  22.750       -0.151194
  22.800       -0.150486
  22.850       -0.149762
  22.900       -0.149021
  22.950       -0.148264
  23.000       -0.147492
  23.050       -0.146704
  23.100       -0.145901
  23.150       -0.145084
  23.200       -0.144252
  23.250       -0.143407
  23.300       -0.142549
  23.350       -0.141678
  23.400       -0.140795
  23.450       -0.139900
  23.500       -0.138994
  23.550       -0.138077
  23.600       -0.137150
  23.650       -0.136213
  23.700       -0.135267
  23.750       -0.134312
  23.800       -0.133349
  23.850       -0.132379
  23.900       -0.131401
  23.950       -0.130417
  24.000       -0.129427
  24.050       -0.128432
  24.100       -0.127431
  24.150       -0.126426
  24.200       -0.125417
  24.250       -0.124405
  24.300       -0.123390
  24.350       -0.122373
  24.400       -0.121354
  24.450       -0.120333
  24.500       -0.119312
  24.550       -0.118291
  24.600       -0.117270
  24.650       -0.116249
  24.700       -0.115230
  24.750       -0.114212
  24.800       -0.113197
  24.850       -0.112184
  24.900       -0.111174
  24.950       -0.110167
  25.000       -0.109164
  25.050       -0.108166
  25.100       -0.107172
  25.150       -0.106183
  25.200       -0.105199
  25.250       -0.104221
  25.300       -0.103250
  25.350       -0.102284
  25.400       -0.101326
  25.450       -0.100374
  25.500       -0.099430
  25.550       -0.098493
  25.600       -0.097564
  25.650       -0.096643
  25.700       -0.095730
  25.750       -0.094826
  25.800       -0.093930
  25.850       -0.093043
  25.900       -0.092166
  25.950       -0.091297
  26.000       -0.090437
  26.050       -0.089587
  26.100       -0.088747
  26.150       -0.087916
  26.200       -0.087094
  26.250       -0.086282
  26.300       -0.085480
  26.350       -0.084687
  26.400       -0.083905
  26.450       -0.083131
  26.500       -0.082368
  26.550       -0.081614
  26.600       -0.080869
  26.650       -0.080134
  26.700       -0.079408
  26.750       -0.078692
  26.800       -0.077984
  26.850       -0.077286
  26.900       -0.076596
  26.950       -0.075915
  27.000       -0.075242
  27.050       -0.074578
  27.100       -0.073922
  27.150       -0.073273
  27.200       -0.072633
  27.250       -0.071999
  27.300       -0.071373
  27.350       -0.070754
  27.400       -0.070141
  27.450       -0.069535
  27.500       -0.068935
  27.550       -0.068340
  27.600       -0.067751
  27.650       -0.067167
  27.700       -0.066588
  27.750       -0.066014
  27.800       -0.065443
  27.850       -0.064877
  27.900       -0.064314
  27.950       -0.063754
  28.000       -0.063197
  28.050       -0.062642
  28.100       -0.062089
  28.150       -0.061538
  28.200       -0.060988
  28.250       -0.060439
  28.300       -0.059891
  28.350       -0.059342
  28.400       -0.058794
  28.450       -0.058245
  28.500       -0.057695
  28.550       -0.057143
  28.600       -0.056590
  28.650       -0.056035
  28.700       -0.055477
  28.750       -0.054916
  28.800       -0.054352
  28.850       -0.053784
  28.900       -0.053213
  28.950       -0.052637
  29.000       -0.052056
  29.050       -0.051470
  29.100       -0.050878
  29.150       -0.050281
  29.200       -0.049678
  29.250       -0.049068
  29.300       -0.048452
  29.350       -0.047828
  29.400       -0.047197
  29.450       -0.046558
  29.500       -0.045911
  29.550       -0.045255
  29.600       -0.044591
  29.650       -0.043918
  29.700       -0.043236
  29.750       -0.042545
  29.800       -0.041843
  29.850       -0.041132
  29.900       -0.040411
  29.950       -0.039679
  30.000       -0.038936
  30.050       -0.038183
  30.100       -0.037419
  30.150       -0.036643
  30.200       -0.035857
  30.250       -0.035058
  30.300       -0.034248
  30.350       -0.033426
  30.400       -0.032593
  30.450       -0.031747
  30.500       -0.030889
  30.550       -0.030018
  30.600       -0.029136
  30.650       -0.028241
  30.700       -0.027333
  30.750       -0.026414
  30.800       -0.025481
  30.850       -0.024536
  30.900       -0.023578
  30.950       -0.022608
  31.000       -0.021625
  31.050       -0.020630
  31.100       -0.019622
  31.150       -0.018602
  31.200       -0.017570
  31.250       -0.016525
  31.300       -0.015467
  31.350       -0.014398
  31.400       -0.013317
  31.450       -0.012224
  31.500       -0.011118
  31.550       -0.010002
  31.600       -0.008873
  31.650       -0.007734
  31.700       -0.006583
  31.750       -0.005421
  31.800       -0.004249
  31.850       -0.003065
  31.900       -0.001872
  31.950       -0.000668
  32.000        0.000546
  32.050        0.001770
  32.100        0.003003
  32.150        0.004246
  32.200        0.005497
  32.250        0.006757
  32.300        0.008026
  32.350        0.009303
  32.400        0.010587
  32.450        0.011879
  32.500        0.013179
  32.550        0.014486
  32.600        0.015799
  32.650        0.017118
  32.700        0.018444
  32.750        0.019775
  32.800        0.021112
  32.850        0.022453
  32.900        0.023800
  32.950        0.025150
  33.000        0.026505
  33.050        0.027863
  33.100        0.029224
  33.150        0.030588
  33.200        0.031955
  33.250        0.033324
  33.300        0.034695
  33.350        0.036067
  33.400        0.037440
  33.450        0.038814
  33.500        0.040188
  33.550        0.041562
  33.600        0.042935
  33.650        0.044308
  33.700        0.045680
  33.750        0.047049
  33.800        0.048417
  33.850        0.049783
  33.900        0.051146
  33.950        0.052505
  34.000        0.053862
  34.050        0.055214
  34.100        0.056562
  34.150        0.057906
  34.200        0.059245
  34.250        0.060578
  34.300        0.061906
  34.350        0.063228
  34.400        0.064544
  34.450        0.065853
  34.500        0.067155
  34.550        0.068450
  34.600        0.069737
  34.650        0.071016
  34.700        0.072287
  34.750        0.073549
  34.800        0.074803
  34.850        0.076047
  34.900        0.077282
  34.950        0.078507
  35.000        0.079722
  35.050        0.080926
  35.100        0.082121
  35.150        0.083304
  35.200        0.084476
  35.250        0.085637
  35.300        0.086786
  35.350        0.087924
  35.400        0.089050
  35.450        0.090163
  35.500        0.091264
  35.550        0.092352
  35.600        0.093427
  35.650        0.094490
  35.700        0.095539
  35.750        0.096575
  35.800        0.097597
  35.850        0.098606
  35.900        0.099601
  35.950        0.100582
  36.000        0.101549
  36.050        0.102501
  36.100        0.103440
  36.150        0.104364
  36.200        0.105274
  36.250        0.106169
  36.300        0.107049
  36.350        0.107915
  36.400        0.108766
  36.450        0.109602
  36.500        0.110423
  36.550        0.111230
  36.600        0.112021
  36.650        0.112798
  36.700        0.113560
  36.750        0.114307
  36.800        0.115039
  36.850        0.115756
  36.900        0.116458
  36.950        0.117145
  37.000        0.117818
  37.050        0.118476
  37.100        0.119119
  37.150        0.119748
  37.200        0.120362
  37.250        0.120962
  37.300        0.121547
  37.350        0.122119
  37.400        0.122676
  37.450        0.123219
  37.500        0.123748
  37.550        0.124263
  37.600        0.124765
  37.650        0.125253
  37.700        0.125728
  37.750        0.126189
  37.800        0.126638
  37.850        0.127073
  37.900        0.127496
  37.950        0.127906
  38.000        0.128304
  38.050        0.128690
  38.100        0.129063
  38.150        0.129425
  38.200        0.129775
  38.250        0.130114
  38.300        0.130442
  38.350        0.130759
  38.400        0.131064
  38.450        0.131360
  38.500        0.131645
  38.550        0.131920
  38.600        0.132185
  38.650        0.132440
  38.700        0.132686
  38.750        0.132923
  38.800        0.133151
  38.850        0.133370
  38.900        0.133581
  38.950        0.133784
  39.000        0.133979
  39.050        0.134166
  39.100        0.134346
  39.150        0.134519
  39.200        0.134685
  39.250        0.134844
  39.300        0.134997
  39.350        0.135143
  39.400        0.135284
  39.450        0.135420
  39.500        0.135550
  39.550        0.135675
  39.600        0.135795
  39.650        0.135910
  39.700        0.136022
  39.750        0.136129
  39.800        0.136233
  39.850        0.136333
  39.900        0.136430
  39.950        0.136524
  40.000        0.136615
  40.050        0.136704
  40.100        0.136791
  40.150        0.136875
  40.200        0.136958
  40.250        0.137039
  40.300        0.137119
  40.350        0.137198
  40.400        0.137277
  40.450        0.137354
  40.500        0.137432
  40.550        0.137509
  40.600        0.137586
  40.650        0.137664
  40.700        0.137742
  40.750        0.137822
  40.800        0.137902
  40.850        0.137983
  40.900        0.138065
  40.950        0.138150
  41.000        0.138236
  41.050        0.138323
  41.100        0.138413
  41.150        0.138506
  41.200        0.138600
  41.250        0.138698
  41.300        0.138798
  41.350        0.138901
  41.400        0.139007
  41.450        0.139116
  41.500        0.139229
  41.550        0.139346
  41.600        0.139466
  41.650        0.139589
  41.700        0.139717
  41.750        0.139848
  41.800        0.139984
  41.850        0.140124
  41.900        0.140268
  41.950        0.140417
  42.000        0.140570
  42.050        0.140727
  42.100        0.140890
  42.150        0.141057
  42.200        0.141228
  42.250        0.141405
  42.300        0.141586
  42.350        0.141772
  42.400        0.141963
  42.450        0.142159
  42.500        0.142360
  42.550        0.142566
  42.600        0.142777
  42.650        0.142993
  42.700        0.143214
  42.750        0.143440
  42.800        0.143671
  42.850        0.143907
  42.900        0.144148
  42.950        0.144394
  43.000        0.144645
  43.050        0.144900
  43.100        0.145161
  43.150        0.145426
  43.200        0.145695
  43.250        0.145970
  43.300        0.146249
  43.350        0.146532
  43.400        0.146820
  43.450        0.147112
  43.500        0.147408
  43.550        0.147708
  43.600        0.148012
  43.650        0.148321
  43.700        0.148632
  43.750        0.148948
  43.800        0.149267
  43.850        0.149590
  43.900        0.149915
  43.950        0.150244
  44.000        0.150576
  44.050        0.150911
  44.100        0.151248
  44.150        0.151588
  44.200        0.151930
  44.250        0.152275
  44.300        0.152621
  44.350        0.152970
  44.400        0.153320
  44.450        0.153671
  44.500        0.154024
  44.550        0.154378
  44.600        0.154733
  44.650        0.155088
  44.700        0.155444
  44.750        0.155801
  44.800        0.156157
  44.850        0.156514
  44.900        0.156870
  44.950        0.157226
  45.000        0.157581
  45.050        0.157934
  45.100        0.158287
  45.150        0.158639
  45.200        0.158988
  45.250        0.159336
  45.300        0.159682
  45.350        0.160026
  45.400        0.160367
  45.450        0.160705
  45.500        0.161040
  45.550        0.161372
  45.600        0.161700
  45.650        0.162025
  45.700        0.162345
  45.750        0.162662
  45.800        0.162974
  45.850        0.163281
  45.900        0.163583
  45.950        0.163880
  46.000        0.164172
  46.050        0.164457
  46.100        0.164737
  46.150        0.165011
  46.200        0.165278
  46.250        0.165539
  46.300        0.165792
  46.350        0.166039
  46.400        0.166277
  46.450        0.166509
  46.500        0.166732
  46.550        0.166947
  46.600        0.167154
  46.650        0.167352
  46.700        0.167541
  46.750        0.167721
  46.800        0.167892
  46.850        0.168053
  46.900        0.168204
  46.950        0.168346
  47.000        0.168477
  47.050        0.168597
  47.100        0.168707
  47.150        0.168805
  47.200        0.168893
  47.250        0.168969
  47.300        0.169033
  47.350        0.169086
  47.400        0.169126
  47.450        0.169155
  47.500        0.169170
  47.550        0.169173
  47.600        0.169164
  47.650        0.169141
  47.700        0.169105
  47.750        0.169055
  47.800        0.168992
  47.850        0.168914
  47.900        0.168823
  47.950        0.168718
  48.000        0.168598
  48.050        0.168464
  48.100        0.168315
  48.150        0.168151
  48.200        0.167972
  48.250        0.167778
  48.300        0.167569
  48.350        0.167344
  48.400        0.167103
  48.450        0.166847
  48.500        0.166575
  48.550        0.166287
  48.600        0.165982
  48.650        0.165662
  48.700        0.165324
  48.750        0.164971
  48.800        0.164601
  48.850        0.164214
  48.900        0.163810
  48.950        0.163389
  49.000        0.162951
  49.050        0.162496
  49.100        0.162024
  49.150        0.161535
  49.200        0.161028
  49.250        0.160504
  49.300        0.159962
  49.350        0.159403
  49.400        0.158826
  49.450        0.158232
  49.500        0.157620
  49.550        0.156990
  49.600        0.156342
  49.650        0.155677
  49.700        0.154994
  49.750        0.154293
  49.800        0.153574
  49.850        0.152837
  49.900        0.152082
  49.950        0.151310
  50.000        0.150519
  50.050        0.149711
  50.100        0.148885
  50.150        0.148041
  50.200        0.147180
  50.250        0.146300
  50.300        0.145403
  50.350        0.144488
  50.400        0.143555
  50.450        0.142605
  50.500        0.141637
  50.550        0.140652
  50.600        0.139649
  50.650        0.138629
  50.700        0.137592
  50.750        0.136537
  50.800        0.135465
  50.850        0.134376
  50.900        0.133270
  50.950        0.132148
  51.000        0.131008
  51.050        0.129852
  51.100        0.128679
  51.150        0.127489
  51.200        0.126284
  51.250        0.125062
  51.300        0.123823
  51.350        0.122569
  51.400        0.121299
  51.450        0.120014
  51.500        0.118712
  51.550        0.117396
  51.600        0.116063
  51.650        0.114716
  51.700        0.113354
  51.750        0.111977
  51.800        0.110585
  51.850        0.109179
  51.900        0.107758
  51.950        0.106324
  52.000        0.104875
  52.050        0.103412
  52.100        0.101936
  52.150        0.100446
  52.200        0.098943
  52.250        0.097427
  52.300        0.095899
  52.350        0.094357
  52.400        0.092803
  52.450        0.091237
  52.500        0.089659
  52.550        0.088069
  52.600        0.086467
  52.650        0.084854
  52.700        0.083229
  52.750        0.081594
  52.800        0.079948
  52.850        0.078292
  52.900        0.076625
  52.950        0.074948
  53.000        0.073261
  53.050        0.071565
  53.100        0.069859
  53.150        0.068144
  53.200        0.066421
  53.250        0.064689
  53.300        0.062948
  53.350        0.061199
  53.400        0.059442
  53.450        0.057678
  53.500        0.055907
  53.550        0.054128
  53.600        0.052342
  53.650        0.050550
  53.700        0.048751
  53.750        0.046947
  53.800        0.045136
  53.850        0.043320
  53.900        0.041499
  53.950        0.039672
  54.000        0.037841
  54.050        0.036005
  54.100        0.034165
  54.150        0.032321
  54.200        0.030473
  54.250        0.028622
  54.300        0.026768
  54.350        0.024910
  54.400        0.023050
  54.450        0.021188
  54.500        0.019323
  54.550        0.017457
  54.600        0.015589
  54.650        0.013720
  54.700        0.011850
  54.750        0.009979
  54.800        0.008107
  54.850        0.006235
  54.900        0.004364
  54.950        0.002492
  55.000        0.000621
  55.050       -0.001249
  55.100       -0.003117
  55.150       -0.004985
  55.200       -0.006851
  55.250       -0.008715
  55.300       -0.010577
  55.350       -0.012436
  55.400       -0.014293
  55.450       -0.016147
  55.500       -0.017997
  55.550       -0.019845
  55.600       -0.021688
  55.650       -0.023527
  55.700       -0.025363
  55.750       -0.027193
  55.800       -0.029019
  55.850       -0.030840
  55.900       -0.032656
  55.950       -0.034467
  56.000       -0.036271
  56.050       -0.038070
  56.100       -0.039862
  56.150       -0.041648
  56.200       -0.043427
  56.250       -0.045200
  56.300       -0.046965
  56.350       -0.048722
  56.400       -0.050473
  56.450       -0.052215
  56.500       -0.053949
  56.550       -0.055675
  56.600       -0.057392
  56.650       -0.059101
  56.700       -0.060800
  56.750       -0.062490
  56.800       -0.064171
  56.850       -0.065843
  56.900       -0.067504
  56.950       -0.069155
  57.000       -0.070796
  57.050       -0.072427
  57.100       -0.074047
  57.150       -0.075656
  57.200       -0.077254
  57.250       -0.078841
  57.300       -0.080417
  57.350       -0.081980
  57.400       -0.083532
  57.450       -0.085072
  57.500       -0.086600
  57.550       -0.088115
  57.600       -0.089618
  57.650       -0.091109
  57.700       -0.092586
  57.750       -0.094050
  57.800       -0.095501
  57.850       -0.096939
  57.900       -0.098363
  57.950       -0.099774
  58.000       -0.101170
  58.050       -0.102553
  58.100       -0.103922
  58.150       -0.105276
  58.200       -0.106616
  58.250       -0.107941
  58.300       -0.109252
  58.350       -0.110547
  58.400       -0.111828
  58.450       -0.113094
  58.500       -0.114345
  58.550       -0.115580
  58.600       -0.116800
  58.650       -0.118004
  58.700       -0.119193
  58.750       -0.120365
  58.800       -0.121522
  58.850       -0.122663
  58.900       -0.123788
  58.950       -0.124897
  59.000       -0.125989
  59.050       -0.127065
  59.100       -0.128125
  59.150       -0.129168
  59.200       -0.130195
  59.250       -0.131204
  59.300       -0.132197
  59.350       -0.133174
  59.400       -0.134133
  59.450       -0.135075
  59.500       -0.136000
  59.550       -0.136909
  59.600       -0.137800
  59.650       -0.138673
  59.700       -0.139530
  59.750       -0.140369
  59.800       -0.141191
  59.850       -0.141995
  59.900       -0.142783
  59.950       -0.143552
 & 
#  1 Channels, Eigenvalue: 5 Energy:   3.1608
# J:2.00 parity: 1
 #  channel core Jc (l sn) jn
#  1 : 1 0.0 2 0.0 2.0
#  1200 points
   0.000        0.000000
   0.050        0.000006
   0.100        0.000048
   0.150        0.000158
   0.200        0.000360
   0.250        0.000665
   0.300        0.001074
   0.350        0.001574
   0.400        0.002139
   0.450        0.002733
   0.500        0.003316
   0.550        0.003841
   0.600        0.004266
   0.650        0.004553
   0.700        0.004671
   0.750        0.004602
   0.800        0.004339
   0.850        0.003888
   0.900        0.003268
   0.950        0.002508
   1.000        0.001646
   1.050        0.000726
   1.100       -0.000205
   1.150       -0.001100
   1.200       -0.001915
   1.250       -0.002609
   1.300       -0.003149
   1.350       -0.003511
   1.400       -0.003678
   1.450       -0.003643
   1.500       -0.003408
   1.550       -0.002982
   1.600       -0.002381
   1.650       -0.001630
   1.700       -0.000754
   1.750        0.000215
   1.800        0.001246
   1.850        0.002307
   1.900        0.003366
   1.950        0.004393
   2.000        0.005363
   2.050        0.006251
   2.100        0.007040
   2.150        0.007712
   2.200        0.008259
   2.250        0.008674
   2.300        0.008955
   2.350        0.009103
   2.400        0.009125
   2.450        0.009028
   2.500        0.008824
   2.550        0.008527
   2.600        0.008151
   2.650        0.007714
   2.700        0.007232
   2.750        0.006723
   2.800        0.006205
   2.850        0.005694
   2.900        0.005207
   2.950        0.004758
   3.000        0.004363
   3.050        0.004033
   3.100        0.003780
   3.150        0.003614
   3.200        0.003541
   3.250        0.003567
   3.300        0.003698
   3.350        0.003935
   3.400        0.004281
   3.450        0.004733
   3.500        0.005291
   3.550        0.005950
   3.600        0.006708
   3.650        0.007558
   3.700        0.008494
   3.750        0.009509
   3.800        0.010595
   3.850        0.011745
   3.900        0.012949
   3.950        0.014199
   4.000        0.015487
   4.050        0.016802
   4.100        0.018138
   4.150        0.019484
   4.200        0.020833
   4.250        0.022177
   4.300        0.023509
   4.350        0.024822
   4.400        0.026108
   4.450        0.027364
   4.500        0.028583
   4.550        0.029760
   4.600        0.030893
   4.650        0.031977
   4.700        0.033011
   4.750        0.033992
   4.800        0.034919
   4.850        0.035792
   4.900        0.036610
   4.950        0.037375
   5.000        0.038087
   5.050        0.038747
   5.100        0.039359
   5.150        0.039925
   5.200        0.040447
   5.250        0.040930
   5.300        0.041376
   5.350        0.041790
   5.400        0.042176
   5.450        0.042538
   5.500        0.042881
   5.550        0.043210
   5.600        0.043530
   5.650        0.043844
   5.700        0.044159
   5.750        0.044479
   5.800        0.044808
   5.850        0.045152
   5.900        0.045514
   5.950        0.045900
   6.000        0.046312
   6.050        0.046757
   6.100        0.047236
   6.150        0.047754
   6.200        0.048313
   6.250        0.048918
   6.300        0.049571
   6.350        0.050273
   6.400        0.051028
   6.450        0.051837
   6.500        0.052702
   6.550        0.053624
   6.600        0.054603
   6.650        0.055642
   6.700        0.056739
   6.750        0.057896
   6.800        0.059111
   6.850        0.060385
   6.900        0.061716
   6.950        0.063104
   7.000        0.064548
   7.050        0.066045
   7.100        0.067595
   7.150        0.069195
   7.200        0.070843
   7.250        0.072538
   7.300        0.074275
   7.350        0.076054
   7.400        0.077871
   7.450        0.079723
   7.500        0.081608
   7.550        0.083522
   7.600        0.085462
   7.650        0.087426
   7.700        0.089410
   7.750        0.091410
   7.800        0.093424
   7.850        0.095449
   7.900        0.097480
   7.950        0.099516
   8.000        0.101553
   8.050        0.103587
   8.100        0.105616
   8.150        0.107637
   8.200        0.109647
   8.250        0.111644
   8.300        0.113624
   8.350        0.115585
   8.400        0.117525
   8.450        0.119442
   8.500        0.121332
   8.550        0.123195
   8.600        0.125029
   8.650        0.126830
   8.700        0.128599
   8.750        0.130334
   8.800        0.132033
   8.850        0.133695
   8.900        0.135319
   8.950        0.136905
   9.000        0.138451
   9.050        0.139957
   9.100        0.141423
   9.150        0.142849
   9.200        0.144234
   9.250        0.145579
   9.300        0.146883
   9.350        0.148147
   9.400        0.149372
   9.450        0.150557
   9.500        0.151704
   9.550        0.152814
   9.600        0.153887
   9.650        0.154924
   9.700        0.155926
   9.750        0.156896
   9.800        0.157833
   9.850        0.158739
   9.900        0.159616
   9.950        0.160464
  10.000        0.161287
  10.050        0.162084
  10.100        0.162858
  10.150        0.163611
  10.200        0.164343
  10.250        0.165058
  10.300        0.165755
  10.350        0.166438
  10.400        0.167108
  10.450        0.167766
  10.500        0.168414
  10.550        0.169054
  10.600        0.169688
  10.650        0.170317
  10.700        0.170942
  10.750        0.171566
  10.800        0.172190
  10.850        0.172815
  10.900        0.173442
  10.950        0.174074
  11.000        0.174711
  11.050        0.175354
  11.100        0.176005
  11.150        0.176665
  11.200        0.177335
  11.250        0.178015
  11.300        0.178707
  11.350        0.179411
  11.400        0.180129
  11.450        0.180860
  11.500        0.181605
  11.550        0.182365
  11.600        0.183140
  11.650        0.183930
  11.700        0.184735
  11.750        0.185556
  11.800        0.186393
  11.850        0.187245
  11.900        0.188113
  11.950        0.188995
  12.000        0.189893
  12.050        0.190804
  12.100        0.191730
  12.150        0.192669
  12.200        0.193621
  12.250        0.194584
  12.300        0.195559
  12.350        0.196545
  12.400        0.197539
  12.450        0.198542
  12.500        0.199553
  12.550        0.200570
  12.600        0.201592
  12.650        0.202618
  12.700        0.203647
  12.750        0.204677
  12.800        0.205707
  12.850        0.206736
  12.900        0.207762
  12.950        0.208783
  13.000        0.209800
  13.050        0.210809
  13.100        0.211809
  13.150        0.212799
  13.200        0.213777
  13.250        0.214741
  13.300        0.215691
  13.350        0.216624
  13.400        0.217539
  13.450        0.218434
  13.500        0.219308
  13.550        0.220159
  13.600        0.220986
  13.650        0.221786
  13.700        0.222559
  13.750        0.223303
  13.800        0.224017
  13.850        0.224698
  13.900        0.225346
  13.950        0.225959
  14.000        0.226536
  14.050        0.227075
  14.100        0.227576
  14.150        0.228036
  14.200        0.228455
  14.250        0.228832
  14.300        0.229165
  14.350        0.229454
  14.400        0.229697
  14.450        0.229893
  14.500        0.230042
  14.550        0.230142
  14.600        0.230193
  14.650        0.230194
  14.700        0.230144
  14.750        0.230043
  14.800        0.229890
  14.850        0.229685
  14.900        0.229426
  14.950        0.229115
  15.000        0.228749
  15.050        0.228330
  15.100        0.227856
  15.150        0.227328
  15.200        0.226746
  15.250        0.226109
  15.300        0.225417
  15.350        0.224671
  15.400        0.223870
  15.450        0.223015
  15.500        0.222107
  15.550        0.221144
  15.600        0.220128
  15.650        0.219059
  15.700        0.217937
  15.750        0.216763
  15.800        0.215538
  15.850        0.214262
  15.900        0.212935
  15.950        0.211558
  16.000        0.210133
  16.050        0.208659
  16.100        0.207138
  16.150        0.205570
  16.200        0.203957
  16.250        0.202298
  16.300        0.200596
  16.350        0.198851
  16.400        0.197064
  16.450        0.195236
  16.500        0.193368
  16.550        0.191461
  16.600        0.189516
  16.650        0.187535
  16.700        0.185519
  16.750        0.183468
  16.800        0.181384
  16.850        0.179268
  16.900        0.177121
  16.950        0.174945
  17.000        0.172741
  17.050        0.170509
  17.100        0.168252
  17.150        0.165970
  17.200        0.163664
  17.250        0.161336
  17.300        0.158988
  17.350        0.156619
  17.400        0.154232
  17.450        0.151828
  17.500        0.149407
  17.550        0.146971
  17.600        0.144522
  17.650        0.142060
  17.700        0.139587
  17.750        0.137103
  17.800        0.134610
  17.850        0.132108
  17.900        0.129600
  17.950        0.127086
  18.000        0.124567
  18.050        0.122044
  18.100        0.119517
  18.150        0.116989
  18.200        0.114460
  18.250        0.111931
  18.300        0.109402
  18.350        0.106875
  18.400        0.104351
  18.450        0.101829
  18.500        0.099312
  18.550        0.096800
  18.600        0.094293
  18.650        0.091792
  18.700        0.089298
  18.750        0.086811
  18.800        0.084333
  18.850        0.081863
  18.900        0.079402
  18.950        0.076951
  19.000        0.074510
  19.050        0.072079
  19.100        0.069660
  19.150        0.067251
  19.200        0.064855
  19.250        0.062470
  19.300        0.060097
  19.350        0.057737
  19.400        0.055390
  19.450        0.053056
  19.500        0.050734
  19.550        0.048426
  19.600        0.046131
  19.650        0.043850
  19.700        0.041582
  19.750        0.039327
  19.800        0.037086
  19.850        0.034858
  19.900        0.032643
  19.950        0.030442
  20.000        0.028254
  20.050        0.026079
  20.100        0.023917
  20.150        0.021768
  20.200        0.019631
  20.250        0.017507
  20.300        0.015394
  20.350        0.013294
  20.400        0.011205
  20.450        0.009128
  20.500        0.007061
  20.550        0.005006
  20.600        0.002961
  20.650        0.000926
  20.700       -0.001099
  20.750       -0.003115
  20.800       -0.005122
  20.850       -0.007119
  20.900       -0.009109
  20.950       -0.011090
  21.000       -0.013064
  21.050       -0.015031
  21.100       -0.016990
  21.150       -0.018944
  21.200       -0.020891
  21.250       -0.022833
  21.300       -0.024769
  21.350       -0.026700
  21.400       -0.028627
  21.450       -0.030550
  21.500       -0.032469
  21.550       -0.034385
  21.600       -0.036297
  21.650       -0.038208
  21.700       -0.040115
  21.750       -0.042021
  21.800       -0.043926
  21.850       -0.045829
  21.900       -0.047731
  21.950       -0.049633
  22.000       -0.051534
  22.050       -0.053435
  22.100       -0.055337
  22.150       -0.057239
  22.200       -0.059142
  22.250       -0.061046
  22.300       -0.062951
  22.350       -0.064857
  22.400       -0.066765
  22.450       -0.068675
  22.500       -0.070587
  22.550       -0.072501
  22.600       -0.074417
  22.650       -0.076336
  22.700       -0.078256
  22.750       -0.080179
  22.800       -0.082105
  22.850       -0.084033
  22.900       -0.085964
  22.950       -0.087897
  23.000       -0.089832
  23.050       -0.091770
  23.100       -0.093711
  23.150       -0.095653
  23.200       -0.097597
  23.250       -0.099544
  23.300       -0.101492
  23.350       -0.103442
  23.400       -0.105393
  23.450       -0.107346
  23.500       -0.109299
  23.550       -0.111254
  23.600       -0.113208
  23.650       -0.115163
  23.700       -0.117117
  23.750       -0.119071
  23.800       -0.121024
  23.850       -0.122976
  23.900       -0.124926
  23.950       -0.126874
  24.000       -0.128819
  24.050       -0.130762
  24.100       -0.132701
  24.150       -0.134636
  24.200       -0.136566
  24.250       -0.138492
  24.300       -0.140412
  24.350       -0.142326
  24.400       -0.144234
  24.450       -0.146134
  24.500       -0.148026
  24.550       -0.149910
  24.600       -0.151785
  24.650       -0.153650
  24.700       -0.155505
  24.750       -0.157348
  24.800       -0.159180
  24.850       -0.161000
  24.900       -0.162807
  24.950       -0.164600
  25.000       -0.166378
  25.050       -0.168141
  25.100       -0.169888
  25.150       -0.171619
  25.200       -0.173332
  25.250       -0.175027
  25.300       -0.176703
  25.350       -0.178359
  25.400       -0.179994
  25.450       -0.181609
  25.500       -0.183201
  25.550       -0.184771
  25.600       -0.186317
  25.650       -0.187839
  25.700       -0.189335
  25.750       -0.190806
  25.800       -0.192250
  25.850       -0.193666
  25.900       -0.195055
  25.950       -0.196414
  26.000       -0.197743
  26.050       -0.199042
  26.100       -0.200310
  26.150       -0.201545
  26.200       -0.202748
  26.250       -0.203917
  26.300       -0.205052
  26.350       -0.206152
  26.400       -0.207216
  26.450       -0.208243
  26.500       -0.209234
  26.550       -0.210186
  26.600       -0.211100
  26.650       -0.211975
  26.700       -0.212810
  26.750       -0.213604
  26.800       -0.214357
  26.850       -0.215069
  26.900       -0.215738
  26.950       -0.216363
  27.000       -0.216946
  27.050       -0.217484
  27.100       -0.217977
  27.150       -0.218425
  27.200       -0.218828
  27.250       -0.219184
  27.300       -0.219493
  27.350       -0.219755
  27.400       -0.219969
  27.450       -0.220135
  27.500       -0.220253
  27.550       -0.220321
  27.600       -0.220340
  27.650       -0.220310
  27.700       -0.220229
  27.750       -0.220098
  27.800       -0.219916
  27.850       -0.219684
  27.900       -0.219400
  27.950       -0.219064
  28.000       -0.218677
  28.050       -0.218238
  28.100       -0.217747
  28.150       -0.217204
  28.200       -0.216608
  28.250       -0.215959
  28.300       -0.215258
  28.350       -0.214505
  28.400       -0.213698
  28.450       -0.212839
  28.500       -0.211927
  28.550       -0.210962
  28.600       -0.209945
  28.650       -0.208875
  28.700       -0.207752
  28.750       -0.206577
  28.800       -0.205349
  28.850       -0.204069
  28.900       -0.202737
  28.950       -0.201353
  29.000       -0.199918
  29.050       -0.198431
  29.100       -0.196893
  29.150       -0.195304
  29.200       -0.193664
  29.250       -0.191974
  29.300       -0.190234
  29.350       -0.188445
  29.400       -0.186606
  29.450       -0.184718
  29.500       -0.182782
  29.550       -0.180798
  29.600       -0.178767
  29.650       -0.176688
  29.700       -0.174563
  29.750       -0.172392
  29.800       -0.170175
  29.850       -0.167914
  29.900       -0.165608
  29.950       -0.163258
  30.000       -0.160865
  30.050       -0.158429
  30.100       -0.155952
  30.150       -0.153433
  30.200       -0.150874
  30.250       -0.148274
  30.300       -0.145636
  30.350       -0.142959
  30.400       -0.140245
  30.450       -0.137493
  30.500       -0.134705
  30.550       -0.131882
  30.600       -0.129024
  30.650       -0.126132
  30.700       -0.123207
  30.750       -0.120250
  30.800       -0.117261
  30.850       -0.114242
  30.900       -0.111194
  30.950       -0.108116
  31.000       -0.105011
  31.050       -0.101879
  31.100       -0.098720
  31.150       -0.095537
  31.200       -0.092329
  31.250       -0.089097
  31.300       -0.085844
  31.350       -0.082569
  31.400       -0.079273
  31.450       -0.075958
  31.500       -0.072624
  31.550       -0.069273
  31.600       -0.065905
  31.650       -0.062521
  31.700       -0.059123
  31.750       -0.055711
  31.800       -0.052286
  31.850       -0.048849
  31.900       -0.045402
  31.950       -0.041945
  32.000       -0.038479
  32.050       -0.035006
  32.100       -0.031526
  32.150       -0.028040
  32.200       -0.024550
  32.250       -0.021055
  32.300       -0.017559
  32.350       -0.014060
  32.400       -0.010561
  32.450       -0.007061
  32.500       -0.003564
  32.550       -0.000068
  32.600        0.003424
  32.650        0.006912
  32.700        0.010395
  32.750        0.013871
  32.800        0.017341
  32.850        0.020802
  32.900        0.024254
  32.950        0.027696
  33.000        0.031127
  33.050        0.034546
  33.100        0.037952
  33.150        0.041344
  33.200        0.044722
  33.250        0.048084
  33.300        0.051429
  33.350        0.054757
  33.400        0.058066
  33.450        0.061357
  33.500        0.064627
  33.550        0.067876
  33.600        0.071103
  33.650        0.074307
  33.700        0.077488
  33.750        0.080645
  33.800        0.083777
  33.850        0.086882
  33.900        0.089961
  33.950        0.093012
  34.000        0.096035
  34.050        0.099029
  34.100        0.101993
  34.150        0.104927
  34.200        0.107829
  34.250        0.110700
  34.300        0.113538
  34.350        0.116342
  34.400        0.119113
  34.450        0.121849
  34.500        0.124549
  34.550        0.127214
  34.600        0.129842
  34.650        0.132434
  34.700        0.134987
  34.750        0.137502
  34.800        0.139979
  34.850        0.142416
  34.900        0.144813
  34.950        0.147170
  35.000        0.149486
  35.050        0.151761
  35.100        0.153994
  35.150        0.156185
  35.200        0.158333
  35.250        0.160437
  35.300        0.162499
  35.350        0.164516
  35.400        0.166489
  35.450        0.168418
  35.500        0.170301
  35.550        0.172140
  35.600        0.173932
  35.650        0.175679
  35.700        0.177379
  35.750        0.179033
  35.800        0.180641
  35.850        0.182201
  35.900        0.183714
  35.950        0.185180
  36.000        0.186598
  36.050        0.187969
  36.100        0.189292
  36.150        0.190566
  36.200        0.191793
  36.250        0.192971
  36.300        0.194100
  36.350        0.195182
  36.400        0.196214
  36.450        0.197198
  36.500        0.198134
  36.550        0.199021
  36.600        0.199859
  36.650        0.200648
  36.700        0.201389
  36.750        0.202081
  36.800        0.202725
  36.850        0.203320
  36.900        0.203867
  36.950        0.204365
  37.000        0.204815
  37.050        0.205217
  37.100        0.205570
  37.150        0.205876
  37.200        0.206134
  37.250        0.206345
  37.300        0.206508
  37.350        0.206624
  37.400        0.206693
  37.450        0.206715
  37.500        0.206691
  37.550        0.206620
  37.600        0.206503
  37.650        0.206340
  37.700        0.206132
  37.750        0.205878
  37.800        0.205580
  37.850        0.205237
  37.900        0.204849
  37.950        0.204417
  38.000        0.203942
  38.050        0.203423
  38.100        0.202862
  38.150        0.202257
  38.200        0.201611
  38.250        0.200922
  38.300        0.200192
  38.350        0.199421
  38.400        0.198609
  38.450        0.197757
  38.500        0.196865
  38.550        0.195934
  38.600        0.194964
  38.650        0.193955
  38.700        0.192908
  38.750        0.191824
  38.800        0.190702
  38.850        0.189544
  38.900        0.188350
  38.950        0.187120
  39.000        0.185855
  39.050        0.184555
  39.100        0.183221
  39.150        0.181853
  39.200        0.180452
  39.250        0.179019
  39.300        0.177553
  39.350        0.176056
  39.400        0.174528
  39.450        0.172969
  39.500        0.171381
  39.550        0.169763
  39.600        0.168116
  39.650        0.166441
  39.700        0.164739
  39.750        0.163009
  39.800        0.161253
  39.850        0.159471
  39.900        0.157663
  39.950        0.155830
  40.000        0.153974
  40.050        0.152093
  40.100        0.150190
  40.150        0.148264
  40.200        0.146316
  40.250        0.144346
  40.300        0.142356
  40.350        0.140346
  40.400        0.138316
  40.450        0.136267
  40.500        0.134200
  40.550        0.132115
  40.600        0.130013
  40.650        0.127894
  40.700        0.125759
  40.750        0.123609
  40.800        0.121443
  40.850        0.119264
  40.900        0.117071
  40.950        0.114864
  41.000        0.112646
  41.050        0.110415
  41.100        0.108173
  41.150        0.105920
  41.200        0.103657
  41.250        0.101384
  41.300        0.099102
  41.350        0.096812
  41.400        0.094514
  41.450        0.092208
  41.500        0.089896
  41.550        0.087578
  41.600        0.085253
  41.650        0.082924
  41.700        0.080590
  41.750        0.078252
  41.800        0.075911
  41.850        0.073567
  41.900        0.071220
  41.950        0.068872
  42.000        0.066522
  42.050        0.064171
  42.100        0.061821
  42.150        0.059470
  42.200        0.057120
  42.250        0.054771
  42.300        0.052424
  42.350        0.050080
  42.400        0.047738
  42.450        0.045399
  42.500        0.043065
  42.550        0.040734
  42.600        0.038408
  42.650        0.036087
  42.700        0.033772
  42.750        0.031463
  42.800        0.029160
  42.850        0.026865
  42.900        0.024576
  42.950        0.022296
  43.000        0.020024
  43.050        0.017761
  43.100        0.015507
  43.150        0.013262
  43.200        0.011027
  43.250        0.008803
  43.300        0.006590
  43.350        0.004387
  43.400        0.002197
  43.450        0.000018
  43.500       -0.002149
  43.550       -0.004303
  43.600       -0.006444
  43.650       -0.008571
  43.700       -0.010685
  43.750       -0.012785
  43.800       -0.014870
  43.850       -0.016941
  43.900       -0.018996
  43.950       -0.021036
  44.000       -0.023061
  44.050       -0.025069
  44.100       -0.027061
  44.150       -0.029037
  44.200       -0.030995
  44.250       -0.032937
  44.300       -0.034861
  44.350       -0.036767
  44.400       -0.038656
  44.450       -0.040526
  44.500       -0.042378
  44.550       -0.044211
  44.600       -0.046025
  44.650       -0.047820
  44.700       -0.049596
  44.750       -0.051352
  44.800       -0.053088
  44.850       -0.054805
  44.900       -0.056501
  44.950       -0.058176
  45.000       -0.059831
  45.050       -0.061466
  45.100       -0.063079
  45.150       -0.064671
  45.200       -0.066242
  45.250       -0.067792
  45.300       -0.069320
  45.350       -0.070826
  45.400       -0.072311
  45.450       -0.073773
  45.500       -0.075214
  45.550       -0.076632
  45.600       -0.078028
  45.650       -0.079402
  45.700       -0.080753
  45.750       -0.082081
  45.800       -0.083387
  45.850       -0.084670
  45.900       -0.085930
  45.950       -0.087167
  46.000       -0.088381
  46.050       -0.089572
  46.100       -0.090740
  46.150       -0.091885
  46.200       -0.093007
  46.250       -0.094105
  46.300       -0.095180
  46.350       -0.096232
  46.400       -0.097261
  46.450       -0.098266
  46.500       -0.099248
  46.550       -0.100206
  46.600       -0.101141
  46.650       -0.102053
  46.700       -0.102941
  46.750       -0.103806
  46.800       -0.104648
  46.850       -0.105466
  46.900       -0.106261
  46.950       -0.107033
  47.000       -0.107782
  47.050       -0.108508
  47.100       -0.109210
  47.150       -0.109889
  47.200       -0.110546
  47.250       -0.111179
  47.300       -0.111789
  47.350       -0.112377
  47.400       -0.112942
  47.450       -0.113484
  47.500       -0.114004
  47.550       -0.114501
  47.600       -0.114975
  47.650       -0.115428
  47.700       -0.115858
  47.750       -0.116265
  47.800       -0.116651
  47.850       -0.117015
  47.900       -0.117357
  47.950       -0.117677
  48.000       -0.117976
  48.050       -0.118253
  48.100       -0.118508
  48.150       -0.118743
  48.200       -0.118956
  48.250       -0.119148
  48.300       -0.119320
  48.350       -0.119470
  48.400       -0.119600
  48.450       -0.119710
  48.500       -0.119799
  48.550       -0.119868
  48.600       -0.119917
  48.650       -0.119946
  48.700       -0.119956
  48.750       -0.119946
  48.800       -0.119916
  48.850       -0.119868
  48.900       -0.119800
  48.950       -0.119713
  49.000       -0.119607
  49.050       -0.119483
  49.100       -0.119341
  49.150       -0.119180
  49.200       -0.119001
  49.250       -0.118804
  49.300       -0.118590
  49.350       -0.118358
  49.400       -0.118109
  49.450       -0.117842
  49.500       -0.117559
  49.550       -0.117259
  49.600       -0.116942
  49.650       -0.116608
  49.700       -0.116259
  49.750       -0.115893
  49.800       -0.115512
  49.850       -0.115115
  49.900       -0.114702
  49.950       -0.114274
  50.000       -0.113832
  50.050       -0.113374
  50.100       -0.112901
  50.150       -0.112414
  50.200       -0.111913
  50.250       -0.111398
  50.300       -0.110869
  50.350       -0.110326
  50.400       -0.109770
  50.450       -0.109200
  50.500       -0.108617
  50.550       -0.108022
  50.600       -0.107414
  50.650       -0.106793
  50.700       -0.106160
  50.750       -0.105515
  50.800       -0.104858
  50.850       -0.104190
  50.900       -0.103510
  50.950       -0.102819
  51.000       -0.102116
  51.050       -0.101403
  51.100       -0.100679
  51.150       -0.099945
  51.200       -0.099201
  51.250       -0.098447
  51.300       -0.097682
  51.350       -0.096909
  51.400       -0.096125
  51.450       -0.095333
  51.500       -0.094531
  51.550       -0.093721
  51.600       -0.092902
  51.650       -0.092075
  51.700       -0.091239
  51.750       -0.090396
  51.800       -0.089545
  51.850       -0.088686
  51.900       -0.087819
  51.950       -0.086946
  52.000       -0.086065
  52.050       -0.085178
  52.100       -0.084283
  52.150       -0.083383
  52.200       -0.082476
  52.250       -0.081563
  52.300       -0.080644
  52.350       -0.079720
  52.400       -0.078790
  52.450       -0.077855
  52.500       -0.076914
  52.550       -0.075969
  52.600       -0.075019
  52.650       -0.074064
  52.700       -0.073105
  52.750       -0.072142
  52.800       -0.071175
  52.850       -0.070203
  52.900       -0.069229
  52.950       -0.068250
  53.000       -0.067269
  53.050       -0.066284
  53.100       -0.065296
  53.150       -0.064305
  53.200       -0.063312
  53.250       -0.062316
  53.300       -0.061318
  53.350       -0.060318
  53.400       -0.059316
  53.450       -0.058312
  53.500       -0.057306
  53.550       -0.056299
  53.600       -0.055291
  53.650       -0.054281
  53.700       -0.053270
  53.750       -0.052258
  53.800       -0.051246
  53.850       -0.050233
  53.900       -0.049220
  53.950       -0.048206
  54.000       -0.047193
  54.050       -0.046179
  54.100       -0.045165
  54.150       -0.044152
  54.200       -0.043139
  54.250       -0.042127
  54.300       -0.041116
  54.350       -0.040105
  54.400       -0.039095
  54.450       -0.038087
  54.500       -0.037079
  54.550       -0.036073
  54.600       -0.035069
  54.650       -0.034066
  54.700       -0.033065
  54.750       -0.032066
  54.800       -0.031068
  54.850       -0.030073
  54.900       -0.029080
  54.950       -0.028090
  55.000       -0.027102
  55.050       -0.026116
  55.100       -0.025133
  55.150       -0.024153
  55.200       -0.023176
  55.250       -0.022202
  55.300       -0.021231
  55.350       -0.020263
  55.400       -0.019298
  55.450       -0.018337
  55.500       -0.017379
  55.550       -0.016425
  55.600       -0.015475
  55.650       -0.014528
  55.700       -0.013586
  55.750       -0.012647
  55.800       -0.011712
  55.850       -0.010782
  55.900       -0.009855
  55.950       -0.008933
  56.000       -0.008016
  56.050       -0.007103
  56.100       -0.006194
  56.150       -0.005290
  56.200       -0.004391
  56.250       -0.003496
  56.300       -0.002607
  56.350       -0.001722
  56.400       -0.000842
  56.450        0.000032
  56.500        0.000902
  56.550        0.001766
  56.600        0.002625
  56.650        0.003479
  56.700        0.004328
  56.750        0.005171
  56.800        0.006008
  56.850        0.006840
  56.900        0.007666
  56.950        0.008487
  57.000        0.009302
  57.050        0.010111
  57.100        0.010915
  57.150        0.011713
  57.200        0.012504
  57.250        0.013290
  57.300        0.014070
  57.350        0.014844
  57.400        0.015611
  57.450        0.016373
  57.500        0.017129
  57.550        0.017878
  57.600        0.018621
  57.650        0.019358
  57.700        0.020089
  57.750        0.020813
  57.800        0.021531
  57.850        0.022243
  57.900        0.022948
  57.950        0.023647
  58.000        0.024339
  58.050        0.025025
  58.100        0.025704
  58.150        0.026377
  58.200        0.027044
  58.250        0.027704
  58.300        0.028357
  58.350        0.029004
  58.400        0.029644
  58.450        0.030278
  58.500        0.030904
  58.550        0.031525
  58.600        0.032138
  58.650        0.032746
  58.700        0.033346
  58.750        0.033940
  58.800        0.034527
  58.850        0.035107
  58.900        0.035681
  58.950        0.036248
  59.000        0.036808
  59.050        0.037362
  59.100        0.037908
  59.150        0.038449
  59.200        0.038982
  59.250        0.039509
  59.300        0.040029
  59.350        0.040543
  59.400        0.041050
  59.450        0.041550
  59.500        0.042043
  59.550        0.042530
  59.600        0.043010
  59.650        0.043484
  59.700        0.043951
  59.750        0.044411
  59.800        0.044865
  59.850        0.045312
  59.900        0.045752
  59.950        0.046186
 & 
