#Phase-shifts for J/pi=2.0+   Inc. chan.=  1 ql=  2
 0.010    -0.59772      -0.23021E-14
 0.017    -0.15009E-01  -0.27419E-14
 0.026     0.12618E-06  -0.27790E-15
 0.037     0.30251E-06   0.15834E-14
 0.050     0.63650E-06  -0.70970E-15
 0.065     0.12159E-05   0.28218E-14
 0.082     0.21562E-05  -0.16337E-14
 0.100     0.36045E-05  -0.93742E-15
 0.121     0.57427E-05  -0.30942E-14
 0.143     0.87922E-05  -0.38029E-14
 0.168     0.13016E-04   0.91821E-15
 0.194     0.18725E-04  -0.11400E-15
 0.222     0.26277E-04  -0.41800E-15
 0.252     0.36086E-04  -0.16404E-16
 0.284     0.48622E-04   0.85211E-15
 0.318     0.64412E-04  -0.37629E-15
 0.354     0.84051E-04  -0.19735E-14
 0.392     0.10820E-03  -0.15947E-14
 0.432     0.13758E-03   0.19911E-14
 0.473     0.17301E-03  -0.31274E-14
 0.517     0.21535E-03  -0.64291E-15
 0.562     0.26557E-03  -0.17716E-14
 0.610     0.32471E-03  -0.30029E-14
 0.659     0.39389E-03  -0.35506E-14
 0.710     0.47432E-03   0.19447E-14
 0.763     0.56732E-03  -0.10266E-14
 0.818     0.67427E-03  -0.19521E-14
 0.875     0.79666E-03  -0.18694E-15
 0.934     0.93610E-03   0.75184E-15
 0.995     0.10943E-02  -0.46584E-14
 1.058     0.12729E-02   0.93275E-15
 1.122     0.14740E-02   0.58947E-14
 1.189     0.16995E-02  -0.20506E-14
 1.257     0.19516E-02  -0.37649E-15
 1.328     0.22324E-02  -0.29626E-14
 1.400     0.25443E-02   0.29066E-14
 1.474     0.28897E-02  -0.15201E-14
 1.550     0.32713E-02   0.49510E-14
 1.628     0.36916E-02  -0.13450E-14
 1.708     0.41535E-02   0.54419E-15
 1.790     0.46599E-02   0.23304E-14
 1.874     0.52139E-02  -0.11864E-14
 1.959     0.58185E-02  -0.21727E-14
 2.047     0.64772E-02  -0.42350E-16
 2.137     0.71932E-02  -0.14707E-14
 2.228     0.79701E-02  -0.36498E-14
 2.321     0.88116E-02  -0.38753E-14
 2.417     0.97214E-02   0.29677E-14
 2.514     0.10703E-01   0.11158E-14
 2.613     0.11762E-01  -0.43931E-14
 2.714     0.12900E-01  -0.29539E-14
 2.817     0.14124E-01   0.41687E-15
 2.922     0.15436E-01  -0.18036E-14
 3.028     0.16842E-01   0.14633E-14
 3.137     0.18347E-01   0.45803E-15
 3.248     0.19954E-01   0.31446E-14
 3.360     0.21669E-01  -0.54265E-15
 3.475     0.23497E-01   0.30252E-14
 3.591     0.25444E-01   0.69914E-15
 3.709     0.27513E-01   0.24362E-16
 3.829     0.29711E-01  -0.10947E-15
 3.951     0.32043E-01   0.14300E-14
 4.075     0.34516E-01   0.52571E-14
 4.201     0.37133E-01   0.78839E-16
 4.329     0.39902E-01  -0.78221E-15
 4.459     0.42828E-01  -0.12807E-14
 4.591     0.45917E-01  -0.81909E-15
 4.724     0.49176E-01  -0.63362E-15
 4.860     0.52611E-01  -0.25273E-14
 4.997     0.56227E-01  -0.25505E-14
 5.136     0.60033E-01  -0.39033E-14
 5.278     0.64033E-01   0.40327E-14
 5.421     0.68235E-01   0.27417E-15
 5.566     0.72646E-01  -0.41731E-14
 5.713     0.77272E-01  -0.31544E-14
 5.862     0.82120E-01  -0.46675E-15
 6.013     0.87198E-01  -0.39520E-14
 6.165     0.92512E-01   0.29890E-14
 6.320     0.98070E-01   0.25469E-14
 6.477     0.10388      -0.31797E-17
 6.635     0.10995       0.23004E-15
 6.795     0.11628      -0.28006E-14
 6.958     0.12288       0.28476E-14
 7.122     0.12977      -0.22092E-15
 7.288     0.13695      -0.50310E-15
 7.456     0.14442       0.17694E-14
 7.626     0.15219      -0.41869E-14
 7.798     0.16028      -0.34235E-14
 7.972     0.16868      -0.22209E-14
 8.147     0.17741       0.42181E-14
 8.325     0.18648      -0.14161E-14
 8.505     0.19589       0.11288E-14
 8.686     0.20565       0.85969E-15
 8.869     0.21577      -0.16417E-14
 9.055     0.22626       0.26451E-14
 9.242     0.23712      -0.14808E-14
 9.431     0.24836       0.31982E-15
 9.622     0.26000      -0.27223E-14
 9.815     0.27203       0.18787E-14
10.010     0.28447      -0.61310E-14
 &
#Phase-shifts for J/pi=0.0+   Inc. chan.=  1 ql=  0
 0.100     -14.933      -0.95867E-15
 0.401     -28.925       0.30213E-14
 0.702     -37.144      -0.20168E-14
 1.003     -43.208      -0.40089E-14
 1.304     -48.055       0.22099E-14
 1.605     -52.101       0.24146E-14
 1.906     -55.576      -0.17378E-14
 2.207     -58.623       0.42483E-15
 2.508     -61.334       0.14322E-14
 2.809     -63.776      -0.35464E-14
 3.110     -65.997      -0.34312E-14
 3.411     -68.034       0.25008E-14
 3.712     -69.915       0.10924E-14
 4.013     -71.661       0.73270E-16
 4.314     -73.291      -0.22999E-14
 4.615     -74.818      -0.27724E-14
 4.916     -76.256       0.21766E-14
 5.217     -77.614      -0.19939E-14
 5.518     -78.900       0.62238E-16
 5.819     -80.121      -0.22277E-14
 6.120     -81.284      -0.26797E-14
 6.421     -82.394       0.59193E-15
 6.722     -83.455       0.31427E-15
 7.023     -84.472       0.57354E-14
 7.324     -85.449      -0.16980E-14
 7.625     -86.387       0.11348E-14
 7.926     -87.291      -0.17087E-14
 8.227     -88.162       0.67516E-15
 8.528     -89.003       0.86714E-15
 8.829     -89.815       0.34083E-14
 9.130      89.398      -0.26241E-14
 9.431      88.637      -0.19282E-14
 9.732      87.899       0.10938E-14
10.033      87.182       0.17853E-14
10.334      86.487       0.52218E-14
10.635      85.810      -0.69858E-15
10.936      85.153      -0.42639E-14
11.237      84.512       0.11249E-14
11.538      83.889       0.88423E-15
11.839      83.281      -0.92756E-15
12.140      82.688       0.33908E-14
12.441      82.110      -0.19076E-14
12.742      81.545      -0.32410E-14
13.043      80.993      -0.19729E-14
13.344      80.454      -0.19025E-14
13.645      79.927       0.22977E-14
13.946      79.411       0.33336E-14
14.247      78.906      -0.61546E-15
14.548      78.412       0.20721E-15
14.849      77.928       0.30337E-14
15.150      77.454       0.14059E-14
15.451      76.989       0.10109E-14
15.752      76.533       0.21276E-14
16.053      76.086       0.23174E-14
16.354      75.647       0.16851E-14
16.655      75.216      -0.25280E-14
16.956      74.794      -0.15357E-14
17.257      74.379      -0.26360E-14
17.558      73.971       0.25932E-14
17.859      73.570       0.27494E-14
18.160      73.176       0.73097E-15
18.461      72.789       0.22619E-14
18.762      72.409       0.17749E-14
19.063      72.034       0.42332E-14
19.364      71.666      -0.18477E-14
19.665      71.303       0.19650E-15
19.966      70.947       0.17229E-14
20.267      70.596      -0.82275E-15
20.568      70.250       0.24725E-14
20.869      69.910       0.43446E-14
21.170      69.574       0.26971E-14
21.471      69.244       0.48624E-15
21.772      68.919       0.73671E-15
22.073      68.598       0.75380E-16
22.374      68.282      -0.18470E-14
22.675      67.970      -0.38591E-14
22.976      67.663      -0.21349E-14
23.277      67.360      -0.11207E-14
23.578      67.061      -0.16688E-14
23.879      66.767       0.21582E-14
24.180      66.476      -0.11676E-14
24.481      66.189       0.23078E-14
24.782      65.906       0.44007E-14
25.083      65.627       0.11807E-14
25.384      65.351      -0.11988E-14
25.685      65.079       0.31889E-14
25.986      64.811       0.24335E-14
26.287      64.546      -0.24134E-14
26.588      64.284       0.71847E-15
26.889      64.025      -0.15141E-14
27.190      63.770       0.16116E-14
27.491      63.517       0.10878E-14
27.792      63.268       0.22617E-14
28.093      63.022      -0.23767E-14
28.394      62.778      -0.39679E-14
28.695      62.538       0.11763E-14
28.996      62.300       0.64980E-15
29.297      62.065      -0.17967E-15
29.598      61.833       0.26218E-14
29.899      61.604      -0.31793E-14
30.201      61.377      -0.16597E-14
30.502      61.152       0.18046E-14
30.803      60.930       0.13117E-15
31.104      60.711       0.21190E-14
31.405      60.494       0.31168E-14
31.706      60.279      -0.13782E-14
32.007      60.067       0.14472E-14
32.308      59.857      -0.15236E-14
32.609      59.650      -0.18498E-15
32.910      59.444       0.56960E-15
33.211      59.241      -0.41116E-14
33.512      59.039       0.23627E-14
33.813      58.840       0.15792E-14
34.114      58.643      -0.11285E-14
34.415      58.448      -0.83248E-15
34.716      58.255      -0.16690E-14
35.017      58.064       0.10985E-14
35.318      57.875       0.17193E-14
35.619      57.688       0.49010E-15
35.920      57.502       0.43290E-14
36.221      57.319       0.71782E-15
36.522      57.137      -0.17941E-14
36.823      56.957      -0.13281E-14
37.124      56.779      -0.24252E-14
37.425      56.603      -0.40262E-15
37.726      56.428       0.18151E-14
38.027      56.255      -0.24282E-15
38.328      56.083       0.80603E-15
38.629      55.913      -0.32307E-15
38.930      55.745      -0.25684E-14
39.231      55.578       0.14870E-14
39.532      55.413      -0.50295E-14
39.833      55.250      -0.12782E-14
40.134      55.088       0.16792E-14
40.435      54.927      -0.28160E-14
40.736      54.768      -0.31672E-14
41.037      54.610       0.28859E-14
41.338      54.454       0.28064E-15
41.639      54.299      -0.37430E-14
41.940      54.145      -0.25098E-14
42.241      53.993      -0.56877E-15
42.542      53.842      -0.25036E-14
42.843      53.693       0.10341E-14
43.144      53.545      -0.20254E-14
43.445      53.398      -0.36518E-14
43.746      53.252       0.15676E-14
44.047      53.108      -0.36745E-14
44.348      52.964      -0.10764E-14
44.649      52.822       0.28728E-14
44.950      52.682       0.92882E-15
45.251      52.542       0.32252E-14
45.552      52.404       0.17565E-14
45.853      52.266      -0.29110E-14
46.154      52.130       0.94100E-15
46.455      51.995       0.15352E-14
46.756      51.861      -0.13563E-14
47.057      51.728       0.31101E-14
47.358      51.597       0.32371E-15
47.659      51.466      -0.20196E-14
47.960      51.336       0.51707E-14
48.261      51.208       0.57763E-14
48.562      51.080      -0.23978E-14
48.863      50.954       0.35396E-14
49.164      50.828       0.17023E-15
49.465      50.703      -0.10888E-14
49.766      50.580       0.29728E-14
50.067      50.457      -0.21072E-14
50.368      50.336      -0.11221E-14
50.669      50.215       0.16428E-14
50.970      50.095      -0.10287E-14
51.271      49.976      -0.35209E-14
51.572      49.858       0.97249E-15
51.873      49.741       0.41219E-15
52.174      49.625       0.51973E-14
52.475      49.509      -0.23237E-14
52.776      49.395       0.31127E-14
53.077      49.281      -0.19758E-14
53.378      49.168       0.30692E-14
53.679      49.056      -0.33976E-16
53.980      48.945       0.21742E-14
54.281      48.835       0.34663E-14
54.582      48.725      -0.24490E-14
54.883      48.616      -0.21720E-14
55.184      48.508      -0.27243E-14
55.485      48.401      -0.21453E-14
55.786      48.295      -0.38643E-14
56.087      48.189      -0.35898E-14
56.388      48.084      -0.20320E-14
56.689      47.980      -0.78030E-15
56.990      47.877      -0.14112E-16
57.291      47.774      -0.43378E-14
57.592      47.672      -0.20016E-14
57.893      47.570       0.30084E-14
58.194      47.470       0.19910E-14
58.495      47.370      -0.17231E-14
58.796      47.271      -0.16138E-14
59.097      47.172      -0.49014E-14
59.398      47.074      -0.30290E-14
59.699      46.977       0.10533E-14
60.000      46.880      -0.24201E-14
 &
#Phase-shifts for J/pi=2.0+   Inc. chan.=  1 ql=  2
 0.100     0.35813E-05   0.19693E-14
 0.401     0.11448E-03   0.91690E-15
 0.702     0.46080E-03   0.20862E-14
 1.003     0.11162E-02   0.12693E-14
 1.304     0.21356E-02  -0.88909E-15
 1.605     0.35634E-02   0.27642E-14
 1.906     0.54367E-02   0.83910E-15
 2.207     0.77875E-02   0.24456E-14
 2.508     0.10643E-01   0.16053E-14
 2.809     0.14029E-01  -0.14417E-14
 3.110     0.17965E-01   0.11768E-14
 3.411     0.22471E-01   0.29547E-15
 3.712     0.27564E-01   0.26310E-14
 4.013     0.33258E-01  -0.21015E-14
 4.314     0.39568E-01   0.40765E-14
 4.615     0.46505E-01  -0.10388E-15
 4.916     0.54079E-01  -0.11251E-14
 5.217     0.62300E-01  -0.73454E-15
 5.518     0.71176E-01  -0.25151E-14
 5.819     0.80715E-01   0.16407E-14
 6.120     0.90922E-01  -0.28537E-14
 6.421     0.10180       0.23021E-14
 6.722     0.11336       0.15585E-15
 7.023     0.12560       0.27150E-14
 7.324     0.13853       0.13054E-14
 7.625     0.15215       0.56833E-15
 7.926     0.16645       0.45242E-15
 8.227     0.18145      -0.93930E-15
 8.528     0.19714       0.10716E-14
 8.829     0.21352      -0.25126E-14
 9.130     0.23060      -0.41895E-14
 9.431     0.24836      -0.94913E-15
 9.732     0.26682      -0.28407E-14
10.033     0.28597       0.84336E-16
10.334     0.30581      -0.19330E-14
10.635     0.32633      -0.43569E-15
10.936     0.34753       0.14317E-14
11.237     0.36942      -0.34256E-15
11.538     0.39198       0.20067E-14
11.839     0.41522      -0.23953E-16
12.140     0.43913      -0.31035E-14
12.441     0.46371      -0.14493E-14
12.742     0.48895       0.39107E-14
13.043     0.51485       0.84026E-15
13.344     0.54141       0.22919E-14
13.645     0.56861      -0.44837E-14
13.946     0.59646       0.20244E-14
14.247     0.62495       0.31357E-14
14.548     0.65408       0.26905E-14
14.849     0.68383       0.91228E-15
15.150     0.71421      -0.19614E-14
15.451     0.74521       0.71020E-15
15.752     0.77682       0.11262E-14
16.053     0.80904      -0.17600E-16
16.354     0.84186      -0.60309E-15
16.655     0.87527      -0.27900E-14
16.956     0.90927       0.19273E-14
17.257     0.94385       0.21414E-14
17.558     0.97901      -0.20837E-15
17.859      1.0147       0.45398E-14
18.160      1.0510      -0.34036E-14
18.461      1.0879      -0.19255E-14
18.762      1.1253      -0.40059E-15
19.063      1.1632      -0.32507E-14
19.364      1.2017      -0.46857E-15
19.665      1.2407      -0.86359E-15
19.966      1.2802       0.58708E-14
20.267      1.3202      -0.17683E-14
20.568      1.3608      -0.15295E-14
20.869      1.4018       0.58084E-14
21.170      1.4433      -0.92537E-15
21.471      1.4854       0.25820E-14
21.772      1.5278       0.65244E-16
22.073      1.5708       0.10082E-14
22.374      1.6142       0.31539E-14
22.675      1.6581       0.14807E-14
22.976      1.7025      -0.27710E-14
23.277      1.7472      -0.56929E-15
23.578      1.7924      -0.95852E-15
23.879      1.8381      -0.58976E-14
24.180      1.8841       0.23858E-14
24.481      1.9306       0.16854E-15
24.782      1.9774      -0.12056E-14
25.083      2.0247       0.21341E-15
25.384      2.0723      -0.16028E-14
25.685      2.1204       0.93108E-16
25.986      2.1688       0.28537E-14
26.287      2.2175       0.47805E-15
26.588      2.2667      -0.31948E-14
26.889      2.3161      -0.30378E-14
27.190      2.3660       0.15718E-14
27.491      2.4161      -0.18457E-14
27.792      2.4666      -0.25511E-15
28.093      2.5174       0.25187E-14
28.394      2.5685      -0.49226E-14
28.695      2.6200      -0.10643E-15
28.996      2.6717       0.35692E-14
29.297      2.7237       0.22939E-15
29.598      2.7760      -0.20630E-15
29.899      2.8286       0.15755E-15
30.201      2.8814      -0.90460E-15
30.502      2.9346       0.22289E-14
30.803      2.9879      -0.14544E-14
31.104      3.0416      -0.41002E-14
31.405      3.0954      -0.10839E-14
31.706      3.1495      -0.53460E-14
32.007      3.2039      -0.51325E-15
32.308      3.2584       0.19698E-15
32.609      3.3132       0.24115E-14
32.910      3.3682      -0.31881E-14
33.211      3.4233       0.14987E-14
33.512      3.4787       0.80131E-15
33.813      3.5343       0.19161E-14
34.114      3.5900      -0.42758E-14
34.415      3.6459       0.25800E-14
34.716      3.7020       0.11225E-14
35.017      3.7582       0.11122E-14
35.318      3.8146      -0.96360E-15
35.619      3.8712      -0.39460E-15
35.920      3.9279      -0.10890E-14
36.221      3.9847      -0.43863E-15
36.522      4.0416      -0.88679E-15
36.823      4.0987       0.15823E-14
37.124      4.1559       0.18445E-14
37.425      4.2132       0.12530E-15
37.726      4.2706       0.19323E-14
38.027      4.3281      -0.56189E-15
38.328      4.3857      -0.29346E-14
38.629      4.4434       0.29180E-14
38.930      4.5012       0.29231E-14
39.231      4.5591       0.10139E-15
39.532      4.6170       0.50482E-15
39.833      4.6750      -0.91855E-15
40.134      4.7330      -0.15236E-14
40.435      4.7911      -0.11221E-14
40.736      4.8493      -0.14177E-14
41.037      4.9075      -0.21894E-15
41.338      4.9657       0.40677E-14
41.639      5.0240      -0.26807E-14
41.940      5.0823      -0.87932E-15
42.241      5.1406       0.39019E-14
42.542      5.1989      -0.14863E-14
42.843      5.2573      -0.10260E-14
43.144      5.3156       0.43128E-14
43.445      5.3740      -0.27612E-14
43.746      5.4323      -0.17978E-14
44.047      5.4907       0.16575E-14
44.348      5.5490       0.53025E-15
44.649      5.6073       0.30287E-14
44.950      5.6656      -0.13800E-14
45.251      5.7239      -0.13321E-15
45.552      5.7822      -0.15933E-14
45.853      5.8404      -0.19287E-15
46.154      5.8985       0.28778E-14
46.455      5.9567       0.37482E-15
46.756      6.0148      -0.43205E-15
47.057      6.0728      -0.18345E-14
47.358      6.1308      -0.14382E-15
47.659      6.1887       0.46158E-14
47.960      6.2466      -0.43861E-15
48.261      6.3044       0.65152E-15
48.562      6.3621      -0.57684E-15
48.863      6.4197      -0.15778E-15
49.164      6.4773      -0.28793E-14
49.465      6.5348      -0.16240E-15
49.766      6.5922       0.32391E-14
50.067      6.6495      -0.27064E-14
50.368      6.7068       0.13052E-14
50.669      6.7639      -0.12030E-14
50.970      6.8209       0.29174E-14
51.271      6.8779       0.14494E-14
51.572      6.9347       0.17853E-14
51.873      6.9914       0.29291E-15
52.174      7.0480      -0.33672E-14
52.475      7.1045       0.18871E-14
52.776      7.1609       0.33061E-15
53.077      7.2172       0.11815E-14
53.378      7.2733       0.64327E-15
53.679      7.3293       0.30981E-14
53.980      7.3852      -0.30480E-14
54.281      7.4410      -0.10464E-14
54.582      7.4966       0.32536E-14
54.883      7.5521       0.28526E-14
55.184      7.6074      -0.32748E-15
55.485      7.6626      -0.64761E-15
55.786      7.7177       0.21231E-14
56.087      7.7726       0.99084E-15
56.388      7.8274       0.62379E-15
56.689      7.8820       0.68948E-15
56.990      7.9365      -0.30868E-14
57.291      7.9908      -0.14943E-14
57.592      8.0449       0.13038E-14
57.893      8.0989       0.85528E-15
58.194      8.1528      -0.10791E-14
58.495      8.2064       0.14000E-14
58.796      8.2599       0.46669E-16
59.097      8.3133       0.11999E-14
59.398      8.3665      -0.18416E-15
59.699      8.4195      -0.10581E-14
60.000      8.4723       0.27825E-14
 &
