 # Cross sections for state # 10 Ex=  6.176 MeV J/pi=  0.0+
    0.100     76.988    
    0.600     75.636    
    1.100     72.431    
    1.600     67.568    
    2.100     61.332    
    2.600     54.082    
    3.100     46.218    
    3.600     38.154    
    4.100     30.290    
    4.600     22.987    
    5.100     16.545    
    5.600     11.191    
    6.100     7.0699    
    6.600     4.2382    
    7.100     2.6682    
    7.600     2.2532    
    8.100     2.8191    
    8.600     4.1391    
    9.100     5.9525    
    9.600     7.9866    
   10.100     9.9781    
   10.600     11.695    
   11.100     12.955    
   11.600     13.638    
   12.100     13.696    
   12.600     13.150    
   13.100     12.085    
   13.600     10.632    
   14.100     8.9579    
   14.600     7.2345    
   15.100     5.6248    
   15.600     4.2616    
   16.100     3.2354    
   16.600     2.5866    
   17.100     2.3063    
   17.600     2.3421    
   18.100     2.6104    
   18.600     3.0109    
   19.100     3.4419    
   19.600     3.8145    
   20.100     4.0617    
   20.600     4.1445    
   21.100     4.0517    
   21.600     3.7968    
   22.100     3.4114    
   22.600     2.9376    
   23.100     2.4207    
   23.600     1.9032    
   24.100     1.4202    
   24.600    0.99714    
   25.100    0.64936    
   25.600    0.38252    
   26.100    0.19431    
   26.600    0.76406E-01
   27.100    0.16633E-01
   27.600    0.88320E-03
   28.100    0.14836E-01
   28.600    0.45296E-01
   29.100    0.81139E-01
   29.600    0.11387    
   30.100    0.13782    
   30.600    0.15004    
   31.100    0.14996    
   31.600    0.13890    
   32.100    0.11950    
   32.600    0.95162E-01
   33.100    0.69525E-01
   33.600    0.46060E-01
   34.100    0.27721E-01
   34.600    0.16724E-01
   35.100    0.14421E-01
   35.600    0.21250E-01
   36.100    0.36786E-01
   36.600    0.59847E-01
   37.100    0.88668E-01
   37.600    0.12110    
   38.100    0.15484    
   38.600    0.18764    
   39.100    0.21746    
   39.600    0.24265    
   40.100    0.26200    
   40.600    0.27478    
   41.100    0.28075    
   41.600    0.28011    
   42.100    0.27347    
   42.600    0.26175    
   43.100    0.24610    
   43.600    0.22785    
   44.100    0.20838    
   44.600    0.18899    
   45.100    0.17088    
   45.600    0.15502    
   46.100    0.14210    
   46.600    0.13254    
   47.100    0.12646    
   47.600    0.12371    
   48.100    0.12394    
   48.600    0.12663    
   49.100    0.13117    
   49.600    0.13687    
   50.100    0.14306    
   50.600    0.14907    
   51.100    0.15431    
   51.600    0.15828    
   52.100    0.16061    
   52.600    0.16105    
   53.100    0.15953    
   53.600    0.15607    
   54.100    0.15086    
   54.600    0.14414    
   55.100    0.13625    
   55.600    0.12754    
   56.100    0.11834    
   56.600    0.10900    
   57.100    0.99812E-01
   57.600    0.91047E-01
   58.100    0.82919E-01
   58.600    0.75596E-01
   59.100    0.69195E-01
   59.600    0.63773E-01
   60.100    0.59333E-01
   60.600    0.55824E-01
   61.100    0.53152E-01
   61.600    0.51189E-01
   62.100    0.49790E-01
   62.600    0.48802E-01
   63.100    0.48083E-01
   63.600    0.47501E-01
   64.100    0.46942E-01
   64.600    0.46311E-01
   65.100    0.45531E-01
   65.600    0.44543E-01
   66.100    0.43307E-01
   66.600    0.41806E-01
   67.100    0.40042E-01
   67.600    0.38039E-01
   68.100    0.35840E-01
   68.600    0.33500E-01
   69.100    0.31082E-01
   69.600    0.28649E-01
   70.100    0.26257E-01
   70.600    0.23956E-01
   71.100    0.21783E-01
   71.600    0.19768E-01
   72.100    0.17931E-01
   72.600    0.16286E-01
   73.100    0.14840E-01
   73.600    0.13595E-01
   74.100    0.12546E-01
   74.600    0.11677E-01
   75.100    0.10971E-01
   75.600    0.10401E-01
   76.100    0.99398E-02
   76.600    0.95599E-02
   77.100    0.92360E-02
   77.600    0.89468E-02
   78.100    0.86757E-02
   78.600    0.84095E-02
   79.100    0.81382E-02
   79.600    0.78534E-02
   80.100    0.75487E-02
   80.600    0.72190E-02
   81.100    0.68618E-02
   81.600    0.64776E-02
   82.100    0.60701E-02
   82.600    0.56461E-02
   83.100    0.52144E-02
   83.600    0.47846E-02
   84.100    0.43654E-02
   84.600    0.39642E-02
   85.100    0.35863E-02
   85.600    0.32350E-02
   86.100    0.29124E-02
   86.600    0.26197E-02
   87.100    0.23578E-02
   87.600    0.21271E-02
   88.100    0.19277E-02
   88.600    0.17589E-02
   89.100    0.16186E-02
   89.600    0.15037E-02
   90.100    0.14101E-02
   90.600    0.13335E-02
   91.100    0.12697E-02
   91.600    0.12152E-02
   92.100    0.11673E-02
   92.600    0.11244E-02
   93.100    0.10852E-02
   93.600    0.10485E-02
   94.100    0.10132E-02
   94.600    0.97793E-03
   95.100    0.94111E-03
   95.600    0.90152E-03
   96.100    0.85837E-03
   96.600    0.81154E-03
   97.100    0.76161E-03
   97.600    0.70964E-03
   98.100    0.65692E-03
   98.600    0.60466E-03
   99.100    0.55377E-03
   99.600    0.50479E-03
  100.100    0.45803E-03
  100.600    0.41365E-03
  101.100    0.37189E-03
  101.600    0.33309E-03
  102.100    0.29771E-03
  102.600    0.26618E-03
  103.100    0.23878E-03
  103.600    0.21553E-03
  104.100    0.19612E-03
  104.600    0.18001E-03
  105.100    0.16656E-03
  105.600    0.15516E-03
  106.100    0.14538E-03
  106.600    0.13699E-03
  107.100    0.12995E-03
  107.600    0.12426E-03
  108.100    0.11986E-03
  108.600    0.11656E-03
  109.100    0.11402E-03
  109.600    0.11181E-03
  110.100    0.10950E-03
  110.600    0.10678E-03
  111.100    0.10347E-03
  111.600    0.99570E-04
  112.100    0.95201E-04
  112.600    0.90523E-04
  113.100    0.85662E-04
  113.600    0.80667E-04
  114.100    0.75509E-04
  114.600    0.70129E-04
  115.100    0.64507E-04
  115.600    0.58697E-04
  116.100    0.52845E-04
  116.600    0.47156E-04
  117.100    0.41836E-04
  117.600    0.37039E-04
  118.100    0.32830E-04
  118.600    0.29173E-04
  119.100    0.25963E-04
  119.600    0.23068E-04
  120.100    0.20385E-04
  120.600    0.17879E-04
  121.100    0.15588E-04
  121.600    0.13596E-04
  122.100    0.11988E-04
  122.600    0.10806E-04
  123.100    0.10024E-04
  123.600    0.95600E-05
  124.100    0.92999E-05
  124.600    0.91376E-05
  125.100    0.90003E-05
  125.600    0.88605E-05
  126.100    0.87302E-05
  126.600    0.86399E-05
  127.100    0.86128E-05
  127.600    0.86414E-05
  128.100    0.86790E-05
  128.600    0.86513E-05
  129.100    0.84838E-05
  129.600    0.81329E-05
  130.100    0.76057E-05
  130.600    0.69574E-05
  131.100    0.62696E-05
  131.600    0.56211E-05
  132.100    0.50637E-05
  132.600    0.46106E-05
  133.100    0.42397E-05
  133.600    0.39059E-05
  134.100    0.35598E-05
  134.600    0.31672E-05
  135.100    0.27226E-05
  135.600    0.22526E-05
  136.100    0.18041E-05
  136.600    0.14238E-05
  137.100    0.11384E-05
  137.600    0.94522E-06
  138.100    0.81905E-06
  138.600    0.72829E-06
  139.100    0.65073E-06
  139.600    0.58116E-06
  140.100    0.52947E-06
  140.600    0.51328E-06
  141.100    0.54966E-06
  141.600    0.64760E-06
  142.100    0.80204E-06
  142.600    0.99108E-06
  143.100    0.11796E-05
  143.600    0.13304E-05
  144.100    0.14192E-05
  144.600    0.14449E-05
  145.100    0.14278E-05
  145.600    0.13973E-05
  146.100    0.13759E-05
  146.600    0.13700E-05
  147.100    0.13709E-05
  147.600    0.13638E-05
  148.100    0.13360E-05
  148.600    0.12823E-05
  149.100    0.12047E-05
  149.600    0.11125E-05
  150.100    0.10211E-05
  150.600    0.94882E-06
  151.100    0.90887E-06
  151.600    0.90155E-06
  152.100    0.91079E-06
  152.600    0.91045E-06
  153.100    0.87769E-06
  153.600    0.80521E-06
  154.100    0.70465E-06
  154.600    0.59993E-06
  155.100    0.51584E-06
  155.600    0.46913E-06
  156.100    0.46495E-06
  156.600    0.49679E-06
  157.100    0.54768E-06
  157.600    0.59287E-06
  158.100    0.60686E-06
  158.600    0.57413E-06
  159.100    0.49842E-06
  159.600    0.40268E-06
  160.100    0.31757E-06
  160.600    0.26494E-06
  161.100    0.24731E-06
  161.600    0.25029E-06
  162.100    0.25481E-06
  162.600    0.24928E-06
  163.100    0.23387E-06
  163.600    0.21721E-06
  164.100    0.21187E-06
  164.600    0.23304E-06
  165.100    0.29776E-06
  165.600    0.41909E-06
  166.100    0.59433E-06
  166.600    0.79566E-06
  167.100    0.97396E-06
  167.600    0.10787E-05
  168.100    0.10830E-05
  168.600    0.99763E-06
  169.100    0.86361E-06
  169.600    0.72976E-06
  170.100    0.63130E-06
  170.600    0.58122E-06
  171.100    0.57407E-06
  171.600    0.59254E-06
  172.100    0.61096E-06
  172.600    0.59938E-06
  173.100    0.53634E-06
  173.600    0.42875E-06
  174.100    0.32367E-06
  174.600    0.29419E-06
  175.100    0.39849E-06
  175.600    0.63555E-06
  176.100    0.93115E-06
  176.600    0.11706E-05
  177.100    0.12603E-05
  177.600    0.11780E-05
  178.100    0.97681E-06
  178.600    0.74614E-06
  179.100    0.56033E-06
