    0.0      4.1915        4.2287       0.37195E-01
    1.0      12.576        12.687       0.11108    
    2.0      20.962        21.149       0.18699    
    3.0      29.349        29.618       0.26886    
    4.0      37.741        38.109       0.36863    
    5.0      46.126        46.633       0.50730    
    6.0      54.522        55.229       0.70635    
    7.0      62.873        63.886        1.0130    
    8.0      71.281        72.665        1.3849    
    9.0      79.646        81.489        1.8432    
   10.0      87.801        90.175        2.3733    
   11.0      96.096        98.774        2.6783    
   12.0      103.83        106.73        2.8957    
   13.0      111.08        114.70        3.6195    
   14.0      119.48        124.88        5.4026    
   15.0      122.68        131.49        8.8144    
   16.0      111.94        124.62        12.679    
   17.0      90.271        105.22        14.947    
   18.0      66.877        81.673        14.796    
   19.0      47.192        60.074        12.882    
   20.0      32.359        42.718        10.359    
   21.0      21.849        29.772        7.9228    
   22.0      14.666        20.490        5.8239    
   23.0      9.8228        13.979        4.1564    
   24.0      6.5736        9.4881        2.9145    
   25.0      4.4054        6.4246        2.0193    
   26.0      2.9606        4.3454        1.3848    
   27.0      1.9946        2.9400       0.94545    
   28.0      1.3464        1.9941       0.64766    
   29.0     0.91120        1.3586       0.44742    
   30.0     0.61863       0.93135       0.31273    
   31.0     0.42121       0.64357       0.22236    
   32.0     0.28737       0.44955       0.16217    
   33.0     0.19642       0.31851       0.12209    
   34.0     0.13452       0.22963       0.95101E-01
   35.0     0.92370E-01   0.16893       0.76558E-01
   36.0     0.63570E-01   0.12714       0.63566E-01
   37.0     0.43824E-01   0.98068E-01   0.54244E-01
   38.0     0.30251E-01   0.77649E-01   0.47398E-01
   39.0     0.20903E-01   0.63041E-01   0.42138E-01
   40.0     0.14469E-01   0.52427E-01   0.37958E-01
   41.0     0.10035E-01   0.44511E-01   0.34476E-01
   42.0     0.69712E-02   0.38475E-01   0.31504E-01
   43.0     0.48530E-02   0.33776E-01   0.28923E-01
   44.0     0.33796E-02   0.30005E-01   0.26626E-01
   45.0     0.23565E-02   0.26945E-01   0.24588E-01
   46.0     0.16446E-02   0.24386E-01   0.22742E-01
   47.0     0.11484E-02   0.22212E-01   0.21063E-01
   48.0     0.80432E-03   0.20346E-01   0.19542E-01
   49.0     0.56423E-03   0.18697E-01   0.18133E-01
   50.0     0.39755E-03   0.17252E-01   0.16855E-01
   51.0     0.28163E-03   0.15953E-01   0.15672E-01
   52.0     0.20172E-03   0.14781E-01   0.14579E-01
   53.0     0.14598E-03   0.13731E-01   0.13585E-01
   54.0     0.10413E-03   0.12760E-01   0.12656E-01
   55.0     0.83505E-04   0.11885E-01   0.11801E-01
   56.0     0.67312E-04   0.11079E-01   0.11012E-01
   57.0     0.54493E-04   0.10333E-01   0.10278E-01
   58.0     0.15002E-04   0.96590E-02   0.96440E-02
   59.0    -0.48013E-05   0.90251E-02   0.90299E-02
   60.0     0.37742E-04   0.84451E-02   0.84074E-02
