  0.000000000000000E+000   14.7755799730565     
   5.00000000000000        14.8949420128523     
   10.0000000000000        14.9343347065679     
   15.0000000000000        14.8153431502195     
   20.0000000000000        14.6623063278162     
   25.0000000000000        14.4545063632057     
   30.0000000000000        14.2474652351354     
   35.0000000000000        14.0993837123777     
   40.0000000000000        14.0438103797306     
   45.0000000000000        14.0693528435658     
   50.0000000000000        14.0771341899579     
   55.0000000000000        14.1324731711756     
   60.0000000000000        14.2109756072793     
   65.0000000000000        14.3029864461753     
   70.0000000000000        14.4058798524195     
   75.0000000000000        14.3910847914639     
   80.0000000000000        14.1258418800546     
   85.0000000000000        13.6225682142200     
   90.0000000000000        13.1379949787188     
   95.0000000000000        12.8332736194181     
   100.000000000000        12.6407092874301     
   105.000000000000        12.3925692289589     
   110.000000000000        12.0058031967886     
   115.000000000000        11.5288796776400     
   120.000000000000        11.1057321785948     
   125.000000000000        10.8824115023208     
   130.000000000000        10.9540358486390     
   135.000000000000        11.3531977363568     
   140.000000000000        12.0543281534895     
   145.000000000000        12.9895184106538     
   150.000000000000        14.0677054270166     
   155.000000000000        15.1900524703668     
   160.000000000000        16.2599194751721     
   165.000000000000        17.1904299279347     
   170.000000000000        17.9096132264165     
   175.000000000000        18.3635624387602     
   180.000000000000        18.5188295995834     
