    0.0      4.1846        4.2101       0.25505E-01
    1.0      12.553        12.630       0.76823E-01
    2.0      20.918        21.049       0.13102    
    3.0      29.278        29.474       0.19616    
    4.0      37.633        37.920       0.28743    
    5.0      45.978        46.406       0.42757    
    6.0      54.323        54.965       0.64264    
    7.0      62.657        63.612       0.95539    
    8.0      71.006        72.367        1.3606    
    9.0      79.346        81.163        1.8169    
   10.0      87.682        89.887        2.2047    
   11.0      96.064        98.478        2.4138    
   12.0      103.94        106.57        2.6281    
   13.0      111.72        115.00        3.2797    
   14.0      119.95        125.06        5.1136    
   15.0      121.79        130.56        8.7732    
   16.0      109.66        122.62        12.959    
   17.0      87.780        103.11        15.335    
   18.0      65.047        80.209        15.162    
   19.0      46.124        59.371        13.247    
   20.0      31.861        42.535        10.674    
   21.0      21.662        29.801        8.1383    
   22.0      14.605        20.549        5.9446    
   23.0      9.8045        14.006        4.2012    
   24.0      6.5664        9.4798        2.9134    
   25.0      4.3957        6.4047        2.0090    
   26.0      2.9491        4.3333        1.3842    
   27.0      1.9866        2.9378       0.95119    
   28.0      1.3431        1.9952       0.65203    
   29.0     0.91027        1.3589       0.44861    
   30.0     0.61797       0.93050       0.31253    
