#  1 Channels, Eigenvalue: 4 Energy:  13.8548
# J:2.50 parity: 1
 #  channel core Jc (l sn) jn
#  1 : 1 0.0 2 0.5 2.5
#  1200 points
   0.000     0.00000    
   0.050    0.247865E-04
   0.100    0.192236E-03
   0.150    0.616522E-03
   0.200    0.136270E-02
   0.250    0.243976E-02
   0.300    0.380942E-02
   0.350    0.540874E-02
   0.400    0.718064E-02
   0.450    0.910410E-02
   0.500    0.112159E-01
   0.550    0.136175E-01
   0.600    0.164637E-01
   0.650    0.199364E-01
   0.700    0.242070E-01
   0.750    0.293986E-01
   0.800    0.355558E-01
   0.850    0.426302E-01
   0.900    0.504859E-01
   0.950    0.589247E-01
   1.000    0.677245E-01
   1.050    0.766838E-01
   1.100    0.856599E-01
   1.150    0.945940E-01
   1.200    0.103515    
   1.250    0.112520    
   1.300    0.121743    
   1.350    0.131307    
   1.400    0.141280    
   1.450    0.151645    
   1.500    0.162286    
   1.550    0.173001    
   1.600    0.183527    
   1.650    0.193593    
   1.700    0.202959    
   1.750    0.211465    
   1.800    0.219047    
   1.850    0.225743    
   1.900    0.231669    
   1.950    0.236977    
   2.000    0.241814    
   2.050    0.246272    
   2.100    0.250360    
   2.150    0.253995    
   2.200    0.257014    
   2.250    0.259208    
   2.300    0.260371    
   2.350    0.260341    
   2.400    0.259045    
   2.450    0.256509    
   2.500    0.252863    
   2.550    0.248307    
   2.600    0.243071    
   2.650    0.237368    
   2.700    0.231347    
   2.750    0.225069    
   2.800    0.218498    
   2.850    0.211515    
   2.900    0.203962    
   2.950    0.195678    
   3.000    0.186552    
   3.050    0.176555    
   3.100    0.165757    
   3.150    0.154316    
   3.200    0.142455    
   3.250    0.130412    
   3.300    0.118399    
   3.350    0.106557    
   3.400    0.949304E-01
   3.450    0.834672E-01
   3.500    0.720344E-01
   3.550    0.604568E-01
   3.600    0.485633E-01
   3.650    0.362317E-01
   3.700    0.234226E-01
   3.750    0.101926E-01
   3.800   -0.331325E-02
   3.850   -0.168909E-01
   3.900   -0.303196E-01
   3.950   -0.434087E-01
   4.000   -0.560372E-01
   4.050   -0.681776E-01
   4.100   -0.798989E-01
   4.150   -0.913477E-01
   4.200   -0.102711    
   4.250   -0.114172    
   4.300   -0.125864    
   4.350   -0.137839    
   4.400   -0.150053    
   4.450   -0.162374    
   4.500   -0.174607    
   4.550   -0.186539    
   4.600   -0.197981    
   4.650   -0.208810    
   4.700   -0.218993    
   4.750   -0.228592    
   4.800   -0.237750    
   4.850   -0.246652    
   4.900   -0.255486    
   4.950   -0.264397    
   5.000   -0.273454    
   5.050   -0.282630    
   5.100   -0.291812    
   5.150   -0.300815    
   5.200   -0.309430    
   5.250   -0.317461    
   5.300   -0.324769    
   5.350   -0.331300    
   5.400   -0.337096    
   5.450   -0.342279    
   5.500   -0.347030    
   5.550   -0.351542    
   5.600   -0.355979    
   5.650   -0.360438    
   5.700   -0.364931    
   5.750   -0.369374    
   5.800   -0.373610    
   5.850   -0.377440    
   5.900   -0.380660    
   5.950   -0.383112    
   6.000   -0.384708    
   6.050   -0.385452    
   6.100   -0.385438    
   6.150   -0.384829    
   6.200   -0.383820    
   6.250   -0.382600    
   6.300   -0.381309    
   6.350   -0.380012    
   6.400   -0.378681    
   6.450   -0.377205    
   6.500   -0.375412    
   6.550   -0.373104    
   6.600   -0.370098    
   6.650   -0.366268    
   6.700   -0.361565    
   6.750   -0.356031    
   6.800   -0.349793    
   6.850   -0.343033    
   6.900   -0.335956    
   6.950   -0.328746    
   7.000   -0.321534    
   7.050   -0.314371    
   7.100   -0.307220    
   7.150   -0.299964    
   7.200   -0.292433    
   7.250   -0.284438    
   7.300   -0.275812    
   7.350   -0.266443    
   7.400   -0.256300    
   7.450   -0.245439    
   7.500   -0.233995    
   7.550   -0.222159    
   7.600   -0.210140    
   7.650   -0.198129    
   7.700   -0.186266    
   7.750   -0.174613    
   7.800   -0.163145    
   7.850   -0.151762    
   7.900   -0.140307    
   7.950   -0.128598    
   8.000   -0.116470    
   8.050   -0.103807    
   8.100   -0.905631E-01
   8.150   -0.767793E-01
   8.200   -0.625755E-01
   8.250   -0.481318E-01
   8.300   -0.336583E-01
   8.350   -0.193590E-01
   8.400   -0.539788E-02
   8.450    0.812785E-02
   8.500    0.212022E-01
   8.550    0.338897E-01
   8.600    0.463204E-01
   8.650    0.586626E-01
   8.700    0.710899E-01
   8.750    0.837466E-01
   8.800    0.967194E-01
   8.850    0.110019    
   8.900    0.123574    
   8.950    0.137244    
   9.000    0.150839    
   9.050    0.164149    
   9.100    0.176981    
   9.150    0.189184    
   9.200    0.200679    
   9.250    0.211463    
   9.300    0.221610    
   9.350    0.231255    
   9.400    0.240568    
   9.450    0.249722    
   9.500    0.258863    
   9.550    0.268085    
   9.600    0.277408    
   9.650    0.286775    
   9.700    0.296063    
   9.750    0.305097    
   9.800    0.313676    
   9.850    0.321610    
   9.900    0.328741    
   9.950    0.334973    
  10.000    0.340281    
  10.050    0.344716    
  10.100    0.348394    
  10.150    0.351477    
  10.200    0.354145    
  10.250    0.356569    
  10.300    0.358882    
  10.350    0.361162    
  10.400    0.363413    
  10.450    0.365570    
  10.500    0.367509    
  10.550    0.369059    
  10.600    0.370035    
  10.650    0.370262    
  10.700    0.369598    
  10.750    0.367961    
  10.800    0.365334    
  10.850    0.361772    
  10.900    0.357392    
  10.950    0.352358    
  11.000    0.346854    
  11.050    0.341066    
  11.100    0.335149    
  11.150    0.329212    
  11.200    0.323303    
  11.250    0.317401    
  11.300    0.311426    
  11.350    0.305245    
  11.400    0.298696    
  11.450    0.291609    
  11.500    0.283832    
  11.550    0.275248    
  11.600    0.265796    
  11.650    0.255477    
  11.700    0.244357    
  11.750    0.232560    
  11.800    0.220250    
  11.850    0.207618    
  11.900    0.194855    
  11.950    0.182133    
  12.000    0.169586    
  12.050    0.157295    
  12.100    0.145281    
  12.150    0.133506    
  12.200    0.121879    
  12.250    0.110270    
  12.300    0.985258E-01
  12.350    0.864924E-01
  12.400    0.740319E-01
  12.450    0.610416E-01
  12.500    0.474669E-01
  12.550    0.333088E-01
  12.600    0.186253E-01
  12.650    0.352730E-02
  12.700   -0.118325E-01
  12.750   -0.272737E-01
  12.800   -0.426052E-01
  12.850   -0.576435E-01
  12.900   -0.722292E-01
  12.950   -0.862412E-01
  13.000   -0.996064E-01
  13.050   -0.112304    
  13.100   -0.124368    
  13.150   -0.135875    
  13.200   -0.146944    
  13.250   -0.157713    
  13.300   -0.168332    
  13.350   -0.178943    
  13.400   -0.189667    
  13.450   -0.200591    
  13.500   -0.211761    
  13.550   -0.223174    
  13.600   -0.234780    
  13.650   -0.246484    
  13.700   -0.258156    
  13.750   -0.269637    
  13.800   -0.280754    
  13.850   -0.291332    
  13.900   -0.301210    
  13.950   -0.310246    
  14.000   -0.318334    
  14.050   -0.325406    
  14.100   -0.331438    
  14.150   -0.336447    
  14.200   -0.340496    
  14.250   -0.343677    
  14.300   -0.346115    
  14.350   -0.347951    
  14.400   -0.349333    
  14.450   -0.350407    
  14.500   -0.351308    
  14.550   -0.352148    
  14.600   -0.353013    
  14.650   -0.353954    
  14.700   -0.354988    
  14.750   -0.356097    
  14.800   -0.357228    
  14.850   -0.358296    
  14.900   -0.359194    
  14.950   -0.359796    
  15.000   -0.359961    
  15.050   -0.359550    
  15.100   -0.358422    
  15.150   -0.356450    
  15.200   -0.353521    
  15.250   -0.349546    
  15.300   -0.344460    
  15.350   -0.338225    
  15.400   -0.330832    
  15.450   -0.322302    
  15.500   -0.312682    
  15.550   -0.302046    
  15.600   -0.290487    
  15.650   -0.278119    
  15.700   -0.265070    
  15.750   -0.251477    
  15.800   -0.237483    
  15.850   -0.223234    
  15.900   -0.208872    
  15.950   -0.194534    
  16.000   -0.180350    
  16.050   -0.166437    
  16.100   -0.152901    
  16.150   -0.139834    
  16.200   -0.127312    
  16.250   -0.115399    
  16.300   -0.104143    
  16.350   -0.935763E-01
  16.400   -0.837206E-01
  16.450   -0.745844E-01
  16.500   -0.661657E-01
  16.550   -0.584530E-01
  16.600   -0.514267E-01
  16.650   -0.450608E-01
  16.700   -0.393239E-01
  16.750   -0.341806E-01
  16.800   -0.295930E-01
  16.850   -0.255212E-01
  16.900   -0.219248E-01
  16.950   -0.187633E-01
  17.000   -0.159970E-01
  17.050   -0.135877E-01
  17.100   -0.114985E-01
  17.150   -0.969494E-02
  17.200   -0.814465E-02
  17.250   -0.681772E-02
  17.300   -0.568669E-02
  17.350   -0.472661E-02
  17.400   -0.391493E-02
  17.450   -0.323143E-02
  17.500   -0.265814E-02
  17.550   -0.217915E-02
  17.600   -0.178047E-02
  17.650   -0.144988E-02
  17.700   -0.117678E-02
  17.750   -0.951990E-03
  17.800   -0.767641E-03
  17.850   -0.616997E-03
  17.900   -0.494332E-03
  17.950   -0.394799E-03
  18.000   -0.314315E-03
  18.050   -0.249458E-03
  18.100   -0.197371E-03
  18.150   -0.155680E-03
  18.200   -0.122421E-03
  18.250   -0.959754E-04
  18.300   -0.750165E-04
  18.350   -0.584594E-04
  18.400   -0.454215E-04
  18.450   -0.351874E-04
  18.500   -0.271794E-04
  18.550   -0.209328E-04
  18.600   -0.160753E-04
  18.650   -0.123095E-04
  18.700   -0.939902E-05
  18.750   -0.715634E-05
  18.800   -0.543342E-05
  18.850   -0.411373E-05
  18.900   -0.310590E-05
  18.950   -0.233849E-05
  19.000   -0.175584E-05
  19.050   -0.131475E-05
  19.100   -0.981782E-06
  19.150   -0.731155E-06
  19.200   -0.543040E-06
  19.250   -0.402243E-06
  19.300   -0.297157E-06
  19.350   -0.218941E-06
  19.400   -0.160887E-06
  19.450   -0.117916E-06
  19.500   -0.861962E-07
  19.550   -0.628450E-07
  19.600   -0.457012E-07
  19.650   -0.331484E-07
  19.700   -0.239818E-07
  19.750   -0.173057E-07
  19.800   -0.124564E-07
  19.850   -0.894321E-08
  19.900   -0.640469E-08
  19.950   -0.457521E-08
  20.000   -0.326015E-08
  20.050   -0.231729E-08
  20.100   -0.164303E-08
  20.150   -0.116208E-08
  20.200   -0.819896E-09
  20.250   -0.577053E-09
  20.300   -0.405145E-09
  20.350   -0.283759E-09
  20.400   -0.198260E-09
  20.450   -0.138188E-09
  20.500   -0.960863E-10
  20.550   -0.666516E-10
  20.600   -0.461235E-10
  20.650   -0.318419E-10
  20.700   -0.219304E-10
  20.750   -0.150684E-10
  20.800   -0.103291E-10
  20.850   -0.706381E-11
  20.900   -0.481947E-11
  20.950   -0.328055E-11
  21.000   -0.222783E-11
  21.050   -0.150943E-11
  21.100   -0.102033E-11
  21.150   -0.688123E-12
  21.200   -0.463015E-12
  21.250   -0.310835E-12
  21.300   -0.208197E-12
  21.350   -0.139133E-12
  21.400   -0.927683E-13
  21.450   -0.617145E-13
  21.500   -0.409633E-13
  21.550   -0.271285E-13
  21.600   -0.179260E-13
  21.650   -0.118187E-13
  21.700   -0.777475E-14
  21.750   -0.510314E-14
  21.800   -0.334214E-14
  21.850   -0.218400E-14
  21.900   -0.142403E-14
  21.950   -0.926473E-15
  22.000   -0.601440E-15
  22.050   -0.389583E-15
  22.100   -0.251802E-15
  22.150   -0.162395E-15
  22.200   -0.104506E-15
  22.250   -0.671075E-16
  22.300   -0.429991E-16
  22.350   -0.274923E-16
  22.400   -0.175399E-16
  22.450   -0.111664E-16
  22.500   -0.709359E-17
  22.550   -0.449667E-17
  22.600   -0.284440E-17
  22.650   -0.179542E-17
  22.700   -0.113088E-17
  22.750   -0.710806E-18
  22.800   -0.445826E-18
  22.850   -0.279038E-18
  22.900   -0.174280E-18
  22.950   -0.108623E-18
  23.000   -0.675588E-19
  23.050   -0.419310E-19
  23.100   -0.259706E-19
  23.150   -0.160518E-19
  23.200   -0.990064E-20
  23.250   -0.609398E-20
  23.300   -0.374317E-20
  23.350   -0.229446E-20
  23.400   -0.140354E-20
  23.450   -0.856795E-21
  23.500   -0.521958E-21
  23.550   -0.317324E-21
  23.600   -0.192522E-21
  23.650   -0.116566E-21
  23.700   -0.704332E-22
  23.750   -0.424716E-22
  23.800   -0.255586E-22
  23.850   -0.153495E-22
  23.900   -0.919965E-23
  23.950   -0.550263E-23
  24.000   -0.328468E-23
  24.050   -0.195678E-23
  24.100   -0.116336E-23
  24.150   -0.690268E-24
  24.200   -0.408742E-24
  24.250   -0.241553E-24
  24.300   -0.142465E-24
  24.350   -0.838562E-25
  24.400   -0.492604E-25
  24.450   -0.288800E-25
  24.500   -0.168980E-25
  24.550   -0.986761E-26
  24.600   -0.575081E-26
  24.650   -0.334494E-26
  24.700   -0.194173E-26
  24.750   -0.112496E-26
  24.800   -0.650471E-27
  24.850   -0.375376E-27
  24.900   -0.216199E-27
  24.950   -0.124277E-27
  25.000   -0.712979E-28
  25.050   -0.408240E-28
  25.100   -0.233296E-28
  25.150   -0.133062E-28
  25.200   -0.757453E-29
  25.250   -0.430342E-29
  25.300   -0.244022E-29
  25.350   -0.138104E-29
  25.400   -0.780081E-30
  25.450   -0.439781E-30
  25.500   -0.247454E-30
  25.550   -0.138969E-30
  25.600   -0.778939E-31
  25.650   -0.435768E-31
  25.700   -0.243318E-31
  25.750   -0.135600E-31
  25.800   -0.754251E-32
  25.850   -0.418737E-32
  25.900   -0.232026E-32
  25.950   -0.128323E-32
  26.000   -0.708347E-33
  26.050   -0.390266E-33
  26.100   -0.214610E-33
  26.150   -0.117792E-33
  26.200   -0.645296E-34
  26.250   -0.352841E-34
  26.300   -0.192566E-34
  26.350   -0.104896E-34
  26.400   -0.570319E-35
  26.450   -0.309499E-35
  26.500   -0.167642E-35
  26.550   -0.906340E-36
  26.600   -0.489084E-36
  26.650   -0.263427E-36
  26.700   -0.141620E-36
  26.750   -0.759933E-37
  26.800   -0.407019E-37
  26.850   -0.217592E-37
  26.900   -0.116107E-37
  26.950   -0.618398E-38
  27.000   -0.328752E-38
  27.050   -0.174446E-38
  27.100   -0.923943E-39
  27.150   -0.488455E-39
  27.200   -0.257750E-39
  27.250   -0.135759E-39
  27.300   -0.713731E-40
  27.350   -0.374540E-40
  27.400   -0.196182E-40
  27.450   -0.102570E-40
  27.500   -0.535279E-41
  27.550   -0.278831E-41
  27.600   -0.144978E-41
  27.650   -0.752431E-42
  27.700   -0.389792E-42
  27.750   -0.201559E-42
  27.800   -0.104034E-42
  27.850   -0.535989E-43
  27.900   -0.275639E-43
  27.950   -0.141492E-43
  28.000   -0.724988E-44
  28.050   -0.370798E-44
  28.100   -0.189301E-44
  28.150   -0.964664E-45
  28.200   -0.490694E-45
  28.250   -0.249147E-45
  28.300   -0.126273E-45
  28.350   -0.638822E-46
  28.400   -0.322598E-46
  28.450   -0.162613E-46
  28.500   -0.818210E-47
  28.550   -0.410950E-47
  28.600   -0.206029E-47
  28.650   -0.103106E-47
  28.700   -0.515056E-48
  28.750   -0.256829E-48
  28.800   -0.127835E-48
  28.850   -0.635151E-49
  28.900   -0.315009E-49
  28.950   -0.155951E-49
  29.000   -0.770679E-50
  29.050   -0.380173E-50
  29.100   -0.187202E-50
  29.150   -0.920155E-51
  29.200   -0.451476E-51
  29.250   -0.221122E-51
  29.300   -0.108107E-51
  29.350   -0.527596E-52
  29.400   -0.257024E-52
  29.450   -0.124989E-52
  29.500   -0.606732E-53
  29.550   -0.294001E-53
  29.600   -0.142209E-53
  29.650   -0.686651E-54
  29.700   -0.330958E-54
  29.750   -0.159235E-54
  29.800   -0.764777E-55
  29.850   -0.366658E-55
  29.900   -0.175477E-55
  29.950   -0.838317E-56
  30.000   -0.399788E-56
  30.050   -0.190319E-56
  30.100   -0.904420E-57
  30.150   -0.429033E-57
  30.200   -0.203164E-57
  30.250   -0.960364E-58
  30.300   -0.453170E-58
  30.350   -0.213463E-58
  30.400   -0.100373E-58
  30.450   -0.471143E-59
  30.500   -0.220762E-59
  30.550   -0.103260E-59
  30.600   -0.482148E-60
  30.650   -0.224733E-60
  30.700   -0.104566E-60
  30.750   -0.485688E-61
  30.800   -0.225197E-61
  30.850   -0.104234E-61
  30.900   -0.481612E-62
  30.950   -0.222140E-62
  31.000   -0.102282E-62
  31.050   -0.470124E-63
  31.100   -0.215709E-63
  31.150   -0.988030E-64
  31.200   -0.451767E-64
  31.250   -0.206207E-64
  31.300   -0.939590E-65
  31.350   -0.427384E-65
  31.400   -0.194063E-65
  31.450   -0.879661E-66
  31.500   -0.398047E-66
  31.550   -0.179804E-66
  31.600   -0.810799E-67
  31.650   -0.364984E-67
  31.700   -0.164015E-67
  31.750   -0.735771E-68
  31.800   -0.329497E-68
  31.850   -0.147302E-68
  31.900   -0.657380E-69
  31.950   -0.292870E-69
  32.000   -0.130252E-69
  32.050   -0.578290E-70
  32.100   -0.256306E-70
  32.150   -0.113403E-70
  32.200   -0.500888E-71
  32.250   -0.220857E-71
  32.300   -0.972155E-72
  32.350   -0.427183E-72
  32.400   -0.187390E-72
  32.450   -0.820602E-73
  32.500   -0.358735E-73
  32.550   -0.156557E-73
  32.600   -0.682063E-74
  32.650   -0.296643E-74
  32.700   -0.128795E-74
  32.750   -0.558241E-75
  32.800   -0.241547E-75
  32.850   -0.104337E-75
  32.900   -0.449920E-76
  32.950   -0.193682E-76
  33.000   -0.832342E-77
  33.050   -0.357087E-77
  33.100   -0.152934E-77
  33.150   -0.653878E-78
  33.200   -0.279093E-78
  33.250   -0.118922E-78
  33.300   -0.505864E-79
  33.350   -0.214817E-79
  33.400   -0.910677E-80
  33.450   -0.385410E-80
  33.500   -0.162833E-80
  33.550   -0.686793E-81
  33.600   -0.289183E-81
  33.650   -0.121558E-81
  33.700   -0.510100E-82
  33.750   -0.213694E-82
  33.800   -0.893705E-83
  33.850   -0.373130E-83
  33.900   -0.155522E-83
  33.950   -0.647126E-84
  34.000   -0.268814E-84
  34.050   -0.111476E-84
  34.100   -0.461504E-85
  34.150   -0.190738E-85
  34.200   -0.786983E-86
  34.250   -0.324161E-86
  34.300   -0.133298E-86
  34.350   -0.547213E-87
  34.400   -0.224262E-87
  34.450   -0.917539E-88
  34.500   -0.374767E-88
  34.550   -0.152816E-88
  34.600   -0.622077E-89
  34.650   -0.252807E-89
  34.700   -0.102566E-89
  34.750   -0.415424E-90
  34.800   -0.167976E-90
  34.850   -0.678073E-91
  34.900   -0.273260E-91
  34.950   -0.109938E-91
  35.000   -0.441559E-92
  35.050   -0.177053E-92
  35.100   -0.708747E-93
  35.150   -0.283238E-93
  35.200   -0.113001E-93
  35.250   -0.450081E-94
  35.300   -0.178966E-94
  35.350   -0.710435E-95
  35.400   -0.281548E-95
  35.450   -0.111392E-95
  35.500   -0.439979E-96
  35.550   -0.173494E-96
  35.600   -0.682987E-97
  35.650   -0.268420E-97
  35.700   -0.105316E-97
  35.750   -0.412524E-98
  35.800   -0.161317E-98
  35.850   -0.629780E-99
  35.900   -0.245456E-99
  35.950   -0.955071-100
  36.000   -0.371001-100
  36.050   -0.143877-100
  36.100   -0.557041-101
  36.150   -0.215308-101
  36.200   -0.830831-102
  36.250   -0.320069-102
  36.300   -0.123099-102
  36.350   -0.472652-103
  36.400   -0.181180-103
  36.450   -0.693358-104
  36.500   -0.264902-104
  36.550   -0.101040-104
  36.600   -0.384754-105
  36.650   -0.146269-105
  36.700   -0.555140-106
  36.750   -0.210346-106
  36.800   -0.795696-107
  36.850   -0.300498-107
  36.900   -0.113297-107
  36.950   -0.426460-108
  37.000   -0.160258-108
  37.050   -0.601234-109
  37.100   -0.225191-109
  37.150   -0.842055-110
  37.200   -0.314350-110
  37.250   -0.117158-110
  37.300   -0.435925-111
  37.350   -0.161934-111
  37.400   -0.600546-112
  37.450   -0.222351-112
  37.500   -0.821899-113
  37.550   -0.303306-113
  37.600   -0.111746-113
  37.650   -0.411021-114
  37.700   -0.150933-114
  37.750   -0.553337-115
  37.800   -0.202526-115
  37.850   -0.740047-116
  37.900   -0.269975-116
  37.950   -0.983275-117
  38.000   -0.357530-117
  38.050   -0.129789-117
  38.100   -0.470382-118
  38.150   -0.170197-118
  38.200   -0.614808-119
  38.250   -0.221725-119
  38.300   -0.798325-120
  38.350   -0.286967-120
  38.400   -0.102985-120
  38.450   -0.368981-121
  38.500   -0.131985-121
  38.550   -0.471338-122
  38.600   -0.168047-122
  38.650   -0.598161-123
  38.700   -0.212567-123
  38.750   -0.754159-124
  38.800   -0.267129-124
  38.850   -0.944646-125
  38.900   -0.333510-125
  38.950   -0.117554-125
  39.000   -0.413675-126
  39.050   -0.145335-126
  39.100   -0.509771-127
  39.150   -0.178513-127
  39.200   -0.624105-128
  39.250   -0.217840-128
  39.300   -0.759116-129
  39.350   -0.264102-129
  39.400   -0.917336-130
  39.450   -0.318110-130
  39.500   -0.110134-130
  39.550   -0.380676-131
  39.600   -0.131366-131
  39.650   -0.452591-132
  39.700   -0.155676-132
  39.750   -0.534603-133
  39.800   -0.183289-133
  39.850   -0.627385-134
  39.900   -0.214401-134
  39.950   -0.731499-135
  40.000   -0.249170-135
  40.050   -0.847370-136
  40.100   -0.287704-136
  40.150   -0.975243-137
  40.200   -0.330047-137
  40.250   -0.111515-137
  40.300   -0.376175-138
  40.350   -0.126689-138
  40.400   -0.425978-139
  40.450   -0.142998-139
  40.500   -0.479259-140
  40.550   -0.160364-140
  40.600   -0.535723-141
  40.650   -0.178678-141
  40.700   -0.594975-142
  40.750   -0.197799-142
  40.800   -0.656518-143
  40.850   -0.217554-143
  40.900   -0.719757-144
  40.950   -0.237740-144
  41.000   -0.784001-145
  41.050   -0.258125-145
  41.100   -0.848480-146
  41.150   -0.278453-146
  41.200   -0.912350-147
  41.250   -0.298449-147
  41.300   -0.974715-148
  41.350   -0.317822-148
  41.400   -0.103464-148
  41.450   -0.336277-149
  41.500   -0.109120-149
  41.550   -0.353516-150
  41.600   -0.114344-150
  41.650   -0.369251-151
  41.700   -0.119050-151
  41.750   -0.383209-152
  41.800   -0.123153-152
  41.850   -0.395142-153
  41.900   -0.126580-153
  41.950   -0.404833-154
  42.000   -0.129267-154
  42.050   -0.412100-155
  42.100   -0.131165-155
  42.150   -0.416809-156
  42.200   -0.132238-156
  42.250   -0.418870-157
  42.300   -0.132466-157
  42.350   -0.418244-158
  42.400   -0.131844-158
  42.450   -0.414946-159
  42.500   -0.130385-159
  42.550   -0.409038-160
  42.600   -0.128117-160
  42.650   -0.400635-161
  42.700   -0.125083-161
  42.750   -0.389896-162
  42.800   -0.121340-162
  42.850   -0.377018-163
  42.900   -0.116957-163
  42.950   -0.362237-164
  43.000   -0.112012-164
  43.050   -0.345811-165
  43.100   -0.106591-165
  43.150   -0.328023-166
  43.200   -0.100785-166
  43.250   -0.309164-167
  43.300   -0.946866-168
  43.350   -0.289530-168
  43.400   -0.883902-169
  43.450   -0.269414-169
  43.500   -0.819863-170
  43.550   -0.249097-170
  43.600   -0.755617-171
  43.650   -0.228845-171
  43.700   -0.691969-172
  43.750   -0.208900-172
  43.800   -0.629646-173
  43.850   -0.189479-173
  43.900   -0.569288-174
  43.950   -0.170770-174
  44.000   -0.511441-175
  44.050   -0.152928-175
  44.100   -0.456549-176
  44.150   -0.136080-176
  44.200   -0.404956-177
  44.250   -0.120318-177
  44.300   -0.356910-178
  44.350   -0.105705-178
  44.400   -0.312566-179
  44.450   -0.922772-180
  44.500   -0.271992-180
  44.550   -0.800434-181
  44.600   -0.235182-181
  44.650   -0.689907-182
  44.700   -0.202063-182
  44.750   -0.590867-183
  44.800   -0.172506-183
  44.850   -0.502835-184
  44.900   -0.146338-184
  44.950   -0.425204-185
  45.000   -0.123352-185
  45.050   -0.357279-186
  45.100   -0.103318-186
  45.150   -0.298301-187
  45.200   -0.859892-188
  45.250   -0.247482-188
  45.300   -0.711135-189
  45.350   -0.204019-189
  45.400   -0.584387-190
  45.450   -0.167125-190
  45.500   -0.477190-191
  45.550   -0.136035-191
  45.600   -0.387190-192
  45.650   -0.110029-192
  45.700   -0.312177-193
  45.750   -0.884313-194
  45.800   -0.250105-194
  45.850   -0.706236-195
  45.900   -0.199108-195
  45.950   -0.560454-196
  46.000   -0.157508-196
  46.050   -0.441953-197
  46.100   -0.123812-197
  46.150   -0.346307-198
  46.200   -0.967099-199
  46.250   -0.269646-199
  46.300   -0.750634-200
  46.350   -0.208629-200
  46.400   -0.578942-201
  46.450   -0.160401-201
  46.500   -0.443704-202
  46.550   -0.122544-202
  46.600   -0.337911-203
  46.650   -0.930307-204
  46.700   -0.255720-204
  46.750   -0.701802-205
  46.800   -0.192300-205
  46.850   -0.526085-206
  46.900   -0.143697-206
  46.950   -0.391879-207
  47.000   -0.106702-207
  47.050   -0.290070-208
  47.100   -0.787318-209
  47.150   -0.213359-209
  47.200   -0.577279-210
  47.250   -0.155946-210
  47.300   -0.420609-211
  47.350   -0.113265-211
  47.400   -0.304530-212
  47.450   -0.817480-213
  47.500   -0.219099-213
  47.550   -0.586296-214
  47.600   -0.156642-214
  47.650   -0.417846-215
  47.700   -0.111286-215
  47.750   -0.295922-216
  47.800   -0.785652-217
  47.850   -0.208257-217
  47.900   -0.551167-218
  47.950   -0.145641-218
  48.000   -0.384237-219
  48.050   -0.101212-219
  48.100   -0.266182-220
  48.150   -0.698944-221
  48.200   -0.183241-221
  48.250   -0.479643-222
  48.300   -0.125352-222
  48.350   -0.327084-223
  48.400   -0.852128-224
  48.450   -0.221650-224
  48.500   -0.575633-225
  48.550   -0.149259-225
  48.600   -0.386415-226
  48.650   -0.998812-227
  48.700   -0.257769-227
  48.750   -0.664192-228
  48.800   -0.170874-228
  48.850   -0.438908-229
  48.900   -0.112561-229
  48.950   -0.288219-230
  49.000   -0.736840-231
  49.050   -0.188080-231
  49.100   -0.479323-232
  49.150   -0.121964-232
  49.200   -0.309853-233
  49.250   -0.785951-234
  49.300   -0.199046-234
  49.350   -0.503305-235
  49.400   -0.127065-235
  49.450   -0.320287-236
  49.500   -0.806068-237
  49.550   -0.202545-237
  49.600   -0.508149-238
  49.650   -0.127286-238
  49.700   -0.318337-239
  49.750   -0.794898-240
  49.800   -0.198180-240
  49.850   -0.493311-241
  49.900   -0.122590-241
  49.950   -0.303987-242
  50.000   -0.754254-243
  50.050   -0.189832-243
  50.100   -0.443635-244
  50.150   -0.810413-245
  50.200     0.00000    
  50.250     0.00000    
  50.300     0.00000    
  50.350     0.00000    
  50.400     0.00000    
  50.450     0.00000    
  50.500     0.00000    
  50.550     0.00000    
  50.600     0.00000    
  50.650     0.00000    
  50.700     0.00000    
  50.750     0.00000    
  50.800     0.00000    
  50.850     0.00000    
  50.900     0.00000    
  50.950     0.00000    
  51.000     0.00000    
  51.050     0.00000    
  51.100     0.00000    
  51.150     0.00000    
  51.200     0.00000    
  51.250     0.00000    
  51.300     0.00000    
  51.350     0.00000    
  51.400     0.00000    
  51.450     0.00000    
  51.500     0.00000    
  51.550     0.00000    
  51.600     0.00000    
  51.650     0.00000    
  51.700     0.00000    
  51.750     0.00000    
  51.800     0.00000    
  51.850     0.00000    
  51.900     0.00000    
  51.950     0.00000    
  52.000     0.00000    
  52.050     0.00000    
  52.100     0.00000    
  52.150     0.00000    
  52.200     0.00000    
  52.250     0.00000    
  52.300     0.00000    
  52.350     0.00000    
  52.400     0.00000    
  52.450     0.00000    
  52.500     0.00000    
  52.550     0.00000    
  52.600     0.00000    
  52.650     0.00000    
  52.700     0.00000    
  52.750     0.00000    
  52.800     0.00000    
  52.850     0.00000    
  52.900     0.00000    
  52.950     0.00000    
  53.000     0.00000    
  53.050     0.00000    
  53.100     0.00000    
  53.150     0.00000    
  53.200     0.00000    
  53.250     0.00000    
  53.300     0.00000    
  53.350     0.00000    
  53.400     0.00000    
  53.450     0.00000    
  53.500     0.00000    
  53.550     0.00000    
  53.600     0.00000    
  53.650     0.00000    
  53.700     0.00000    
  53.750     0.00000    
  53.800     0.00000    
  53.850     0.00000    
  53.900     0.00000    
  53.950     0.00000    
  54.000     0.00000    
  54.050     0.00000    
  54.100     0.00000    
  54.150     0.00000    
  54.200     0.00000    
  54.250     0.00000    
  54.300     0.00000    
  54.350     0.00000    
  54.400     0.00000    
  54.450     0.00000    
  54.500     0.00000    
  54.550     0.00000    
  54.600     0.00000    
  54.650     0.00000    
  54.700     0.00000    
  54.750     0.00000    
  54.800     0.00000    
  54.850     0.00000    
  54.900     0.00000    
  54.950     0.00000    
  55.000     0.00000    
  55.050     0.00000    
  55.100     0.00000    
  55.150     0.00000    
  55.200     0.00000    
  55.250     0.00000    
  55.300     0.00000    
  55.350     0.00000    
  55.400     0.00000    
  55.450     0.00000    
  55.500     0.00000    
  55.550     0.00000    
  55.600     0.00000    
  55.650     0.00000    
  55.700     0.00000    
  55.750     0.00000    
  55.800     0.00000    
  55.850     0.00000    
  55.900     0.00000    
  55.950     0.00000    
  56.000     0.00000    
  56.050     0.00000    
  56.100     0.00000    
  56.150     0.00000    
  56.200     0.00000    
  56.250     0.00000    
  56.300     0.00000    
  56.350     0.00000    
  56.400     0.00000    
  56.450     0.00000    
  56.500     0.00000    
  56.550     0.00000    
  56.600     0.00000    
  56.650     0.00000    
  56.700     0.00000    
  56.750     0.00000    
  56.800     0.00000    
  56.850     0.00000    
  56.900     0.00000    
  56.950     0.00000    
  57.000     0.00000    
  57.050     0.00000    
  57.100     0.00000    
  57.150     0.00000    
  57.200     0.00000    
  57.250     0.00000    
  57.300     0.00000    
  57.350     0.00000    
  57.400     0.00000    
  57.450     0.00000    
  57.500     0.00000    
  57.550     0.00000    
  57.600     0.00000    
  57.650     0.00000    
  57.700     0.00000    
  57.750     0.00000    
  57.800     0.00000    
  57.850     0.00000    
  57.900     0.00000    
  57.950     0.00000    
  58.000     0.00000    
  58.050     0.00000    
  58.100     0.00000    
  58.150     0.00000    
  58.200     0.00000    
  58.250     0.00000    
  58.300     0.00000    
  58.350     0.00000    
  58.400     0.00000    
  58.450     0.00000    
  58.500     0.00000    
  58.550     0.00000    
  58.600     0.00000    
  58.650     0.00000    
  58.700     0.00000    
  58.750     0.00000    
  58.800     0.00000    
  58.850     0.00000    
  58.900     0.00000    
  58.950     0.00000    
  59.000     0.00000    
  59.050     0.00000    
  59.100     0.00000    
  59.150     0.00000    
  59.200     0.00000    
  59.250     0.00000    
  59.300     0.00000    
  59.350     0.00000    
  59.400     0.00000    
  59.450     0.00000    
  59.500     0.00000    
  59.550     0.00000    
  59.600     0.00000    
  59.650     0.00000    
  59.700     0.00000    
  59.750     0.00000    
  59.800     0.00000    
  59.850     0.00000    
  59.900     0.00000    
  59.950     0.00000    
 & 
