   1.28235   0.00000   0.00000   0.00000   0.00000  -0.00000   0.00000  -0.00000   0.00000   0.00000  -0.00000  -0.00000   0.00000  -0.00000   0.00000   0.00000  -0.00000   0.00000  -0.00000  -0.00000  -0.00000   0.00000  -0.00000  -0.00000  -0.00000   0.00000   0.00000   0.00000   0.00000  -0.00000  -0.00000   0.00000   0.00000  -0.00000   0.00000  -0.00000  -0.00000  -0.00000   0.00000  -0.00000
   0.00000   3.00626  -0.00000  -0.00000  -0.00000   0.00000   0.00000   0.00000  -0.00000  -0.00000   0.00000   0.00000  -0.00000  -0.00000   0.00000   0.00000   0.00000   0.00000   0.00000   0.00000   0.00000  -0.00000  -0.00000   0.00000   0.00000  -0.00000  -0.00000  -0.00000  -0.00000   0.00000   0.00000  -0.00000  -0.00000   0.00000  -0.00000   0.00000   0.00000  -0.00000   0.00000  -0.00000
   0.00000  -0.00000   7.50079   0.00000   0.00000  -0.00000  -0.00000  -0.00000  -0.00000   0.00000  -0.00000  -0.00000   0.00000   0.00000   0.00000  -0.00000  -0.00000  -0.00000  -0.00000  -0.00000  -0.00000   0.00000  -0.00000  -0.00000  -0.00000  -0.00000   0.00000   0.00000   0.00000   0.00000  -0.00000   0.00000   0.00000  -0.00000   0.00000  -0.00000  -0.00000   0.00000  -0.00000  -0.00000
   0.00000  -0.00000   0.00000  13.85477   0.00000  -0.00000  -0.00000  -0.00000  -0.00000   0.00000  -0.00000  -0.00000   0.00000   0.00000   0.00000   0.00000  -0.00000  -0.00000  -0.00000  -0.00000  -0.00000   0.00000   0.00000  -0.00000  -0.00000  -0.00000   0.00000   0.00000   0.00000   0.00000   0.00000   0.00000   0.00000   0.00000  -0.00000  -0.00000  -0.00000   0.00000  -0.00000   0.00000
   0.00000  -0.00000   0.00000   0.00000  21.97804  -0.00000  -0.00000  -0.00000   0.00000   0.00000  -0.00000  -0.00000   0.00000   0.00000   0.00000   0.00000  -0.00000  -0.00000  -0.00000  -0.00000  -0.00000   0.00000   0.00000   0.00000  -0.00000  -0.00000   0.00000   0.00000   0.00000   0.00000   0.00000   0.00000  -0.00000   0.00000  -0.00000  -0.00000  -0.00000   0.00000  -0.00000  -0.00000
  -0.00000   0.00000  -0.00000  -0.00000  -0.00000  31.83253   0.00000   0.00000  -0.00000   0.00000   0.00000   0.00000  -0.00000  -0.00000  -0.00000  -0.00000   0.00000   0.00000   0.00000   0.00000   0.00000  -0.00000   0.00000   0.00000   0.00000  -0.00000  -0.00000  -0.00000  -0.00000   0.00000  -0.00000  -0.00000   0.00000  -0.00000   0.00000   0.00000   0.00000  -0.00000   0.00000   0.00000
   0.00000   0.00000  -0.00000  -0.00000  -0.00000   0.00000  43.41895   0.00000  -0.00000   0.00000  -0.00000   0.00000  -0.00000  -0.00000  -0.00000  -0.00000   0.00000   0.00000   0.00000  -0.00000   0.00000   0.00000   0.00000   0.00000  -0.00000   0.00000  -0.00000  -0.00000   0.00000   0.00000  -0.00000  -0.00000   0.00000  -0.00000   0.00000   0.00000   0.00000   0.00000   0.00000  -0.00000
  -0.00000   0.00000  -0.00000  -0.00000  -0.00000   0.00000   0.00000  56.75414  -0.00000   0.00000  -0.00000  -0.00000  -0.00000  -0.00000  -0.00000  -0.00000   0.00000   0.00000   0.00000   0.00000  -0.00000  -0.00000  -0.00000  -0.00000  -0.00000   0.00000   0.00000  -0.00000   0.00000   0.00000  -0.00000   0.00000  -0.00000   0.00000   0.00000   0.00000   0.00000   0.00000   0.00000  -0.00000
   0.00000  -0.00000  -0.00000  -0.00000   0.00000  -0.00000  -0.00000  -0.00000  71.85546  -0.00000   0.00000   0.00000  -0.00000   0.00000   0.00000   0.00000  -0.00000  -0.00000  -0.00000  -0.00000   0.00000  -0.00000   0.00000   0.00000   0.00000   0.00000  -0.00000   0.00000  -0.00000  -0.00000   0.00000  -0.00000   0.00000  -0.00000   0.00000   0.00000  -0.00000  -0.00000  -0.00000   0.00000
   0.00000  -0.00000   0.00000   0.00000   0.00000   0.00000   0.00000   0.00000  -0.00000  88.73660  -0.00000  -0.00000   0.00000  -0.00000  -0.00000  -0.00000   0.00000   0.00000   0.00000   0.00000   0.00000   0.00000   0.00000  -0.00000  -0.00000  -0.00000  -0.00000  -0.00000   0.00000   0.00000  -0.00000  -0.00000  -0.00000   0.00000  -0.00000  -0.00000   0.00000   0.00000   0.00000  -0.00000
  -0.00000   0.00000  -0.00000  -0.00000  -0.00000   0.00000  -0.00000  -0.00000   0.00000  -0.00000 107.41136   0.00000  -0.00000  -0.00000  -0.00000   0.00000  -0.00000  -0.00000  -0.00000  -0.00000  -0.00000   0.00000  -0.00000   0.00000   0.00000   0.00000   0.00000   0.00000  -0.00000  -0.00000   0.00000   0.00000  -0.00000  -0.00000   0.00000   0.00000   0.00000  -0.00000  -0.00000   0.00000
  -0.00000   0.00000  -0.00000  -0.00000  -0.00000   0.00000   0.00000  -0.00000   0.00000  -0.00000   0.00000 127.89718  -0.00000  -0.00000  -0.00000  -0.00000  -0.00000  -0.00000  -0.00000  -0.00000  -0.00000   0.00000  -0.00000   0.00000   0.00000  -0.00000   0.00000   0.00000   0.00000  -0.00000   0.00000   0.00000  -0.00000  -0.00000  -0.00000   0.00000   0.00000  -0.00000  -0.00000   0.00000
   0.00000  -0.00000   0.00000   0.00000   0.00000  -0.00000  -0.00000  -0.00000  -0.00000   0.00000  -0.00000  -0.00000 150.21864   0.00000   0.00000   0.00000  -0.00000   0.00000   0.00000   0.00000   0.00000  -0.00000   0.00000  -0.00000  -0.00000   0.00000  -0.00000  -0.00000  -0.00000   0.00000  -0.00000  -0.00000   0.00000  -0.00000   0.00000   0.00000  -0.00000   0.00000   0.00000  -0.00000
  -0.00000  -0.00000   0.00000   0.00000   0.00000  -0.00000  -0.00000  -0.00000   0.00000  -0.00000  -0.00000  -0.00000   0.00000 174.40679   0.00000   0.00000  -0.00000  -0.00000   0.00000   0.00000   0.00000  -0.00000   0.00000  -0.00000   0.00000   0.00000  -0.00000   0.00000  -0.00000   0.00000  -0.00000   0.00000   0.00000  -0.00000   0.00000   0.00000  -0.00000   0.00000   0.00000  -0.00000
   0.00000   0.00000   0.00000   0.00000   0.00000  -0.00000  -0.00000  -0.00000   0.00000  -0.00000  -0.00000  -0.00000   0.00000   0.00000 200.50048   0.00000  -0.00000  -0.00000   0.00000   0.00000   0.00000  -0.00000   0.00000  -0.00000   0.00000   0.00000  -0.00000   0.00000   0.00000  -0.00000   0.00000   0.00000  -0.00000  -0.00000   0.00000   0.00000   0.00000   0.00000   0.00000  -0.00000
   0.00000   0.00000  -0.00000   0.00000   0.00000  -0.00000  -0.00000  -0.00000   0.00000  -0.00000   0.00000  -0.00000   0.00000   0.00000   0.00000 228.54388  -0.00000  -0.00000  -0.00000   0.00000   0.00000  -0.00000   0.00000  -0.00000  -0.00000  -0.00000   0.00000  -0.00000  -0.00000  -0.00000   0.00000   0.00000  -0.00000  -0.00000   0.00000   0.00000   0.00000   0.00000   0.00000  -0.00000
  -0.00000   0.00000  -0.00000  -0.00000  -0.00000   0.00000   0.00000   0.00000  -0.00000   0.00000  -0.00000  -0.00000  -0.00000  -0.00000  -0.00000  -0.00000 258.58908   0.00000   0.00000   0.00000  -0.00000   0.00000  -0.00000   0.00000   0.00000   0.00000  -0.00000   0.00000   0.00000   0.00000  -0.00000   0.00000   0.00000  -0.00000   0.00000  -0.00000  -0.00000   0.00000  -0.00000   0.00000
   0.00000   0.00000  -0.00000  -0.00000  -0.00000   0.00000   0.00000   0.00000  -0.00000   0.00000  -0.00000  -0.00000   0.00000  -0.00000  -0.00000  -0.00000   0.00000 290.69317   0.00000   0.00000   0.00000  -0.00000  -0.00000   0.00000   0.00000   0.00000  -0.00000  -0.00000   0.00000   0.00000  -0.00000   0.00000   0.00000   0.00000   0.00000  -0.00000  -0.00000   0.00000  -0.00000   0.00000
  -0.00000   0.00000  -0.00000  -0.00000  -0.00000   0.00000   0.00000   0.00000  -0.00000   0.00000  -0.00000  -0.00000   0.00000   0.00000   0.00000  -0.00000   0.00000   0.00000 324.92311   0.00000   0.00000  -0.00000   0.00000   0.00000   0.00000   0.00000  -0.00000  -0.00000   0.00000   0.00000   0.00000  -0.00000  -0.00000   0.00000   0.00000  -0.00000  -0.00000   0.00000  -0.00000   0.00000
  -0.00000   0.00000  -0.00000  -0.00000  -0.00000   0.00000  -0.00000   0.00000  -0.00000   0.00000  -0.00000  -0.00000   0.00000   0.00000   0.00000   0.00000   0.00000   0.00000   0.00000 361.35147   0.00000  -0.00000   0.00000   0.00000   0.00000   0.00000  -0.00000  -0.00000   0.00000   0.00000   0.00000  -0.00000  -0.00000   0.00000   0.00000   0.00000  -0.00000   0.00000  -0.00000   0.00000
  -0.00000   0.00000  -0.00000  -0.00000  -0.00000   0.00000   0.00000  -0.00000   0.00000   0.00000  -0.00000  -0.00000   0.00000   0.00000   0.00000   0.00000  -0.00000   0.00000   0.00000   0.00000 400.06408  -0.00000   0.00000  -0.00000   0.00000   0.00000  -0.00000  -0.00000   0.00000  -0.00000   0.00000  -0.00000  -0.00000  -0.00000  -0.00000   0.00000  -0.00000   0.00000  -0.00000   0.00000
   0.00000  -0.00000   0.00000   0.00000   0.00000  -0.00000   0.00000  -0.00000  -0.00000   0.00000   0.00000   0.00000  -0.00000  -0.00000  -0.00000  -0.00000   0.00000  -0.00000  -0.00000  -0.00000  -0.00000 441.15334  -0.00000   0.00000   0.00000  -0.00000   0.00000   0.00000  -0.00000  -0.00000   0.00000   0.00000   0.00000   0.00000   0.00000  -0.00000  -0.00000   0.00000   0.00000  -0.00000
  -0.00000  -0.00000  -0.00000   0.00000   0.00000   0.00000   0.00000  -0.00000   0.00000   0.00000  -0.00000  -0.00000   0.00000   0.00000   0.00000   0.00000  -0.00000  -0.00000   0.00000   0.00000   0.00000  -0.00000 484.72990  -0.00000  -0.00000   0.00000  -0.00000  -0.00000   0.00000   0.00000  -0.00000  -0.00000  -0.00000  -0.00000  -0.00000   0.00000   0.00000  -0.00000  -0.00000   0.00000
  -0.00000   0.00000  -0.00000  -0.00000   0.00000   0.00000   0.00000  -0.00000   0.00000  -0.00000   0.00000   0.00000  -0.00000  -0.00000  -0.00000  -0.00000   0.00000   0.00000   0.00000   0.00000  -0.00000   0.00000  -0.00000 530.91305   0.00000   0.00000   0.00000  -0.00000  -0.00000  -0.00000   0.00000   0.00000   0.00000   0.00000   0.00000  -0.00000  -0.00000   0.00000  -0.00000  -0.00000
  -0.00000   0.00000  -0.00000  -0.00000  -0.00000   0.00000  -0.00000  -0.00000   0.00000  -0.00000   0.00000   0.00000  -0.00000   0.00000   0.00000  -0.00000   0.00000   0.00000   0.00000   0.00000   0.00000   0.00000  -0.00000   0.00000 579.84689   0.00000  -0.00000  -0.00000  -0.00000  -0.00000   0.00000   0.00000   0.00000   0.00000   0.00000   0.00000  -0.00000   0.00000  -0.00000  -0.00000
   0.00000  -0.00000  -0.00000  -0.00000  -0.00000  -0.00000   0.00000   0.00000   0.00000  -0.00000   0.00000  -0.00000   0.00000   0.00000   0.00000  -0.00000   0.00000   0.00000   0.00000   0.00000   0.00000  -0.00000   0.00000   0.00000   0.00000 631.69004  -0.00000  -0.00000  -0.00000  -0.00000   0.00000   0.00000   0.00000   0.00000   0.00000   0.00000  -0.00000   0.00000  -0.00000  -0.00000
   0.00000  -0.00000   0.00000   0.00000   0.00000  -0.00000  -0.00000   0.00000  -0.00000  -0.00000   0.00000   0.00000  -0.00000  -0.00000  -0.00000   0.00000  -0.00000  -0.00000  -0.00000  -0.00000  -0.00000   0.00000  -0.00000   0.00000  -0.00000  -0.00000 686.63249   0.00000  -0.00000   0.00000  -0.00000  -0.00000  -0.00000  -0.00000  -0.00000  -0.00000  -0.00000   0.00000   0.00000   0.00000
   0.00000  -0.00000   0.00000   0.00000   0.00000  -0.00000  -0.00000  -0.00000   0.00000  -0.00000   0.00000   0.00000  -0.00000   0.00000   0.00000  -0.00000   0.00000  -0.00000  -0.00000  -0.00000  -0.00000   0.00000  -0.00000  -0.00000  -0.00000  -0.00000   0.00000 744.89401  -0.00000  -0.00000  -0.00000  -0.00000  -0.00000  -0.00000  -0.00000  -0.00000  -0.00000   0.00000  -0.00000   0.00000
   0.00000  -0.00000   0.00000   0.00000   0.00000  -0.00000   0.00000   0.00000  -0.00000   0.00000  -0.00000   0.00000  -0.00000  -0.00000   0.00000  -0.00000   0.00000   0.00000   0.00000   0.00000   0.00000  -0.00000   0.00000  -0.00000  -0.00000  -0.00000  -0.00000  -0.00000 806.73288   0.00000   0.00000   0.00000   0.00000   0.00000   0.00000   0.00000   0.00000  -0.00000   0.00000  -0.00000
  -0.00000   0.00000   0.00000   0.00000   0.00000   0.00000   0.00000   0.00000  -0.00000   0.00000  -0.00000  -0.00000   0.00000   0.00000  -0.00000  -0.00000   0.00000   0.00000   0.00000   0.00000  -0.00000  -0.00000   0.00000  -0.00000  -0.00000  -0.00000   0.00000  -0.00000   0.00000 872.46251  -0.00000  -0.00000   0.00000   0.00000   0.00000   0.00000   0.00000  -0.00000   0.00000  -0.00000
  -0.00000   0.00000  -0.00000   0.00000   0.00000  -0.00000  -0.00000  -0.00000   0.00000  -0.00000   0.00000   0.00000  -0.00000  -0.00000   0.00000   0.00000  -0.00000  -0.00000   0.00000   0.00000   0.00000   0.00000  -0.00000   0.00000   0.00000   0.00000  -0.00000  -0.00000   0.00000  -0.00000 942.46521   0.00000   0.00000  -0.00000  -0.00000  -0.00000  -0.00000  -0.00000  -0.00000   0.00000
   0.00000  -0.00000   0.00000   0.00000   0.00000  -0.00000  -0.00000   0.00000  -0.00000  -0.00000   0.00000   0.00000  -0.00000   0.00000   0.00000   0.00000   0.00000   0.00000  -0.00000  -0.00000  -0.00000   0.00000  -0.00000   0.00000   0.00000   0.00000  -0.00000  -0.00000   0.00000  -0.00000   0.000001017.18738   0.00000   0.00000  -0.00000  -0.00000  -0.00000  -0.00000  -0.00000  -0.00000
   0.00000  -0.00000   0.00000   0.00000  -0.00000   0.00000   0.00000  -0.00000   0.00000  -0.00000  -0.00000  -0.00000   0.00000   0.00000  -0.00000  -0.00000   0.00000   0.00000  -0.00000  -0.00000  -0.00000   0.00000  -0.00000   0.00000   0.00000   0.00000  -0.00000  -0.00000   0.00000   0.00000   0.00000   0.000001097.27226   0.00000  -0.00000  -0.00000  -0.00000  -0.00000  -0.00000  -0.00000
  -0.00000   0.00000  -0.00000   0.00000   0.00000  -0.00000  -0.00000   0.00000  -0.00000   0.00000  -0.00000  -0.00000  -0.00000  -0.00000  -0.00000  -0.00000  -0.00000   0.00000   0.00000   0.00000  -0.00000   0.00000  -0.00000   0.00000   0.00000   0.00000  -0.00000  -0.00000   0.00000   0.00000  -0.00000   0.00000   0.000001183.39885   0.00000  -0.00000  -0.00000  -0.00000  -0.00000  -0.00000
   0.00000  -0.00000   0.00000  -0.00000  -0.00000   0.00000   0.00000   0.00000   0.00000  -0.00000   0.00000  -0.00000   0.00000   0.00000   0.00000   0.00000   0.00000   0.00000   0.00000   0.00000  -0.00000   0.00000  -0.00000   0.00000   0.00000   0.00000  -0.00000  -0.00000   0.00000   0.00000  -0.00000  -0.00000  -0.00000   0.000001276.66634   0.00000  -0.00000  -0.00000  -0.00000  -0.00000
  -0.00000   0.00000  -0.00000  -0.00000  -0.00000   0.00000   0.00000   0.00000   0.00000  -0.00000   0.00000   0.00000   0.00000   0.00000   0.00000   0.00000  -0.00000  -0.00000  -0.00000   0.00000   0.00000  -0.00000   0.00000  -0.00000   0.00000   0.00000  -0.00000  -0.00000   0.00000   0.00000  -0.00000  -0.00000  -0.00000  -0.00000   0.000001378.62375   0.00000  -0.00000  -0.00000  -0.00000
  -0.00000   0.00000  -0.00000  -0.00000  -0.00000   0.00000   0.00000   0.00000  -0.00000   0.00000   0.00000   0.00000  -0.00000  -0.00000   0.00000   0.00000  -0.00000  -0.00000  -0.00000  -0.00000  -0.00000  -0.00000   0.00000  -0.00000  -0.00000  -0.00000  -0.00000  -0.00000   0.00000   0.00000  -0.00000  -0.00000  -0.00000  -0.00000  -0.00000   0.000001490.74709  -0.00000  -0.00000   0.00000
  -0.00000  -0.00000   0.00000   0.00000   0.00000  -0.00000   0.00000   0.00000  -0.00000   0.00000  -0.00000  -0.00000   0.00000   0.00000   0.00000   0.00000   0.00000   0.00000   0.00000   0.00000   0.00000   0.00000  -0.00000   0.00000   0.00000   0.00000   0.00000   0.00000  -0.00000  -0.00000  -0.00000  -0.00000  -0.00000  -0.00000  -0.00000  -0.00000  -0.000001618.13951  -0.00000   0.00000
   0.00000   0.00000  -0.00000  -0.00000  -0.00000   0.00000   0.00000   0.00000  -0.00000   0.00000  -0.00000  -0.00000   0.00000   0.00000   0.00000   0.00000  -0.00000  -0.00000  -0.00000  -0.00000  -0.00000   0.00000  -0.00000  -0.00000  -0.00000  -0.00000   0.00000  -0.00000   0.00000   0.00000  -0.00000  -0.00000  -0.00000  -0.00000  -0.00000  -0.00000  -0.00000  -0.000001765.42678   0.00000
  -0.00000  -0.00000  -0.00000   0.00000  -0.00000   0.00000  -0.00000  -0.00000   0.00000  -0.00000   0.00000   0.00000  -0.00000  -0.00000  -0.00000  -0.00000   0.00000   0.00000   0.00000   0.00000   0.00000  -0.00000   0.00000  -0.00000  -0.00000  -0.00000   0.00000   0.00000  -0.00000  -0.00000   0.00000  -0.00000  -0.00000  -0.00000  -0.00000  -0.00000   0.00000   0.00000   0.000001941.88804
