 #S.p. wfs for channel:           1
   0.000     0.00000   0.00000   0.00000
   0.050    -0.00001  -0.00001   0.00000
   0.100    -0.00011  -0.00011   0.00001
   0.150    -0.00038  -0.00036   0.00002
   0.200    -0.00091  -0.00080  -0.00001
   0.250    -0.00179  -0.00146  -0.00017
   0.300    -0.00311  -0.00234  -0.00058
   0.350    -0.00495  -0.00342  -0.00135
   0.400    -0.00741  -0.00469  -0.00260
   0.450    -0.01056  -0.00615  -0.00442
   0.500    -0.01444  -0.00783  -0.00683
   0.550    -0.01912  -0.00980  -0.00981
   0.600    -0.02462  -0.01212  -0.01329
   0.650    -0.03097  -0.01490  -0.01716
   0.700    -0.03818  -0.01822  -0.02132
   0.750    -0.04625  -0.02215  -0.02569
   0.800    -0.05521  -0.02670  -0.03023
   0.850    -0.06504  -0.03186  -0.03498
   0.900    -0.07575  -0.03758  -0.04000
   0.950    -0.08734  -0.04375  -0.04542
   1.000    -0.09980  -0.05028  -0.05135
   1.050    -0.11310  -0.05708  -0.05789
   1.100    -0.12722  -0.06407  -0.06509
   1.150    -0.14210  -0.07123  -0.07291
   1.200    -0.15767  -0.07855  -0.08127
   1.250    -0.17385  -0.08608  -0.08999
   1.300    -0.19055  -0.09387  -0.09890
   1.350    -0.20767  -0.10196  -0.10781
   1.400    -0.22512  -0.11038  -0.11656
   1.450    -0.24280  -0.11910  -0.12506
   1.500    -0.26063  -0.12806  -0.13329
   1.550    -0.27851  -0.13715  -0.14130
   1.600    -0.29639  -0.14623  -0.14917
   1.650    -0.31417  -0.15517  -0.15698
   1.700    -0.33179  -0.16384  -0.16483
   1.750    -0.34915  -0.17215  -0.17271
   1.800    -0.36618  -0.18005  -0.18059
   1.850    -0.38277  -0.18755  -0.18835
   1.900    -0.39883  -0.19469  -0.19582
   1.950    -0.41427  -0.20152  -0.20280
   2.000    -0.42899  -0.20808  -0.20912
   2.050    -0.44294  -0.21442  -0.21466
   2.100    -0.45604  -0.22052  -0.21936
   2.150    -0.46826  -0.22633  -0.22323
   2.200    -0.47956  -0.23177  -0.22637
   2.250    -0.48995  -0.23673  -0.22889
   2.300    -0.49940  -0.24111  -0.23095
   2.350    -0.50792  -0.24483  -0.23266
   2.400    -0.51551  -0.24784  -0.23406
   2.450    -0.52218  -0.25016  -0.23516
   2.500    -0.52790  -0.25184  -0.23588
   2.550    -0.53269  -0.25297  -0.23609
   2.600    -0.53655  -0.25366  -0.23567
   2.650    -0.53949  -0.25400  -0.23449
   2.700    -0.54153  -0.25407  -0.23248
   2.750    -0.54269  -0.25389  -0.22965
   2.800    -0.54304  -0.25345  -0.22608
   2.850    -0.54262  -0.25270  -0.22190
   2.900    -0.54149  -0.25157  -0.21728
   2.950    -0.53973  -0.25000  -0.21241
   3.000    -0.53739  -0.24794  -0.20740
   3.050    -0.53453  -0.24538  -0.20235
   3.100    -0.53119  -0.24235  -0.19725
   3.150    -0.52741  -0.23895  -0.19204
   3.200    -0.52321  -0.23527  -0.18662
   3.250    -0.51863  -0.23143  -0.18084
   3.300    -0.51368  -0.22753  -0.17461
   3.350    -0.50841  -0.22365  -0.16786
   3.400    -0.50285  -0.21980  -0.16061
   3.450    -0.49705  -0.21598  -0.15293
   3.500    -0.49104  -0.21211  -0.14496
   3.550    -0.48489  -0.20813  -0.13687
   3.600    -0.47865  -0.20396  -0.12881
   3.650    -0.47234  -0.19954  -0.12091
   3.700    -0.46601  -0.19487  -0.11322
   3.750    -0.45967  -0.18996  -0.10573
   3.800    -0.45333  -0.18489  -0.09835
   3.850    -0.44700  -0.17975  -0.09096
   3.900    -0.44067  -0.17463  -0.08342
   3.950    -0.43434  -0.16964  -0.07561
   4.000    -0.42802  -0.16481  -0.06745
   4.050    -0.42171  -0.16017  -0.05895
   4.100    -0.41545  -0.15567  -0.05017
   4.150    -0.40924  -0.15126  -0.04123
   4.200    -0.40311  -0.14684  -0.03229
   4.250    -0.39709  -0.14232  -0.02349
   4.300    -0.39120  -0.13765  -0.01495
   4.350    -0.38545  -0.13278  -0.00672
   4.400    -0.37984  -0.12775   0.00123
   4.450    -0.37435  -0.12260   0.00897
   4.500    -0.36898  -0.11743   0.01665
   4.550    -0.36371  -0.11232   0.02440
   4.600    -0.35853  -0.10735   0.03235
   4.650    -0.35342  -0.10259   0.04060
   4.700    -0.34838  -0.09803   0.04914
   4.750    -0.34343  -0.09364   0.05792
   4.800    -0.33856  -0.08936   0.06683
   4.850    -0.33381  -0.08510   0.07571
   4.900    -0.32918  -0.08076   0.08444
   4.950    -0.32469  -0.07627   0.09287
   5.000    -0.32035  -0.07160   0.10096
   5.050    -0.31614  -0.06674   0.10871
   5.100    -0.31207  -0.06176   0.11620
   5.150    -0.30811  -0.05673   0.12356
   5.200    -0.30424  -0.05174   0.13092
   5.250    -0.30045  -0.04687   0.13842
   5.300    -0.29671  -0.04218   0.14616
   5.350    -0.29303  -0.03770   0.15416
   5.400    -0.28940  -0.03340   0.16238
   5.450    -0.28584  -0.02922   0.17073
   5.500    -0.28236  -0.02507   0.17906
   5.550    -0.27898  -0.02086   0.18722
   5.600    -0.27571  -0.01651   0.19508
   5.650    -0.27255  -0.01197   0.20256
   5.700    -0.26951  -0.00724   0.20965
   5.750    -0.26658  -0.00235   0.21639
   5.800    -0.26373   0.00263   0.22290
   5.850    -0.26096   0.00762   0.22931
   5.900    -0.25824   0.01252   0.23576
   5.950    -0.25556   0.01727   0.24237
   6.000    -0.25291   0.02181   0.24919
   6.050    -0.25028   0.02617   0.25621
   6.100    -0.24768   0.03038   0.26336
   6.150    -0.24513   0.03453   0.27050
   6.200    -0.24264   0.03869   0.27750
   6.250    -0.24022   0.04295   0.28420
   6.300    -0.23790   0.04739   0.29050
   6.350    -0.23567   0.05204   0.29635
   6.400    -0.23352   0.05687   0.30176
   6.450    -0.23145   0.06183   0.30681
   6.500    -0.22944   0.06686   0.31162
   6.550    -0.22747   0.07185   0.31634
   6.600    -0.22553   0.07673   0.32109
   6.650    -0.22359   0.08142   0.32598
   6.700    -0.22165   0.08592   0.33102
   6.750    -0.21972   0.09023   0.33620
   6.800    -0.21781   0.09441   0.34142
   6.850    -0.21592   0.09855   0.34653
   6.900    -0.21408   0.10273   0.35140
   6.950    -0.21230   0.10703   0.35589
   7.000    -0.21059   0.11151   0.35991
   7.050    -0.20896   0.11619   0.36341
   7.100    -0.20739   0.12105   0.36642
   7.150    -0.20588   0.12603   0.36904
   7.200    -0.20441   0.13105   0.37140
   7.250    -0.20296   0.13601   0.37364
   7.300    -0.20152   0.14084   0.37588
   7.350    -0.20006   0.14548   0.37821
   7.400    -0.19859   0.14990   0.38066
   7.450    -0.19711   0.15414   0.38319
   7.500    -0.19563   0.15824   0.38572
   7.550    -0.19417   0.16228   0.38810
   7.600    -0.19274   0.16635   0.39020
   7.650    -0.19136   0.17054   0.39187
   7.700    -0.19003   0.17490   0.39303
   7.750    -0.18877   0.17945   0.39364
   7.800    -0.18756   0.18418   0.39371
   7.850    -0.18640   0.18902   0.39335
   7.900    -0.18527   0.19390   0.39267
   7.950    -0.18415   0.19873   0.39181
   8.000    -0.18303   0.20343   0.39091
   8.050    -0.18188   0.20793   0.39007
   8.100    -0.18072   0.21220   0.38932
   8.150    -0.17953   0.21625   0.38866
   8.200    -0.17833   0.22014   0.38800
   8.250    -0.17712   0.22393   0.38722
   8.300    -0.17594   0.22771   0.38619
   8.350    -0.17478   0.23156   0.38477
   8.400    -0.17368   0.23556   0.38284
   8.450    -0.17262   0.23973   0.38035
   8.500    -0.17162   0.24407   0.37730
   8.550    -0.17066   0.24855   0.37376
   8.600    -0.16973   0.25310   0.36982
   8.650    -0.16882   0.25763   0.36564
   8.700    -0.16790   0.26204   0.36135
   8.750    -0.16696   0.26628   0.35708
   8.800    -0.16599   0.27028   0.35290
   8.850    -0.16499   0.27404   0.34882
   8.900    -0.16396   0.27758   0.34483
   8.950    -0.16291   0.28095   0.34083
   9.000    -0.16187   0.28422   0.33668
   9.050    -0.16083   0.28750   0.33226
   9.100    -0.15983   0.29085   0.32744
   9.150    -0.15887   0.29434   0.32212
   9.200    -0.15795   0.29800   0.31625
   9.250    -0.15708   0.30181   0.30986
   9.300    -0.15625   0.30574   0.30300
   9.350    -0.15544   0.30971   0.29580
   9.400    -0.15464   0.31365   0.28839
   9.450    -0.15383   0.31746   0.28091
   9.500    -0.15300   0.32106   0.27349
   9.550    -0.15212   0.32442   0.26621
   9.600    -0.15121   0.32751   0.25909
   9.650    -0.15027   0.33035   0.25212
   9.700    -0.14930   0.33300   0.24521
   9.750    -0.14832   0.33552   0.23824
   9.800    -0.14734   0.33800   0.23109
   9.850    -0.14639   0.34052   0.22362
   9.900    -0.14547   0.34315   0.21573
   9.950    -0.14460   0.34593   0.20737
  10.000    -0.14377   0.34885   0.19852
  10.050    -0.14298   0.35191   0.18924
  10.100    -0.14221   0.35503   0.17962
  10.150    -0.14146   0.35814   0.16980
  10.200    -0.14070   0.36115   0.15991
  10.250    -0.13991   0.36399   0.15008
  10.300    -0.13910   0.36658   0.14044
  10.350    -0.13824   0.36889   0.13105
  10.400    -0.13734   0.37091   0.12191
  10.450    -0.13641   0.37268   0.11298
  10.500    -0.13544   0.37424   0.10419
  10.550    -0.13447   0.37568   0.09542
  10.600    -0.13350   0.37707   0.08654
  10.650    -0.13255   0.37850   0.07742
  10.700    -0.13164   0.38002   0.06797
  10.750    -0.13076   0.38169   0.05813
  10.800    -0.12993   0.38349   0.04790
  10.850    -0.12913   0.38542   0.03732
  10.900    -0.12836   0.38741   0.02648
  10.950    -0.12760   0.38940   0.01551
  11.000    -0.12684   0.39129   0.00454
  11.050    -0.12606   0.39302  -0.00628
  11.100    -0.12525   0.39450  -0.01685
  11.150    -0.12439   0.39570  -0.02707
  11.200    -0.12348   0.39659  -0.03691
  11.250    -0.12254   0.39718  -0.04638
  11.300    -0.12155   0.39752  -0.05555
  11.350    -0.12054   0.39767  -0.06451
  11.400    -0.11953   0.39770  -0.07338
  11.450    -0.11852   0.39771  -0.08229
  11.500    -0.11753   0.39776  -0.09134
  11.550    -0.11658   0.39791  -0.10063
  11.600    -0.11566   0.39820  -0.11021
  11.650    -0.11479   0.39862  -0.12007
  11.700    -0.11396   0.39917  -0.13017
  11.750    -0.11315   0.39977  -0.14043
  11.800    -0.11235   0.40038  -0.15072
  11.850    -0.11155   0.40090  -0.16091
  11.900    -0.11074   0.40125  -0.17086
  11.950    -0.10989   0.40138  -0.18046
  12.000    -0.10900   0.40121  -0.18962
  12.050    -0.10806   0.40072  -0.19827
  12.100    -0.10707   0.39992  -0.20640
  12.150    -0.10603   0.39881  -0.21407
  12.200    -0.10496   0.39747  -0.22132
  12.250    -0.10387   0.39594  -0.22828
  12.300    -0.10278   0.39431  -0.23506
  12.350    -0.10169   0.39266  -0.24178
  12.400    -0.10062   0.39106  -0.24854
  12.450    -0.09959   0.38957  -0.25544
  12.500    -0.09860   0.38821  -0.26253
  12.550    -0.09766   0.38700  -0.26980
  12.600    -0.09675   0.38592  -0.27723
  12.650    -0.09587   0.38492  -0.28474
  12.700    -0.09501   0.38396  -0.29224
  12.750    -0.09416   0.38295  -0.29960
  12.800    -0.09329   0.38181  -0.30668
  12.850    -0.09240   0.38048  -0.31337
  12.900    -0.09147   0.37888  -0.31956
  12.950    -0.09050   0.37698  -0.32517
  13.000    -0.08947   0.37475  -0.33015
  13.050    -0.08839   0.37219  -0.33450
  13.100    -0.08726   0.36931  -0.33825
  13.150    -0.08609   0.36618  -0.34148
  13.200    -0.08490   0.36284  -0.34428
  13.250    -0.08369   0.35937  -0.34676
  13.300    -0.08249   0.35586  -0.34903
  13.350    -0.08130   0.35236  -0.35123
  13.400    -0.08014   0.34894  -0.35344
  13.450    -0.07902   0.34566  -0.35573
  13.500    -0.07795   0.34254  -0.35816
  13.550    -0.07691   0.33958  -0.36072
  13.600    -0.07592   0.33678  -0.36340
  13.650    -0.07497   0.33409  -0.36613
  13.700    -0.07404   0.33147  -0.36882
  13.750    -0.07312   0.32884  -0.37138
  13.800    -0.07220   0.32615  -0.37367
  13.850    -0.07126   0.32331  -0.37559
  13.900    -0.07030   0.32027  -0.37703
  13.950    -0.06929   0.31695  -0.37788
  14.000    -0.06823   0.31332  -0.37808
  14.050    -0.06712   0.30936  -0.37759
  14.100    -0.06595   0.30506  -0.37639
  14.150    -0.06473   0.30043  -0.37451
  14.200    -0.06346   0.29550  -0.37200
  14.250    -0.06215   0.29033  -0.36893
  14.300    -0.06081   0.28497  -0.36541
  14.350    -0.05947   0.27949  -0.36154
  14.400    -0.05812   0.27396  -0.35743
  14.450    -0.05678   0.26845  -0.35320
  14.500    -0.05548   0.26302  -0.34896
  14.550    -0.05421   0.25773  -0.34478
  14.600    -0.05298   0.25263  -0.34073
  14.650    -0.05181   0.24772  -0.33687
  14.700    -0.05068   0.24303  -0.33319
  14.750    -0.04960   0.23855  -0.32971
  14.800    -0.04857   0.23425  -0.32637
  14.850    -0.04758   0.23011  -0.32312
  14.900    -0.04662   0.22606  -0.31988
  14.950    -0.04567   0.22206  -0.31657
  15.000    -0.04473   0.21803  -0.31309
  15.050    -0.04377   0.21393  -0.30932
  15.100    -0.04280   0.20968  -0.30519
  15.150    -0.04180   0.20523  -0.30058
  15.200    -0.04075   0.20052  -0.29542
  15.250    -0.03965   0.19551  -0.28964
  15.300    -0.03850   0.19017  -0.28320
  15.350    -0.03728   0.18449  -0.27606
  15.400    -0.03600   0.17844  -0.26823
  15.450    -0.03465   0.17205  -0.25970
  15.500    -0.03325   0.16533  -0.25052
  15.550    -0.03180   0.15831  -0.24074
  15.600    -0.03029   0.15102  -0.23042
  15.650    -0.02876   0.14352  -0.21963
  15.700    -0.02719   0.13584  -0.20848
  15.750    -0.02561   0.12806  -0.19705
  15.800    -0.02402   0.12023  -0.18545
  15.850    -0.02244   0.11241  -0.17377
  15.900    -0.02087   0.10466  -0.16211
  15.950    -0.01934   0.09703  -0.15058
  16.000    -0.01784   0.08957  -0.13925
  16.050    -0.01639   0.08234  -0.12822
  16.100    -0.01499   0.07537  -0.11754
  16.150    -0.01366   0.06869  -0.10728
  16.200    -0.01239   0.06235  -0.09750
  16.250    -0.01119   0.05635  -0.08822
  16.300    -0.01007   0.05072  -0.07949
  16.350    -0.00902   0.04545  -0.07132
  16.400    -0.00805   0.04057  -0.06372
  16.450    -0.00715   0.03606  -0.05669
  16.500    -0.00633   0.03193  -0.05023
  16.550    -0.00558   0.02815  -0.04433
  16.600    -0.00490   0.02472  -0.03896
  16.650    -0.00428   0.02163  -0.03410
  16.700    -0.00373   0.01884  -0.02973
  16.750    -0.00324   0.01635  -0.02582
  16.800    -0.00280   0.01414  -0.02234
  16.850    -0.00241   0.01218  -0.01925
  16.900    -0.00207   0.01045  -0.01652
  16.950    -0.00177   0.00893  -0.01413
  17.000    -0.00150   0.00761  -0.01204
  17.050    -0.00128   0.00645  -0.01022
  17.100    -0.00108   0.00546  -0.00864
  17.150    -0.00091   0.00460  -0.00728
  17.200    -0.00076   0.00386  -0.00612
  17.250    -0.00064   0.00323  -0.00512
  17.300    -0.00053   0.00269  -0.00427
  17.350    -0.00044   0.00223  -0.00354
  17.400    -0.00037   0.00185  -0.00293
  17.450    -0.00030   0.00152  -0.00242
  17.500    -0.00025   0.00125  -0.00199
  17.550    -0.00020   0.00103  -0.00163
  17.600    -0.00017   0.00084  -0.00133
  17.650    -0.00013   0.00068  -0.00108
  17.700    -0.00011   0.00055  -0.00088
  17.750    -0.00009   0.00045  -0.00071
  17.800    -0.00007   0.00036  -0.00057
  17.850    -0.00006   0.00029  -0.00046
  17.900    -0.00005   0.00023  -0.00037
  17.950    -0.00004   0.00019  -0.00029
  18.000    -0.00003   0.00015  -0.00023
  18.050    -0.00002   0.00012  -0.00019
  18.100    -0.00002   0.00009  -0.00015
  18.150    -0.00001   0.00007  -0.00012
  18.200    -0.00001   0.00006  -0.00009
  18.250    -0.00001   0.00004  -0.00007
  18.300    -0.00001   0.00004  -0.00006
  18.350    -0.00001   0.00003  -0.00004
  18.400    -0.00000   0.00002  -0.00003
  18.450    -0.00000   0.00002  -0.00003
  18.500    -0.00000   0.00001  -0.00002
  18.550    -0.00000   0.00001  -0.00002
  18.600    -0.00000   0.00001  -0.00001
  18.650    -0.00000   0.00001  -0.00001
  18.700    -0.00000   0.00000  -0.00001
  18.750    -0.00000   0.00000  -0.00001
  18.800    -0.00000   0.00000  -0.00000
  18.850    -0.00000   0.00000  -0.00000
  18.900    -0.00000   0.00000  -0.00000
  18.950    -0.00000   0.00000  -0.00000
  19.000    -0.00000   0.00000  -0.00000
  19.050    -0.00000   0.00000  -0.00000
  19.100    -0.00000   0.00000  -0.00000
  19.150    -0.00000   0.00000  -0.00000
  19.200    -0.00000   0.00000  -0.00000
  19.250    -0.00000   0.00000  -0.00000
  19.300    -0.00000   0.00000  -0.00000
  19.350    -0.00000   0.00000  -0.00000
  19.400    -0.00000   0.00000  -0.00000
  19.450    -0.00000   0.00000  -0.00000
  19.500    -0.00000   0.00000  -0.00000
  19.550    -0.00000   0.00000  -0.00000
  19.600    -0.00000   0.00000  -0.00000
  19.650    -0.00000   0.00000  -0.00000
  19.700    -0.00000   0.00000  -0.00000
  19.750    -0.00000   0.00000  -0.00000
  19.800    -0.00000   0.00000  -0.00000
  19.850    -0.00000   0.00000  -0.00000
  19.900    -0.00000   0.00000  -0.00000
  19.950    -0.00000   0.00000  -0.00000
  20.000    -0.00000   0.00000  -0.00000
  20.050    -0.00000   0.00000  -0.00000
  20.100    -0.00000   0.00000  -0.00000
  20.150    -0.00000   0.00000  -0.00000
  20.200    -0.00000   0.00000  -0.00000
  20.250    -0.00000   0.00000  -0.00000
  20.300    -0.00000   0.00000  -0.00000
  20.350    -0.00000   0.00000  -0.00000
  20.400    -0.00000   0.00000  -0.00000
  20.450    -0.00000   0.00000  -0.00000
  20.500    -0.00000   0.00000  -0.00000
  20.550    -0.00000   0.00000  -0.00000
  20.600    -0.00000   0.00000  -0.00000
  20.650    -0.00000   0.00000  -0.00000
  20.700    -0.00000   0.00000  -0.00000
  20.750    -0.00000   0.00000  -0.00000
  20.800    -0.00000   0.00000  -0.00000
  20.850    -0.00000   0.00000  -0.00000
  20.900    -0.00000   0.00000  -0.00000
  20.950    -0.00000   0.00000  -0.00000
  21.000    -0.00000   0.00000  -0.00000
  21.050    -0.00000   0.00000  -0.00000
  21.100    -0.00000   0.00000  -0.00000
  21.150    -0.00000   0.00000  -0.00000
  21.200    -0.00000   0.00000  -0.00000
  21.250    -0.00000   0.00000  -0.00000
  21.300    -0.00000   0.00000  -0.00000
  21.350    -0.00000   0.00000  -0.00000
  21.400    -0.00000   0.00000  -0.00000
  21.450    -0.00000   0.00000  -0.00000
  21.500    -0.00000   0.00000  -0.00000
  21.550    -0.00000   0.00000  -0.00000
  21.600    -0.00000   0.00000  -0.00000
  21.650    -0.00000   0.00000  -0.00000
  21.700    -0.00000   0.00000  -0.00000
  21.750    -0.00000   0.00000  -0.00000
  21.800    -0.00000   0.00000  -0.00000
  21.850    -0.00000   0.00000  -0.00000
  21.900    -0.00000   0.00000  -0.00000
  21.950    -0.00000   0.00000  -0.00000
  22.000    -0.00000   0.00000  -0.00000
  22.050    -0.00000   0.00000  -0.00000
  22.100    -0.00000   0.00000  -0.00000
  22.150    -0.00000   0.00000  -0.00000
  22.200    -0.00000   0.00000  -0.00000
  22.250    -0.00000   0.00000  -0.00000
  22.300    -0.00000   0.00000  -0.00000
  22.350    -0.00000   0.00000  -0.00000
  22.400    -0.00000   0.00000  -0.00000
  22.450    -0.00000   0.00000  -0.00000
  22.500    -0.00000   0.00000  -0.00000
  22.550    -0.00000   0.00000  -0.00000
  22.600    -0.00000   0.00000  -0.00000
  22.650    -0.00000   0.00000  -0.00000
  22.700    -0.00000   0.00000  -0.00000
  22.750    -0.00000   0.00000  -0.00000
  22.800    -0.00000   0.00000  -0.00000
  22.850    -0.00000   0.00000  -0.00000
  22.900    -0.00000   0.00000  -0.00000
  22.950    -0.00000   0.00000  -0.00000
  23.000    -0.00000   0.00000  -0.00000
  23.050    -0.00000   0.00000  -0.00000
  23.100    -0.00000   0.00000  -0.00000
  23.150    -0.00000   0.00000  -0.00000
  23.200    -0.00000   0.00000  -0.00000
  23.250    -0.00000   0.00000  -0.00000
  23.300    -0.00000   0.00000  -0.00000
  23.350    -0.00000   0.00000  -0.00000
  23.400    -0.00000   0.00000  -0.00000
  23.450    -0.00000   0.00000  -0.00000
  23.500    -0.00000   0.00000  -0.00000
  23.550    -0.00000   0.00000  -0.00000
  23.600    -0.00000   0.00000  -0.00000
  23.650    -0.00000   0.00000  -0.00000
  23.700    -0.00000   0.00000  -0.00000
  23.750    -0.00000   0.00000  -0.00000
  23.800    -0.00000   0.00000  -0.00000
  23.850    -0.00000   0.00000  -0.00000
  23.900    -0.00000   0.00000  -0.00000
  23.950    -0.00000   0.00000  -0.00000
  24.000    -0.00000   0.00000  -0.00000
  24.050    -0.00000   0.00000  -0.00000
  24.100    -0.00000   0.00000  -0.00000
  24.150    -0.00000   0.00000  -0.00000
  24.200    -0.00000   0.00000  -0.00000
  24.250    -0.00000   0.00000  -0.00000
  24.300    -0.00000   0.00000  -0.00000
  24.350    -0.00000   0.00000  -0.00000
  24.400    -0.00000   0.00000  -0.00000
  24.450    -0.00000   0.00000  -0.00000
  24.500    -0.00000   0.00000  -0.00000
  24.550    -0.00000   0.00000  -0.00000
  24.600    -0.00000   0.00000  -0.00000
  24.650    -0.00000   0.00000  -0.00000
  24.700    -0.00000   0.00000  -0.00000
  24.750    -0.00000   0.00000  -0.00000
  24.800    -0.00000   0.00000  -0.00000
  24.850    -0.00000   0.00000  -0.00000
  24.900    -0.00000   0.00000  -0.00000
  24.950    -0.00000   0.00000  -0.00000
  25.000    -0.00000   0.00000  -0.00000
  25.050    -0.00000   0.00000  -0.00000
  25.100    -0.00000   0.00000  -0.00000
  25.150    -0.00000   0.00000  -0.00000
  25.200    -0.00000   0.00000  -0.00000
  25.250    -0.00000   0.00000  -0.00000
  25.300    -0.00000   0.00000  -0.00000
  25.350    -0.00000   0.00000  -0.00000
  25.400    -0.00000   0.00000  -0.00000
  25.450    -0.00000   0.00000  -0.00000
  25.500    -0.00000   0.00000  -0.00000
  25.550    -0.00000   0.00000  -0.00000
  25.600    -0.00000   0.00000  -0.00000
  25.650    -0.00000   0.00000  -0.00000
  25.700    -0.00000   0.00000  -0.00000
  25.750    -0.00000   0.00000  -0.00000
  25.800    -0.00000   0.00000  -0.00000
  25.850    -0.00000   0.00000  -0.00000
  25.900    -0.00000   0.00000  -0.00000
  25.950    -0.00000   0.00000  -0.00000
  26.000    -0.00000   0.00000  -0.00000
  26.050    -0.00000   0.00000  -0.00000
  26.100    -0.00000   0.00000  -0.00000
  26.150    -0.00000   0.00000  -0.00000
  26.200    -0.00000   0.00000  -0.00000
  26.250    -0.00000   0.00000  -0.00000
  26.300    -0.00000   0.00000  -0.00000
  26.350    -0.00000   0.00000  -0.00000
  26.400    -0.00000   0.00000  -0.00000
  26.450    -0.00000   0.00000  -0.00000
  26.500    -0.00000   0.00000  -0.00000
  26.550    -0.00000   0.00000  -0.00000
  26.600    -0.00000   0.00000  -0.00000
  26.650    -0.00000   0.00000  -0.00000
  26.700    -0.00000   0.00000  -0.00000
  26.750    -0.00000   0.00000  -0.00000
  26.800    -0.00000   0.00000  -0.00000
  26.850    -0.00000   0.00000  -0.00000
  26.900    -0.00000   0.00000  -0.00000
  26.950    -0.00000   0.00000  -0.00000
  27.000    -0.00000   0.00000  -0.00000
  27.050    -0.00000   0.00000  -0.00000
  27.100    -0.00000   0.00000  -0.00000
  27.150    -0.00000   0.00000  -0.00000
  27.200    -0.00000   0.00000  -0.00000
  27.250    -0.00000   0.00000  -0.00000
  27.300    -0.00000   0.00000  -0.00000
  27.350    -0.00000   0.00000  -0.00000
  27.400    -0.00000   0.00000  -0.00000
  27.450    -0.00000   0.00000  -0.00000
  27.500    -0.00000   0.00000  -0.00000
  27.550    -0.00000   0.00000  -0.00000
  27.600    -0.00000   0.00000  -0.00000
  27.650    -0.00000   0.00000  -0.00000
  27.700    -0.00000   0.00000  -0.00000
  27.750    -0.00000   0.00000  -0.00000
  27.800    -0.00000   0.00000  -0.00000
  27.850    -0.00000   0.00000  -0.00000
  27.900    -0.00000   0.00000  -0.00000
  27.950    -0.00000   0.00000  -0.00000
  28.000    -0.00000   0.00000  -0.00000
  28.050    -0.00000   0.00000  -0.00000
  28.100    -0.00000   0.00000  -0.00000
  28.150    -0.00000   0.00000  -0.00000
  28.200    -0.00000   0.00000  -0.00000
  28.250    -0.00000   0.00000  -0.00000
  28.300    -0.00000   0.00000  -0.00000
  28.350    -0.00000   0.00000  -0.00000
  28.400    -0.00000   0.00000  -0.00000
  28.450    -0.00000   0.00000  -0.00000
  28.500    -0.00000   0.00000  -0.00000
  28.550    -0.00000   0.00000  -0.00000
  28.600    -0.00000   0.00000  -0.00000
  28.650    -0.00000   0.00000  -0.00000
  28.700    -0.00000   0.00000  -0.00000
  28.750    -0.00000   0.00000  -0.00000
  28.800    -0.00000   0.00000  -0.00000
  28.850    -0.00000   0.00000  -0.00000
  28.900    -0.00000   0.00000  -0.00000
  28.950    -0.00000   0.00000  -0.00000
  29.000    -0.00000   0.00000  -0.00000
  29.050    -0.00000   0.00000  -0.00000
  29.100    -0.00000   0.00000  -0.00000
  29.150    -0.00000   0.00000  -0.00000
  29.200    -0.00000   0.00000  -0.00000
  29.250    -0.00000   0.00000  -0.00000
  29.300    -0.00000   0.00000  -0.00000
  29.350    -0.00000   0.00000  -0.00000
  29.400    -0.00000   0.00000  -0.00000
  29.450    -0.00000   0.00000  -0.00000
  29.500    -0.00000   0.00000  -0.00000
  29.550    -0.00000   0.00000  -0.00000
  29.600    -0.00000   0.00000  -0.00000
  29.650    -0.00000   0.00000  -0.00000
  29.700    -0.00000   0.00000  -0.00000
  29.750    -0.00000   0.00000  -0.00000
  29.800    -0.00000   0.00000  -0.00000
  29.850    -0.00000   0.00000  -0.00000
  29.900    -0.00000   0.00000  -0.00000
  29.950    -0.00000   0.00000  -0.00000
  30.000    -0.00000   0.00000  -0.00000
  30.050    -0.00000   0.00000  -0.00000
  30.100    -0.00000   0.00000  -0.00000
  30.150    -0.00000   0.00000  -0.00000
  30.200    -0.00000   0.00000  -0.00000
  30.250    -0.00000   0.00000  -0.00000
  30.300    -0.00000   0.00000  -0.00000
  30.350    -0.00000   0.00000  -0.00000
  30.400    -0.00000   0.00000  -0.00000
  30.450    -0.00000   0.00000  -0.00000
  30.500    -0.00000   0.00000  -0.00000
  30.550    -0.00000   0.00000  -0.00000
  30.600    -0.00000   0.00000  -0.00000
  30.650    -0.00000   0.00000  -0.00000
  30.700    -0.00000   0.00000  -0.00000
  30.750    -0.00000   0.00000  -0.00000
  30.800    -0.00000   0.00000  -0.00000
  30.850    -0.00000   0.00000  -0.00000
  30.900    -0.00000   0.00000  -0.00000
  30.950    -0.00000   0.00000  -0.00000
  31.000    -0.00000   0.00000  -0.00000
  31.050    -0.00000   0.00000  -0.00000
  31.100    -0.00000   0.00000  -0.00000
  31.150    -0.00000   0.00000  -0.00000
  31.200    -0.00000   0.00000  -0.00000
  31.250    -0.00000   0.00000  -0.00000
  31.300    -0.00000   0.00000  -0.00000
  31.350    -0.00000   0.00000  -0.00000
  31.400    -0.00000   0.00000  -0.00000
  31.450    -0.00000   0.00000  -0.00000
  31.500    -0.00000   0.00000  -0.00000
  31.550    -0.00000   0.00000  -0.00000
  31.600    -0.00000   0.00000  -0.00000
  31.650    -0.00000   0.00000  -0.00000
  31.700    -0.00000   0.00000  -0.00000
  31.750    -0.00000   0.00000  -0.00000
  31.800    -0.00000   0.00000  -0.00000
  31.850    -0.00000   0.00000  -0.00000
  31.900    -0.00000   0.00000  -0.00000
  31.950    -0.00000   0.00000  -0.00000
  32.000    -0.00000   0.00000  -0.00000
  32.050    -0.00000   0.00000  -0.00000
  32.100    -0.00000   0.00000  -0.00000
  32.150    -0.00000   0.00000  -0.00000
  32.200    -0.00000   0.00000  -0.00000
  32.250    -0.00000   0.00000  -0.00000
  32.300    -0.00000   0.00000  -0.00000
  32.350    -0.00000   0.00000  -0.00000
  32.400    -0.00000   0.00000  -0.00000
  32.450    -0.00000   0.00000  -0.00000
  32.500    -0.00000   0.00000  -0.00000
  32.550    -0.00000   0.00000  -0.00000
  32.600    -0.00000   0.00000  -0.00000
  32.650    -0.00000   0.00000  -0.00000
  32.700    -0.00000   0.00000  -0.00000
  32.750    -0.00000   0.00000  -0.00000
  32.800    -0.00000   0.00000  -0.00000
  32.850    -0.00000   0.00000  -0.00000
  32.900    -0.00000   0.00000  -0.00000
  32.950    -0.00000   0.00000  -0.00000
  33.000    -0.00000   0.00000  -0.00000
  33.050    -0.00000   0.00000  -0.00000
  33.100    -0.00000   0.00000  -0.00000
  33.150    -0.00000   0.00000  -0.00000
  33.200    -0.00000   0.00000  -0.00000
  33.250    -0.00000   0.00000  -0.00000
  33.300    -0.00000   0.00000  -0.00000
  33.350    -0.00000   0.00000  -0.00000
  33.400    -0.00000   0.00000  -0.00000
  33.450    -0.00000   0.00000  -0.00000
  33.500    -0.00000   0.00000  -0.00000
  33.550    -0.00000   0.00000  -0.00000
  33.600    -0.00000   0.00000  -0.00000
  33.650    -0.00000   0.00000  -0.00000
  33.700    -0.00000   0.00000  -0.00000
  33.750    -0.00000   0.00000  -0.00000
  33.800    -0.00000   0.00000  -0.00000
  33.850    -0.00000   0.00000  -0.00000
  33.900    -0.00000   0.00000  -0.00000
  33.950    -0.00000   0.00000  -0.00000
  34.000    -0.00000   0.00000  -0.00000
  34.050    -0.00000   0.00000  -0.00000
  34.100    -0.00000   0.00000  -0.00000
  34.150    -0.00000   0.00000  -0.00000
  34.200    -0.00000   0.00000  -0.00000
  34.250    -0.00000   0.00000  -0.00000
  34.300    -0.00000   0.00000  -0.00000
  34.350    -0.00000   0.00000  -0.00000
  34.400    -0.00000   0.00000  -0.00000
  34.450    -0.00000   0.00000  -0.00000
  34.500    -0.00000   0.00000  -0.00000
  34.550    -0.00000   0.00000  -0.00000
  34.600    -0.00000   0.00000  -0.00000
  34.650    -0.00000   0.00000  -0.00000
  34.700    -0.00000   0.00000  -0.00000
  34.750    -0.00000   0.00000  -0.00000
  34.800    -0.00000   0.00000  -0.00000
  34.850    -0.00000   0.00000  -0.00000
  34.900    -0.00000   0.00000  -0.00000
  34.950    -0.00000   0.00000  -0.00000
  35.000    -0.00000   0.00000  -0.00000
  35.050    -0.00000   0.00000  -0.00000
  35.100    -0.00000   0.00000  -0.00000
  35.150    -0.00000   0.00000  -0.00000
  35.200    -0.00000   0.00000  -0.00000
  35.250    -0.00000   0.00000  -0.00000
  35.300    -0.00000   0.00000  -0.00000
  35.350    -0.00000   0.00000  -0.00000
  35.400    -0.00000   0.00000  -0.00000
  35.450    -0.00000   0.00000  -0.00000
  35.500    -0.00000   0.00000  -0.00000
  35.550    -0.00000   0.00000  -0.00000
  35.600    -0.00000   0.00000  -0.00000
  35.650    -0.00000   0.00000  -0.00000
  35.700    -0.00000   0.00000  -0.00000
  35.750    -0.00000   0.00000  -0.00000
  35.800    -0.00000   0.00000  -0.00000
  35.850    -0.00000   0.00000  -0.00000
  35.900    -0.00000   0.00000  -0.00000
  35.950    -0.00000   0.00000  -0.00000
  36.000    -0.00000   0.00000  -0.00000
  36.050    -0.00000   0.00000  -0.00000
  36.100    -0.00000   0.00000  -0.00000
  36.150    -0.00000   0.00000  -0.00000
  36.200    -0.00000   0.00000  -0.00000
  36.250    -0.00000   0.00000  -0.00000
  36.300    -0.00000   0.00000  -0.00000
  36.350    -0.00000   0.00000  -0.00000
  36.400    -0.00000   0.00000  -0.00000
  36.450    -0.00000   0.00000  -0.00000
  36.500    -0.00000   0.00000  -0.00000
  36.550    -0.00000   0.00000  -0.00000
  36.600    -0.00000   0.00000  -0.00000
  36.650    -0.00000   0.00000  -0.00000
  36.700    -0.00000   0.00000  -0.00000
  36.750    -0.00000   0.00000  -0.00000
  36.800    -0.00000   0.00000  -0.00000
  36.850    -0.00000   0.00000  -0.00000
  36.900    -0.00000   0.00000  -0.00000
  36.950    -0.00000   0.00000  -0.00000
  37.000    -0.00000   0.00000  -0.00000
  37.050    -0.00000   0.00000  -0.00000
  37.100    -0.00000   0.00000  -0.00000
  37.150    -0.00000   0.00000  -0.00000
  37.200    -0.00000   0.00000  -0.00000
  37.250    -0.00000   0.00000  -0.00000
  37.300    -0.00000   0.00000  -0.00000
  37.350    -0.00000   0.00000  -0.00000
  37.400    -0.00000   0.00000  -0.00000
  37.450    -0.00000   0.00000  -0.00000
  37.500    -0.00000   0.00000  -0.00000
  37.550    -0.00000   0.00000  -0.00000
  37.600    -0.00000   0.00000  -0.00000
  37.650    -0.00000   0.00000  -0.00000
  37.700    -0.00000   0.00000  -0.00000
  37.750    -0.00000   0.00000  -0.00000
  37.800    -0.00000   0.00000  -0.00000
  37.850    -0.00000   0.00000  -0.00000
  37.900    -0.00000   0.00000  -0.00000
  37.950    -0.00000   0.00000  -0.00000
  38.000    -0.00000   0.00000  -0.00000
  38.050    -0.00000   0.00000  -0.00000
  38.100    -0.00000   0.00000  -0.00000
  38.150    -0.00000   0.00000  -0.00000
  38.200    -0.00000   0.00000  -0.00000
  38.250    -0.00000   0.00000  -0.00000
  38.300    -0.00000   0.00000  -0.00000
  38.350    -0.00000   0.00000  -0.00000
  38.400    -0.00000   0.00000  -0.00000
  38.450    -0.00000   0.00000  -0.00000
  38.500    -0.00000   0.00000  -0.00000
  38.550    -0.00000   0.00000  -0.00000
  38.600    -0.00000   0.00000  -0.00000
  38.650    -0.00000   0.00000  -0.00000
  38.700    -0.00000   0.00000  -0.00000
  38.750    -0.00000   0.00000  -0.00000
  38.800    -0.00000   0.00000  -0.00000
  38.850    -0.00000   0.00000  -0.00000
  38.900    -0.00000   0.00000  -0.00000
  38.950    -0.00000   0.00000  -0.00000
  39.000    -0.00000   0.00000  -0.00000
  39.050    -0.00000   0.00000  -0.00000
  39.100    -0.00000   0.00000  -0.00000
  39.150    -0.00000   0.00000  -0.00000
  39.200    -0.00000   0.00000  -0.00000
  39.250    -0.00000   0.00000  -0.00000
  39.300    -0.00000   0.00000  -0.00000
  39.350    -0.00000   0.00000  -0.00000
  39.400    -0.00000   0.00000  -0.00000
  39.450    -0.00000   0.00000  -0.00000
  39.500    -0.00000   0.00000  -0.00000
  39.550    -0.00000   0.00000  -0.00000
  39.600    -0.00000   0.00000  -0.00000
  39.650    -0.00000   0.00000  -0.00000
  39.700    -0.00000   0.00000  -0.00000
  39.750    -0.00000   0.00000  -0.00000
  39.800    -0.00000   0.00000  -0.00000
  39.850    -0.00000   0.00000  -0.00000
  39.900    -0.00000   0.00000  -0.00000
  39.950    -0.00000   0.00000  -0.00000
  40.000    -0.00000   0.00000  -0.00000
  40.050    -0.00000   0.00000  -0.00000
  40.100    -0.00000   0.00000  -0.00000
  40.150    -0.00000   0.00000  -0.00000
  40.200    -0.00000   0.00000  -0.00000
  40.250    -0.00000   0.00000  -0.00000
  40.300    -0.00000   0.00000  -0.00000
  40.350    -0.00000   0.00000  -0.00000
  40.400    -0.00000   0.00000  -0.00000
  40.450    -0.00000   0.00000  -0.00000
  40.500    -0.00000   0.00000  -0.00000
  40.550    -0.00000   0.00000  -0.00000
  40.600    -0.00000   0.00000  -0.00000
  40.650    -0.00000   0.00000  -0.00000
  40.700    -0.00000   0.00000  -0.00000
  40.750    -0.00000   0.00000  -0.00000
  40.800    -0.00000   0.00000  -0.00000
  40.850    -0.00000   0.00000  -0.00000
  40.900    -0.00000   0.00000  -0.00000
  40.950    -0.00000   0.00000  -0.00000
  41.000    -0.00000   0.00000  -0.00000
  41.050    -0.00000   0.00000  -0.00000
  41.100    -0.00000   0.00000  -0.00000
  41.150    -0.00000   0.00000  -0.00000
  41.200    -0.00000   0.00000  -0.00000
  41.250    -0.00000   0.00000  -0.00000
  41.300    -0.00000   0.00000  -0.00000
  41.350    -0.00000   0.00000  -0.00000
  41.400    -0.00000   0.00000  -0.00000
  41.450    -0.00000   0.00000  -0.00000
  41.500    -0.00000   0.00000  -0.00000
  41.550    -0.00000   0.00000  -0.00000
  41.600    -0.00000   0.00000  -0.00000
  41.650    -0.00000   0.00000  -0.00000
  41.700    -0.00000   0.00000  -0.00000
  41.750    -0.00000   0.00000  -0.00000
  41.800    -0.00000   0.00000  -0.00000
  41.850    -0.00000   0.00000  -0.00000
  41.900    -0.00000   0.00000  -0.00000
  41.950    -0.00000   0.00000  -0.00000
  42.000    -0.00000   0.00000  -0.00000
  42.050    -0.00000   0.00000  -0.00000
  42.100    -0.00000   0.00000  -0.00000
  42.150    -0.00000   0.00000  -0.00000
  42.200    -0.00000   0.00000  -0.00000
  42.250    -0.00000   0.00000  -0.00000
  42.300    -0.00000   0.00000  -0.00000
  42.350    -0.00000   0.00000  -0.00000
  42.400    -0.00000   0.00000  -0.00000
  42.450    -0.00000   0.00000  -0.00000
  42.500    -0.00000   0.00000  -0.00000
  42.550    -0.00000   0.00000  -0.00000
  42.600    -0.00000   0.00000  -0.00000
  42.650    -0.00000   0.00000  -0.00000
  42.700    -0.00000   0.00000  -0.00000
  42.750    -0.00000   0.00000  -0.00000
  42.800    -0.00000   0.00000  -0.00000
  42.850    -0.00000   0.00000  -0.00000
  42.900    -0.00000   0.00000  -0.00000
  42.950    -0.00000   0.00000  -0.00000
  43.000    -0.00000   0.00000  -0.00000
  43.050    -0.00000   0.00000  -0.00000
  43.100    -0.00000   0.00000  -0.00000
  43.150    -0.00000   0.00000  -0.00000
  43.200    -0.00000   0.00000  -0.00000
  43.250    -0.00000   0.00000  -0.00000
  43.300    -0.00000   0.00000  -0.00000
  43.350    -0.00000   0.00000  -0.00000
  43.400    -0.00000   0.00000  -0.00000
  43.450    -0.00000   0.00000  -0.00000
  43.500    -0.00000   0.00000  -0.00000
  43.550    -0.00000   0.00000  -0.00000
  43.600    -0.00000   0.00000  -0.00000
  43.650    -0.00000   0.00000  -0.00000
  43.700    -0.00000   0.00000  -0.00000
  43.750    -0.00000   0.00000  -0.00000
  43.800    -0.00000   0.00000  -0.00000
  43.850    -0.00000   0.00000  -0.00000
  43.900    -0.00000   0.00000  -0.00000
  43.950    -0.00000   0.00000  -0.00000
  44.000    -0.00000   0.00000  -0.00000
  44.050    -0.00000   0.00000  -0.00000
  44.100    -0.00000   0.00000  -0.00000
  44.150    -0.00000   0.00000  -0.00000
  44.200    -0.00000   0.00000  -0.00000
  44.250    -0.00000   0.00000  -0.00000
  44.300    -0.00000   0.00000  -0.00000
  44.350    -0.00000   0.00000  -0.00000
  44.400    -0.00000   0.00000  -0.00000
  44.450    -0.00000   0.00000  -0.00000
  44.500    -0.00000   0.00000  -0.00000
  44.550    -0.00000   0.00000  -0.00000
  44.600    -0.00000   0.00000  -0.00000
  44.650    -0.00000   0.00000  -0.00000
  44.700    -0.00000   0.00000  -0.00000
  44.750    -0.00000   0.00000  -0.00000
  44.800    -0.00000   0.00000  -0.00000
  44.850    -0.00000   0.00000  -0.00000
  44.900    -0.00000   0.00000  -0.00000
  44.950    -0.00000   0.00000  -0.00000
  45.000    -0.00000   0.00000  -0.00000
  45.050    -0.00000   0.00000  -0.00000
  45.100    -0.00000   0.00000  -0.00000
  45.150    -0.00000   0.00000  -0.00000
  45.200    -0.00000   0.00000  -0.00000
  45.250    -0.00000   0.00000  -0.00000
  45.300    -0.00000   0.00000  -0.00000
  45.350    -0.00000   0.00000  -0.00000
  45.400    -0.00000   0.00000  -0.00000
  45.450    -0.00000   0.00000  -0.00000
  45.500    -0.00000   0.00000  -0.00000
  45.550    -0.00000   0.00000  -0.00000
  45.600    -0.00000   0.00000  -0.00000
  45.650    -0.00000   0.00000  -0.00000
  45.700    -0.00000   0.00000  -0.00000
  45.750    -0.00000   0.00000  -0.00000
  45.800    -0.00000   0.00000  -0.00000
  45.850    -0.00000   0.00000  -0.00000
  45.900    -0.00000   0.00000  -0.00000
  45.950    -0.00000   0.00000  -0.00000
  46.000    -0.00000   0.00000  -0.00000
  46.050    -0.00000   0.00000  -0.00000
  46.100    -0.00000   0.00000  -0.00000
  46.150    -0.00000   0.00000  -0.00000
  46.200    -0.00000   0.00000  -0.00000
  46.250    -0.00000   0.00000  -0.00000
  46.300    -0.00000   0.00000  -0.00000
  46.350    -0.00000   0.00000  -0.00000
  46.400    -0.00000   0.00000  -0.00000
  46.450    -0.00000   0.00000  -0.00000
  46.500    -0.00000   0.00000  -0.00000
  46.550    -0.00000   0.00000  -0.00000
  46.600    -0.00000   0.00000  -0.00000
  46.650    -0.00000   0.00000  -0.00000
  46.700    -0.00000   0.00000  -0.00000
  46.750    -0.00000   0.00000  -0.00000
  46.800    -0.00000   0.00000  -0.00000
  46.850    -0.00000   0.00000  -0.00000
  46.900    -0.00000   0.00000  -0.00000
  46.950    -0.00000   0.00000  -0.00000
  47.000    -0.00000   0.00000  -0.00000
  47.050    -0.00000   0.00000  -0.00000
  47.100    -0.00000   0.00000  -0.00000
  47.150    -0.00000   0.00000  -0.00000
  47.200    -0.00000   0.00000  -0.00000
  47.250    -0.00000   0.00000  -0.00000
  47.300    -0.00000   0.00000  -0.00000
  47.350    -0.00000   0.00000  -0.00000
  47.400    -0.00000   0.00000  -0.00000
  47.450    -0.00000   0.00000  -0.00000
  47.500    -0.00000   0.00000  -0.00000
  47.550    -0.00000   0.00000  -0.00000
  47.600    -0.00000   0.00000  -0.00000
  47.650    -0.00000   0.00000  -0.00000
  47.700    -0.00000   0.00000  -0.00000
  47.750    -0.00000   0.00000  -0.00000
  47.800    -0.00000   0.00000  -0.00000
  47.850    -0.00000   0.00000  -0.00000
  47.900    -0.00000   0.00000  -0.00000
  47.950    -0.00000   0.00000  -0.00000
  48.000    -0.00000   0.00000  -0.00000
  48.050    -0.00000   0.00000  -0.00000
  48.100    -0.00000   0.00000  -0.00000
  48.150    -0.00000   0.00000  -0.00000
  48.200    -0.00000   0.00000  -0.00000
  48.250    -0.00000   0.00000  -0.00000
  48.300    -0.00000   0.00000  -0.00000
  48.350    -0.00000   0.00000  -0.00000
  48.400    -0.00000   0.00000  -0.00000
  48.450    -0.00000   0.00000  -0.00000
  48.500    -0.00000   0.00000  -0.00000
  48.550    -0.00000   0.00000  -0.00000
  48.600    -0.00000   0.00000  -0.00000
  48.650    -0.00000   0.00000  -0.00000
  48.700    -0.00000   0.00000  -0.00000
  48.750    -0.00000   0.00000  -0.00000
  48.800    -0.00000   0.00000  -0.00000
  48.850    -0.00000   0.00000  -0.00000
  48.900    -0.00000   0.00000  -0.00000
  48.950    -0.00000   0.00000  -0.00000
  49.000    -0.00000   0.00000  -0.00000
  49.050    -0.00000   0.00000  -0.00000
  49.100    -0.00000   0.00000  -0.00000
  49.150    -0.00000   0.00000  -0.00000
  49.200    -0.00000   0.00000  -0.00000
  49.250    -0.00000   0.00000  -0.00000
  49.300    -0.00000   0.00000  -0.00000
  49.350    -0.00000   0.00000  -0.00000
  49.400    -0.00000   0.00000  -0.00000
  49.450    -0.00000   0.00000  -0.00000
  49.500    -0.00000   0.00000  -0.00000
  49.550    -0.00000   0.00000  -0.00000
  49.600    -0.00000   0.00000  -0.00000
  49.650    -0.00000   0.00000  -0.00000
  49.700    -0.00000   0.00000  -0.00000
  49.750    -0.00000   0.00000  -0.00000
  49.800    -0.00000   0.00000  -0.00000
  49.850    -0.00000   0.00000  -0.00000
  49.900    -0.00000   0.00000  -0.00000
  49.950    -0.00000   0.00000  -0.00000
  50.000    -0.00000   0.00000  -0.00000
  50.050    -0.00000   0.00000  -0.00000
  50.100    -0.00000   0.00000  -0.00000
  50.150    -0.00000   0.00000  -0.00000
  50.200     0.00000   0.00000   0.00000
  50.250     0.00000   0.00000   0.00000
  50.300     0.00000   0.00000   0.00000
  50.350     0.00000   0.00000   0.00000
  50.400     0.00000   0.00000   0.00000
  50.450     0.00000   0.00000   0.00000
  50.500     0.00000   0.00000   0.00000
  50.550     0.00000   0.00000   0.00000
  50.600     0.00000   0.00000   0.00000
  50.650     0.00000   0.00000   0.00000
  50.700     0.00000   0.00000   0.00000
  50.750     0.00000   0.00000   0.00000
  50.800     0.00000   0.00000   0.00000
  50.850     0.00000   0.00000   0.00000
  50.900     0.00000   0.00000   0.00000
  50.950     0.00000   0.00000   0.00000
  51.000     0.00000   0.00000   0.00000
  51.050     0.00000   0.00000   0.00000
  51.100     0.00000   0.00000   0.00000
  51.150     0.00000   0.00000   0.00000
  51.200     0.00000   0.00000   0.00000
  51.250     0.00000   0.00000   0.00000
  51.300     0.00000   0.00000   0.00000
  51.350     0.00000   0.00000   0.00000
  51.400     0.00000   0.00000   0.00000
  51.450     0.00000   0.00000   0.00000
  51.500     0.00000   0.00000   0.00000
  51.550     0.00000   0.00000   0.00000
  51.600     0.00000   0.00000   0.00000
  51.650     0.00000   0.00000   0.00000
  51.700     0.00000   0.00000   0.00000
  51.750     0.00000   0.00000   0.00000
  51.800     0.00000   0.00000   0.00000
  51.850     0.00000   0.00000   0.00000
  51.900     0.00000   0.00000   0.00000
  51.950     0.00000   0.00000   0.00000
  52.000     0.00000   0.00000   0.00000
  52.050     0.00000   0.00000   0.00000
  52.100     0.00000   0.00000   0.00000
  52.150     0.00000   0.00000   0.00000
  52.200     0.00000   0.00000   0.00000
  52.250     0.00000   0.00000   0.00000
  52.300     0.00000   0.00000   0.00000
  52.350     0.00000   0.00000   0.00000
  52.400     0.00000   0.00000   0.00000
  52.450     0.00000   0.00000   0.00000
  52.500     0.00000   0.00000   0.00000
  52.550     0.00000   0.00000   0.00000
  52.600     0.00000   0.00000   0.00000
  52.650     0.00000   0.00000   0.00000
  52.700     0.00000   0.00000   0.00000
  52.750     0.00000   0.00000   0.00000
  52.800     0.00000   0.00000   0.00000
  52.850     0.00000   0.00000   0.00000
  52.900     0.00000   0.00000   0.00000
  52.950     0.00000   0.00000   0.00000
  53.000     0.00000   0.00000   0.00000
  53.050     0.00000   0.00000   0.00000
  53.100     0.00000   0.00000   0.00000
  53.150     0.00000   0.00000   0.00000
  53.200     0.00000   0.00000   0.00000
  53.250     0.00000   0.00000   0.00000
  53.300     0.00000   0.00000   0.00000
  53.350     0.00000   0.00000   0.00000
  53.400     0.00000   0.00000   0.00000
  53.450     0.00000   0.00000   0.00000
  53.500     0.00000   0.00000   0.00000
  53.550     0.00000   0.00000   0.00000
  53.600     0.00000   0.00000   0.00000
  53.650     0.00000   0.00000   0.00000
  53.700     0.00000   0.00000   0.00000
  53.750     0.00000   0.00000   0.00000
  53.800     0.00000   0.00000   0.00000
  53.850     0.00000   0.00000   0.00000
  53.900     0.00000   0.00000   0.00000
  53.950     0.00000   0.00000   0.00000
  54.000     0.00000   0.00000   0.00000
  54.050     0.00000   0.00000   0.00000
  54.100     0.00000   0.00000   0.00000
  54.150     0.00000   0.00000   0.00000
  54.200     0.00000   0.00000   0.00000
  54.250     0.00000   0.00000   0.00000
  54.300     0.00000   0.00000   0.00000
  54.350     0.00000   0.00000   0.00000
  54.400     0.00000   0.00000   0.00000
  54.450     0.00000   0.00000   0.00000
  54.500     0.00000   0.00000   0.00000
  54.550     0.00000   0.00000   0.00000
  54.600     0.00000   0.00000   0.00000
  54.650     0.00000   0.00000   0.00000
  54.700     0.00000   0.00000   0.00000
  54.750     0.00000   0.00000   0.00000
  54.800     0.00000   0.00000   0.00000
  54.850     0.00000   0.00000   0.00000
  54.900     0.00000   0.00000   0.00000
  54.950     0.00000   0.00000   0.00000
  55.000     0.00000   0.00000   0.00000
  55.050     0.00000   0.00000   0.00000
  55.100     0.00000   0.00000   0.00000
  55.150     0.00000   0.00000   0.00000
  55.200     0.00000   0.00000   0.00000
  55.250     0.00000   0.00000   0.00000
  55.300     0.00000   0.00000   0.00000
  55.350     0.00000   0.00000   0.00000
  55.400     0.00000   0.00000   0.00000
  55.450     0.00000   0.00000   0.00000
  55.500     0.00000   0.00000   0.00000
  55.550     0.00000   0.00000   0.00000
  55.600     0.00000   0.00000   0.00000
  55.650     0.00000   0.00000   0.00000
  55.700     0.00000   0.00000   0.00000
  55.750     0.00000   0.00000   0.00000
  55.800     0.00000   0.00000   0.00000
  55.850     0.00000   0.00000   0.00000
  55.900     0.00000   0.00000   0.00000
  55.950     0.00000   0.00000   0.00000
  56.000     0.00000   0.00000   0.00000
  56.050     0.00000   0.00000   0.00000
  56.100     0.00000   0.00000   0.00000
  56.150     0.00000   0.00000   0.00000
  56.200     0.00000   0.00000   0.00000
  56.250     0.00000   0.00000   0.00000
  56.300     0.00000   0.00000   0.00000
  56.350     0.00000   0.00000   0.00000
  56.400     0.00000   0.00000   0.00000
  56.450     0.00000   0.00000   0.00000
  56.500     0.00000   0.00000   0.00000
  56.550     0.00000   0.00000   0.00000
  56.600     0.00000   0.00000   0.00000
  56.650     0.00000   0.00000   0.00000
  56.700     0.00000   0.00000   0.00000
  56.750     0.00000   0.00000   0.00000
  56.800     0.00000   0.00000   0.00000
  56.850     0.00000   0.00000   0.00000
  56.900     0.00000   0.00000   0.00000
  56.950     0.00000   0.00000   0.00000
  57.000     0.00000   0.00000   0.00000
  57.050     0.00000   0.00000   0.00000
  57.100     0.00000   0.00000   0.00000
  57.150     0.00000   0.00000   0.00000
  57.200     0.00000   0.00000   0.00000
  57.250     0.00000   0.00000   0.00000
  57.300     0.00000   0.00000   0.00000
  57.350     0.00000   0.00000   0.00000
  57.400     0.00000   0.00000   0.00000
  57.450     0.00000   0.00000   0.00000
  57.500     0.00000   0.00000   0.00000
  57.550     0.00000   0.00000   0.00000
  57.600     0.00000   0.00000   0.00000
  57.650     0.00000   0.00000   0.00000
  57.700     0.00000   0.00000   0.00000
  57.750     0.00000   0.00000   0.00000
  57.800     0.00000   0.00000   0.00000
  57.850     0.00000   0.00000   0.00000
  57.900     0.00000   0.00000   0.00000
  57.950     0.00000   0.00000   0.00000
  58.000     0.00000   0.00000   0.00000
  58.050     0.00000   0.00000   0.00000
  58.100     0.00000   0.00000   0.00000
  58.150     0.00000   0.00000   0.00000
  58.200     0.00000   0.00000   0.00000
  58.250     0.00000   0.00000   0.00000
  58.300     0.00000   0.00000   0.00000
  58.350     0.00000   0.00000   0.00000
  58.400     0.00000   0.00000   0.00000
  58.450     0.00000   0.00000   0.00000
  58.500     0.00000   0.00000   0.00000
  58.550     0.00000   0.00000   0.00000
  58.600     0.00000   0.00000   0.00000
  58.650     0.00000   0.00000   0.00000
  58.700     0.00000   0.00000   0.00000
  58.750     0.00000   0.00000   0.00000
  58.800     0.00000   0.00000   0.00000
  58.850     0.00000   0.00000   0.00000
  58.900     0.00000   0.00000   0.00000
  58.950     0.00000   0.00000   0.00000
  59.000     0.00000   0.00000   0.00000
  59.050     0.00000   0.00000   0.00000
  59.100     0.00000   0.00000   0.00000
  59.150     0.00000   0.00000   0.00000
  59.200     0.00000   0.00000   0.00000
  59.250     0.00000   0.00000   0.00000
  59.300     0.00000   0.00000   0.00000
  59.350     0.00000   0.00000   0.00000
  59.400     0.00000   0.00000   0.00000
  59.450     0.00000   0.00000   0.00000
  59.500     0.00000   0.00000   0.00000
  59.550     0.00000   0.00000   0.00000
  59.600     0.00000   0.00000   0.00000
  59.650     0.00000   0.00000   0.00000
  59.700     0.00000   0.00000   0.00000
  59.750     0.00000   0.00000   0.00000
  59.800     0.00000   0.00000   0.00000
  59.850     0.00000   0.00000   0.00000
  59.900     0.00000   0.00000   0.00000
  59.950     0.00000   0.00000   0.00000
  60.000     0.00000   0.00000   0.00000
