#  1 Channels, Eigenvalue: 3 Energy:   7.5008
# J:2.50 parity: 1
 #  channel core Jc (l sn) jn
#  1 : 1 0.0 2 0.5 2.5
#  1200 points
   0.000     0.00000    
   0.050    0.226125E-05
   0.100    0.138559E-04
   0.150    0.242620E-04
   0.200   -0.109784E-04
   0.250   -0.174318E-03
   0.300   -0.578663E-03
   0.350   -0.134977E-02
   0.400   -0.260288E-02
   0.450   -0.441959E-02
   0.500   -0.683109E-02
   0.550   -0.981253E-02
   0.600   -0.132904E-01
   0.650   -0.171620E-01
   0.700   -0.213219E-01
   0.750   -0.256900E-01
   0.800   -0.302335E-01
   0.850   -0.349773E-01
   0.900   -0.400001E-01
   0.950   -0.454161E-01
   1.000   -0.513467E-01
   1.050   -0.578884E-01
   1.100   -0.650851E-01
   1.150   -0.729103E-01
   1.200   -0.812650E-01
   1.250   -0.899919E-01
   1.300   -0.989017E-01
   1.350   -0.107807    
   1.400   -0.116557    
   1.450   -0.125060    
   1.500   -0.133293    
   1.550   -0.141300    
   1.600   -0.149165    
   1.650   -0.156984    
   1.700   -0.164826    
   1.750   -0.172713    
   1.800   -0.180593    
   1.850   -0.188350    
   1.900   -0.195815    
   1.950   -0.202799    
   2.000   -0.209124    
   2.050   -0.214664    
   2.100   -0.219360    
   2.150   -0.223232    
   2.200   -0.226367    
   2.250   -0.228894    
   2.300   -0.230953    
   2.350   -0.232656    
   2.400   -0.234061    
   2.450   -0.235160    
   2.500   -0.235878    
   2.550   -0.236093    
   2.600   -0.235669    
   2.650   -0.234488    
   2.700   -0.232482    
   2.750   -0.229653    
   2.800   -0.226080    
   2.850   -0.221899    
   2.900   -0.217283    
   2.950   -0.212405    
   3.000   -0.207402    
   3.050   -0.202350    
   3.100   -0.197252    
   3.150   -0.192045    
   3.200   -0.186616    
   3.250   -0.180839    
   3.300   -0.174606    
   3.350   -0.167859    
   3.400   -0.160607    
   3.450   -0.152930    
   3.500   -0.144963    
   3.550   -0.136870    
   3.600   -0.128812    
   3.650   -0.120909    
   3.700   -0.113218    
   3.750   -0.105725    
   3.800   -0.983486E-01
   3.850   -0.909604E-01
   3.900   -0.834199E-01
   3.950   -0.756066E-01
   4.000   -0.674501E-01
   4.050   -0.589476E-01
   4.100   -0.501663E-01
   4.150   -0.412290E-01
   4.200   -0.322883E-01
   4.250   -0.234923E-01
   4.300   -0.149526E-01
   4.350   -0.672012E-02
   4.400    0.122549E-02
   4.450    0.897021E-02
   4.500    0.166454E-01
   4.550    0.243975E-01
   4.600    0.323543E-01
   4.650    0.405957E-01
   4.700    0.491353E-01
   4.750    0.579167E-01
   4.800    0.668255E-01
   4.850    0.757144E-01
   4.900    0.844350E-01
   4.950    0.928705E-01
   5.000    0.100960    
   5.050    0.108713    
   5.100    0.116204    
   5.150    0.123557    
   5.200    0.130918    
   5.250    0.138420    
   5.300    0.146156    
   5.350    0.154156    
   5.400    0.162380    
   5.450    0.170728    
   5.500    0.179059    
   5.550    0.187220    
   5.600    0.195082    
   5.650    0.202564    
   5.700    0.209651    
   5.750    0.216393    
   5.800    0.222900    
   5.850    0.229309    
   5.900    0.235763    
   5.950    0.242371    
   6.000    0.249190    
   6.050    0.256210    
   6.100    0.263357    
   6.150    0.270503    
   6.200    0.277500    
   6.250    0.284203    
   6.300    0.290504    
   6.350    0.296351    
   6.400    0.301760    
   6.450    0.306808    
   6.500    0.311619    
   6.550    0.316337    
   6.600    0.321091    
   6.650    0.325975    
   6.700    0.331022    
   6.750    0.336200    
   6.800    0.341415    
   6.850    0.346533    
   6.900    0.351405    
   6.950    0.355894    
   7.000    0.359906    
   7.050    0.363405    
   7.100    0.366422    
   7.150    0.369045    
   7.200    0.371402    
   7.250    0.373637    
   7.300    0.375876    
   7.350    0.378207    
   7.400    0.380658    
   7.450    0.383194    
   7.500    0.385720    
   7.550    0.388105    
   7.600    0.390201    
   7.650    0.391874    
   7.700    0.393032    
   7.750    0.393637    
   7.800    0.393715    
   7.850    0.393349    
   7.900    0.392667    
   7.950    0.391810    
   8.000    0.390911    
   8.050    0.390067    
   8.100    0.389322    
   8.150    0.388658    
   8.200    0.387998    
   8.250    0.387224    
   8.300    0.386192    
   8.350    0.384765    
   8.400    0.382837    
   8.450    0.380348    
   8.500    0.377301    
   8.550    0.373756    
   8.600    0.369825    
   8.650    0.365643    
   8.700    0.361355    
   8.750    0.357079    
   8.800    0.352895    
   8.850    0.348825    
   8.900    0.344831    
   8.950    0.340826    
   9.000    0.336683    
   9.050    0.332264    
   9.100    0.327441    
   9.150    0.322120    
   9.200    0.316255    
   9.250    0.309859    
   9.300    0.303003    
   9.350    0.295800    
   9.400    0.288389    
   9.450    0.280912    
   9.500    0.273492    
   9.550    0.266209    
   9.600    0.259094    
   9.650    0.252119    
   9.700    0.245206    
   9.750    0.238240    
   9.800    0.231086    
   9.850    0.223617    
   9.900    0.215731    
   9.950    0.207367    
  10.000    0.198521    
  10.050    0.189241    
  10.100    0.179623    
  10.150    0.169796    
  10.200    0.159905    
  10.250    0.150085    
  10.300    0.140443    
  10.350    0.131045    
  10.400    0.121905    
  10.450    0.112983    
  10.500    0.104194    
  10.550    0.954220E-01
  10.600    0.865378E-01
  10.650    0.774187E-01
  10.700    0.679682E-01
  10.750    0.581303E-01
  10.800    0.478989E-01
  10.850    0.373189E-01
  10.900    0.264807E-01
  10.950    0.155078E-01
  11.000    0.454054E-02
  11.050   -0.628322E-02
  11.100   -0.168460E-01
  11.150   -0.270659E-01
  11.200   -0.369070E-01
  11.250   -0.463824E-01
  11.300   -0.555517E-01
  11.350   -0.645116E-01
  11.400   -0.733815E-01
  11.450   -0.822871E-01
  11.500   -0.913422E-01
  11.550   -0.100634    
  11.600   -0.110209    
  11.650   -0.120070    
  11.700   -0.130171    
  11.750   -0.140425    
  11.800   -0.150716    
  11.850   -0.160907    
  11.900   -0.170863    
  11.950   -0.180464    
  12.000   -0.189616    
  12.050   -0.198266    
  12.100   -0.206404    
  12.150   -0.214066    
  12.200   -0.221324    
  12.250   -0.228282    
  12.300   -0.235059    
  12.350   -0.241777    
  12.400   -0.248544    
  12.450   -0.255445    
  12.500   -0.262527    
  12.550   -0.269800    
  12.600   -0.277230    
  12.650   -0.284745    
  12.700   -0.292242    
  12.750   -0.299598    
  12.800   -0.306683    
  12.850   -0.313373    
  12.900   -0.319560    
  12.950   -0.325165    
  13.000   -0.330146    
  13.050   -0.334498    
  13.100   -0.338254    
  13.150   -0.341482    
  13.200   -0.344279    
  13.250   -0.346757    
  13.300   -0.349035    
  13.350   -0.351228    
  13.400   -0.353435    
  13.450   -0.355730    
  13.500   -0.358155    
  13.550   -0.360720    
  13.600   -0.363397    
  13.650   -0.366127    
  13.700   -0.368822    
  13.750   -0.371377    
  13.800   -0.373674    
  13.850   -0.375594    
  13.900   -0.377027    
  13.950   -0.377878    
  14.000   -0.378078    
  14.050   -0.377585    
  14.100   -0.376389    
  14.150   -0.374510    
  14.200   -0.372000    
  14.250   -0.368935    
  14.300   -0.365412    
  14.350   -0.361539    
  14.400   -0.357432    
  14.450   -0.353203    
  14.500   -0.348955    
  14.550   -0.344776    
  14.600   -0.340732    
  14.650   -0.336866    
  14.700   -0.333194    
  14.750   -0.329705    
  14.800   -0.326366    
  14.850   -0.323117    
  14.900   -0.319883    
  14.950   -0.316572    
  15.000   -0.313087    
  15.050   -0.309325    
  15.100   -0.305185    
  15.150   -0.300576    
  15.200   -0.295416    
  15.250   -0.289638    
  15.300   -0.283196    
  15.350   -0.276061    
  15.400   -0.268226    
  15.450   -0.259702    
  15.500   -0.250523    
  15.550   -0.240740    
  15.600   -0.230417    
  15.650   -0.219634    
  15.700   -0.208480    
  15.750   -0.197051    
  15.800   -0.185447    
  15.850   -0.173769    
  15.900   -0.162115    
  15.950   -0.150581    
  16.000   -0.139254    
  16.050   -0.128216    
  16.100   -0.117538    
  16.150   -0.107281    
  16.200   -0.974959E-01
  16.250   -0.882227E-01
  16.300   -0.794911E-01
  16.350   -0.713204E-01
  16.400   -0.637211E-01
  16.450   -0.566945E-01
  16.500   -0.502347E-01
  16.550   -0.443291E-01
  16.600   -0.389595E-01
  16.650   -0.341031E-01
  16.700   -0.297336E-01
  16.750   -0.258220E-01
  16.800   -0.223378E-01
  16.850   -0.192494E-01
  16.900   -0.165246E-01
  16.950   -0.141320E-01
  17.000   -0.120407E-01
  17.050   -0.102208E-01
  17.100   -0.864425E-02
  17.150   -0.728432E-02
  17.200   -0.611626E-02
  17.250   -0.511721E-02
  17.300   -0.426625E-02
  17.350   -0.354436E-02
  17.400   -0.293442E-02
  17.450   -0.242111E-02
  17.500   -0.199079E-02
  17.550   -0.163144E-02
  17.600   -0.133248E-02
  17.650   -0.108470E-02
  17.700   -0.880089E-03
  17.750   -0.711748E-03
  17.800   -0.573746E-03
  17.850   -0.461018E-03
  17.900   -0.369260E-03
  17.950   -0.294830E-03
  18.000   -0.234666E-03
  18.050   -0.186198E-03
  18.100   -0.147284E-03
  18.150   -0.116146E-03
  18.200   -0.913126E-04
  18.250   -0.715719E-04
  18.300   -0.559306E-04
  18.350   -0.435773E-04
  18.400   -0.338519E-04
  18.450   -0.262197E-04
  18.500   -0.202490E-04
  18.550   -0.155925E-04
  18.600   -0.119722E-04
  18.650   -0.916612E-05
  18.700   -0.699776E-05
  18.750   -0.532722E-05
  18.800   -0.404407E-05
  18.850   -0.306140E-05
  18.900   -0.231106E-05
  18.950   -0.173980E-05
  19.000   -0.130615E-05
  19.050   -0.977900E-06
  19.100   -0.730153E-06
  19.150   -0.543697E-06
  19.200   -0.403765E-06
  19.250   -0.299045E-06
  19.300   -0.220895E-06
  19.350   -0.162735E-06
  19.400   -0.119572E-06
  19.450   -0.876269E-07
  19.500   -0.640485E-07
  19.550   -0.466928E-07
  19.600   -0.339520E-07
  19.650   -0.246241E-07
  19.700   -0.178132E-07
  19.750   -0.128532E-07
  19.800   -0.925076E-08
  19.850   -0.664114E-08
  19.900   -0.475568E-08
  19.950   -0.339697E-08
  20.000   -0.242038E-08
  20.050   -0.172026E-08
  20.100   -0.121963E-08
  20.150   -0.862558E-09
  20.200   -0.608527E-09
  20.250   -0.428259E-09
  20.300   -0.300658E-09
  20.350   -0.210563E-09
  20.400   -0.147109E-09
  20.450   -0.102529E-09
  20.500   -0.712874E-10
  20.550   -0.494465E-10
  20.600   -0.342154E-10
  20.650   -0.236197E-10
  20.700   -0.162666E-10
  20.750   -0.111762E-10
  20.800   -0.766065E-11
  20.850   -0.523865E-11
  20.900   -0.357402E-11
  20.950   -0.243266E-11
  21.000   -0.165195E-11
  21.050   -0.111919E-11
  21.100   -0.756504E-12
  21.150   -0.510172E-12
  21.200   -0.343262E-12
  21.250   -0.230431E-12
  21.300   -0.154335E-12
  21.350   -0.103134E-12
  21.400   -0.687628E-13
  21.450   -0.457428E-13
  21.500   -0.303608E-13
  21.550   -0.201060E-13
  21.600   -0.132851E-13
  21.650   -0.875860E-14
  21.700   -0.576150E-14
  21.750   -0.378155E-14
  21.800   -0.247652E-14
  21.850   -0.161827E-14
  21.900   -0.105513E-14
  21.950   -0.686439E-15
  22.000   -0.445601E-15
  22.050   -0.288629E-15
  22.100   -0.186545E-15
  22.150   -0.120305E-15
  22.200   -0.774175E-16
  22.250   -0.497111E-16
  22.300   -0.318514E-16
  22.350   -0.203642E-16
  22.400   -0.129918E-16
  22.450   -0.827068E-17
  22.500   -0.525390E-17
  22.550   -0.333039E-17
  22.600   -0.210660E-17
  22.650   -0.132967E-17
  22.700   -0.837500E-18
  22.750   -0.526387E-18
  22.800   -0.330148E-18
  22.850   -0.206631E-18
  22.900   -0.129053E-18
  22.950   -0.804320E-19
  23.000   -0.500242E-19
  23.050   -0.310472E-19
  23.100   -0.192291E-19
  23.150   -0.118847E-19
  23.200   -0.733024E-20
  23.250   -0.451176E-20
  23.300   -0.277124E-20
  23.350   -0.169866E-20
  23.400   -0.103906E-20
  23.450   -0.634281E-21
  23.500   -0.386394E-21
  23.550   -0.234903E-21
  23.600   -0.142514E-21
  23.650   -0.862859E-22
  23.700   -0.521358E-22
  23.750   -0.314375E-22
  23.800   -0.189181E-22
  23.850   -0.113612E-22
  23.900   -0.680917E-23
  23.950   -0.407273E-23
  24.000   -0.243108E-23
  24.050   -0.144824E-23
  24.100   -0.861004E-24
  24.150   -0.510857E-24
  24.200   -0.302498E-24
  24.250   -0.178763E-24
  24.300   -0.105430E-24
  24.350   -0.620562E-25
  24.400   -0.364536E-25
  24.450   -0.213714E-25
  24.500   -0.125044E-25
  24.550   -0.730184E-26
  24.600   -0.425542E-26
  24.650   -0.247511E-26
  24.700   -0.143677E-26
  24.750   -0.832392E-27
  24.800   -0.481296E-27
  24.850   -0.277744E-27
  24.900   -0.159965E-27
  24.950   -0.919506E-28
  25.000   -0.527515E-28
  25.050   -0.302042E-28
  25.100   -0.172605E-28
  25.150   -0.984448E-29
  25.200   -0.560387E-29
  25.250   -0.318376E-29
  25.300   -0.180530E-29
  25.350   -0.102169E-29
  25.400   -0.577096E-30
  25.450   -0.325341E-30
  25.500   -0.183059E-30
  25.550   -0.102803E-30
  25.600   -0.576219E-31
  25.650   -0.322355E-31
  25.700   -0.179990E-31
  25.750   -0.100306E-31
  25.800   -0.557928E-32
  25.850   -0.309741E-32
  25.900   -0.171628E-32
  25.950   -0.949186E-33
  26.000   -0.523947E-33
  26.050   -0.288667E-33
  26.100   -0.158738E-33
  26.150   -0.871248E-34
  26.200   -0.477287E-34
  26.250   -0.260973E-34
  26.300   -0.142426E-34
  26.350   -0.775824E-35
  26.400   -0.421811E-35
  26.450   -0.228905E-35
  26.500   -0.123987E-35
  26.550   -0.670313E-36
  26.600   -0.361714E-36
  26.650   -0.194822E-36
  26.700   -0.104736E-36
  26.750   -0.562009E-37
  26.800   -0.301008E-37
  26.850   -0.160917E-37
  26.900   -0.858647E-38
  26.950   -0.457318E-38
  27.000   -0.243116E-38
  27.050   -0.129004E-38
  27.100   -0.683255E-39
  27.150   -0.361208E-39
  27.200   -0.190602E-39
  27.250   -0.100391E-39
  27.300   -0.527783E-40
  27.350   -0.276959E-40
  27.400   -0.145068E-40
  27.450   -0.758454E-41
  27.500   -0.395809E-41
  27.550   -0.206178E-41
  27.600   -0.107201E-41
  27.650   -0.556365E-42
  27.700   -0.288219E-42
  27.750   -0.149035E-42
  27.800   -0.769235E-43
  27.850   -0.396309E-43
  27.900   -0.203805E-43
  27.950   -0.104617E-43
  28.000   -0.536041E-44
  28.050   -0.274158E-44
  28.100   -0.139963E-44
  28.150   -0.713236E-45
  28.200   -0.362797E-45
  28.250   -0.184207E-45
  28.300   -0.933595E-46
  28.350   -0.472306E-46
  28.400   -0.238507E-46
  28.450   -0.120224E-46
  28.500   -0.604921E-47
  28.550   -0.303822E-47
  28.600   -0.152319E-47
  28.650   -0.762266E-48
  28.700   -0.380781E-48
  28.750   -0.189872E-48
  28.800   -0.945073E-49
  28.850   -0.469557E-49
  28.900   -0.232879E-49
  28.950   -0.115290E-49
  29.000   -0.569739E-50
  29.050   -0.281048E-50
  29.100   -0.138390E-50
  29.150   -0.680227E-51
  29.200   -0.333753E-51
  29.250   -0.163463E-51
  29.300   -0.799170E-52
  29.350   -0.390017E-52
  29.400   -0.190000E-52
  29.450   -0.923949E-53
  29.500   -0.448508E-53
  29.550   -0.217330E-53
  29.600   -0.105123E-53
  29.650   -0.507576E-54
  29.700   -0.244644E-54
  29.750   -0.117706E-54
  29.800   -0.565317E-55
  29.850   -0.271029E-55
  29.900   -0.129709E-55
  29.950   -0.619665E-56
  30.000   -0.295512E-56
  30.050   -0.140678E-56
  30.100   -0.668516E-57
  30.150   -0.317124E-57
  30.200   -0.150170E-57
  30.250   -0.709855E-58
  30.300   -0.334959E-58
  30.350   -0.157780E-58
  30.400   -0.741900E-59
  30.450   -0.348239E-59
  30.500   -0.163172E-59
  30.550   -0.763225E-60
  30.600   -0.356367E-60
  30.650   -0.166105E-60
  30.700   -0.772867E-61
  30.750   -0.358978E-61
  30.800   -0.166445E-61
  30.850   -0.770398E-62
  30.900   -0.355959E-62
  30.950   -0.164183E-62
  31.000   -0.755956E-63
  31.050   -0.347463E-63
  31.100   -0.159428E-63
  31.150   -0.730235E-64
  31.200   -0.333891E-64
  31.250   -0.152403E-64
  31.300   -0.694423E-65
  31.350   -0.315865E-65
  31.400   -0.143425E-65
  31.450   -0.650122E-66
  31.500   -0.294179E-66
  31.550   -0.132885E-66
  31.600   -0.599220E-67
  31.650   -0.269740E-67
  31.700   -0.121214E-67
  31.750   -0.543764E-68
  31.800   -0.243510E-68
  31.850   -0.108861E-68
  31.900   -0.485823E-69
  31.950   -0.216439E-69
  32.000   -0.962592E-70
  32.050   -0.427367E-70
  32.100   -0.189414E-70
  32.150   -0.838060E-71
  32.200   -0.370161E-71
  32.250   -0.163215E-71
  32.300   -0.718426E-72
  32.350   -0.315688E-72
  32.400   -0.138480E-72
  32.450   -0.606420E-73
  32.500   -0.265102E-73
  32.550   -0.115693E-73
  32.600   -0.504034E-74
  32.650   -0.219214E-74
  32.700   -0.951768E-75
  32.750   -0.412527E-75
  32.800   -0.178497E-75
  32.850   -0.771021E-76
  32.900   -0.332476E-76
  32.950   -0.143124E-76
  33.000   -0.615069E-77
  33.050   -0.263872E-77
  33.100   -0.113012E-77
  33.150   -0.483185E-78
  33.200   -0.206236E-78
  33.250   -0.878768E-79
  33.300   -0.373805E-79
  33.350   -0.158737E-79
  33.400   -0.672935E-80
  33.450   -0.284793E-80
  33.500   -0.120323E-80
  33.550   -0.507493E-81
  33.600   -0.213685E-81
  33.650   -0.898220E-82
  33.700   -0.376925E-82
  33.750   -0.157903E-82
  33.800   -0.660375E-83
  33.850   -0.275712E-83
  33.900   -0.114917E-83
  33.950   -0.478168E-84
  34.000   -0.198629E-84
  34.050   -0.823699E-85
  34.100   -0.341006E-85
  34.150   -0.140936E-85
  34.200   -0.581500E-86
  34.250   -0.239521E-86
  34.300   -0.984932E-87
  34.350   -0.404330E-87
  34.400   -0.165705E-87
  34.450   -0.677956E-88
  34.500   -0.276909E-88
  34.550   -0.112913E-88
  34.600   -0.459639E-89
  34.650   -0.186793E-89
  34.700   -0.757837E-90
  34.750   -0.306945E-90
  34.800   -0.124113E-90
  34.850   -0.501006E-91
  34.900   -0.201902E-91
  34.950   -0.812288E-92
  35.000   -0.326250E-92
  35.050   -0.130817E-92
  35.100   -0.523662E-93
  35.150   -0.209271E-93
  35.200   -0.834913E-94
  35.250   -0.332542E-94
  35.300   -0.132229E-94
  35.350   -0.524901E-95
  35.400   -0.208020E-95
  35.450   -0.823011E-96
  35.500   -0.325074E-96
  35.550   -0.128184E-96
  35.600   -0.504614E-97
  35.650   -0.198318E-97
  35.700   -0.778106E-98
  35.750   -0.304784E-98
  35.800   -0.119185E-98
  35.850   -0.465296E-99
  35.900   -0.181348E-99
  35.950   -0.705625-100
  36.000   -0.274102-100
  36.050   -0.106299-100
  36.100   -0.411550-101
  36.150   -0.159072-101
  36.200   -0.613826-102
  36.250   -0.236469-102
  36.300   -0.909459-103
  36.350   -0.349197-103
  36.400   -0.133856-103
  36.450   -0.512253-104
  36.500   -0.195709-104
  36.550   -0.746481-105
  36.600   -0.284254-105
  36.650   -0.108062-105
  36.700   -0.410133-106
  36.750   -0.155401-106
  36.800   -0.587850-107
  36.850   -0.222004-107
  36.900   -0.837021-108
  36.950   -0.315061-108
  37.000   -0.118395-108
  37.050   -0.444179-109
  37.100   -0.166366-109
  37.150   -0.622089-110
  37.200   -0.232234-110
  37.250   -0.865528-111
  37.300   -0.322048-111
  37.350   -0.119631-111
  37.400   -0.443663-112
  37.450   -0.164265-112
  37.500   -0.607188-113
  37.550   -0.224071-113
  37.600   -0.825531-114
  37.650   -0.303645-114
  37.700   -0.111503-114
  37.750   -0.408780-115
  37.800   -0.149617-115
  37.850   -0.546710-116
  37.900   -0.199444-116
  37.950   -0.726392-117
  38.000   -0.264124-117
  38.050   -0.958810-118
  38.100   -0.347492-118
  38.150   -0.125731-118
  38.200   -0.454183-119
  38.250   -0.163797-119
  38.300   -0.589752-120
  38.350   -0.211993-120
  38.400   -0.760785-121
  38.450   -0.272578-121
  38.500   -0.975011-122
  38.550   -0.348191-122
  38.600   -0.124141-122
  38.650   -0.441877-123
  38.700   -0.157028-123
  38.750   -0.557115-124
  38.800   -0.197334-124
  38.850   -0.697829-125
  38.900   -0.246370-125
  38.950   -0.868393-126
  39.000   -0.305588-126
  39.050   -0.107361-126
  39.100   -0.376574-127
  39.150   -0.131870-127
  39.200   -0.461032-128
  39.250   -0.160920-128
  39.300   -0.560764-129
  39.350   -0.195094-129
  39.400   -0.677640-130
  39.450   -0.234989-130
  39.500   -0.813558-131
  39.550   -0.281205-131
  39.600   -0.970400-132
  39.650   -0.334328-132
  39.700   -0.114997-132
  39.750   -0.394909-133
  39.800   -0.135394-133
  39.850   -0.463444-134
  39.900   -0.158376-134
  39.950   -0.540350-135
  40.000   -0.184059-135
  40.050   -0.625941-136
  40.100   -0.212522-136
  40.150   -0.720396-137
  40.200   -0.243800-137
  40.250   -0.823743-138
  40.300   -0.277873-138
  40.350   -0.935827-139
  40.400   -0.314660-139
  40.450   -0.105629-139
  40.500   -0.354016-140
  40.550   -0.118457-140
  40.600   -0.395724-141
  40.650   -0.131984-141
  40.700   -0.439490-142
  40.750   -0.146108-142
  40.800   -0.484948-143
  40.850   -0.160700-143
  40.900   -0.531659-144
  40.950   -0.175610-144
  41.000   -0.579112-145
  41.050   -0.190667-145
  41.100   -0.626738-146
  41.150   -0.205682-146
  41.200   -0.673914-147
  41.250   -0.220451-147
  41.300   -0.719978-148
  41.350   -0.234761-148
  41.400   -0.764243-149
  41.450   -0.248392-149
  41.500   -0.806013-150
  41.550   -0.261124-150
  41.600   -0.844603-151
  41.650   -0.272746-151
  41.700   -0.879356-152
  41.750   -0.283056-152
  41.800   -0.909661-153
  41.850   -0.291869-153
  41.900   -0.934970-154
  41.950   -0.299026-154
  42.000   -0.954818-155
  42.050   -0.304393-155
  42.100   -0.968836-156
  42.150   -0.307870-156
  42.200   -0.976757-157
  42.250   -0.309391-157
  42.300   -0.978435-158
  42.350   -0.308928-158
  42.400   -0.973838-159
  42.450   -0.306491-159
  42.500   -0.963058-160
  42.550   -0.302127-160
  42.600   -0.946302-161
  42.650   -0.295920-161
  42.700   -0.923891-162
  42.750   -0.287986-162
  42.800   -0.896243-163
  42.850   -0.278474-163
  42.900   -0.863866-164
  42.950   -0.267555-164
  43.000   -0.827339-165
  43.050   -0.255422-165
  43.100   -0.787296-166
  43.150   -0.242283-166
  43.200   -0.744409-167
  43.250   -0.228353-167
  43.300   -0.699367-168
  43.350   -0.213850-168
  43.400   -0.652859-169
  43.450   -0.198992-169
  43.500   -0.605558-170
  43.550   -0.183985-170
  43.600   -0.558104-171
  43.650   -0.169026-171
  43.700   -0.511091-172
  43.750   -0.154294-172
  43.800   -0.465058-173
  43.850   -0.139949-173
  43.900   -0.420477-174
  43.950   -0.126130-174
  44.000   -0.377750-175
  44.050   -0.112952-175
  44.100   -0.337205-176
  44.150   -0.100508-176
  44.200   -0.299098-177
  44.250   -0.888659-178
  44.300   -0.263611-178
  44.350   -0.780730-179
  44.400   -0.230858-179
  44.450   -0.681551-180
  44.500   -0.200890-180
  44.550   -0.591191-181
  44.600   -0.173702-181
  44.650   -0.509556-182
  44.700   -0.149241-182
  44.750   -0.436406-183
  44.800   -0.127410-183
  44.850   -0.371386-184
  44.900   -0.108083-184
  44.950   -0.314048-185
  45.000   -0.911057-186
  45.050   -0.263879-186
  45.100   -0.763086-187
  45.150   -0.220319-187
  45.200   -0.635097-188
  45.250   -0.182784-188
  45.300   -0.525227-189
  45.350   -0.150683-189
  45.400   -0.431613-190
  45.450   -0.123434-190
  45.500   -0.352439-191
  45.550   -0.100472-191
  45.600   -0.285967-192
  45.650   -0.812641-193
  45.700   -0.230564-193
  45.750   -0.653126-194
  45.800   -0.184719-194
  45.850   -0.521603-195
  45.900   -0.147055-195
  45.950   -0.413932-196
  46.000   -0.116330-196
  46.050   -0.326411-197
  46.100   -0.914429-198
  46.150   -0.255769-198
  46.200   -0.714262-199
  46.250   -0.199150-199
  46.300   -0.554388-200
  46.350   -0.154085-200
  46.400   -0.427583-201
  46.450   -0.118466-201
  46.500   -0.327700-202
  46.550   -0.905054-203
  46.600   -0.249566-203
  46.650   -0.687083-204
  46.700   -0.188863-204
  46.750   -0.518318-205
  46.800   -0.142023-205
  46.850   -0.388541-206
  46.900   -0.106127-206
  46.950   -0.289422-207
  47.000   -0.788044-208
  47.050   -0.214231-208
  47.100   -0.581472-209
  47.150   -0.157576-209
  47.200   -0.426347-210
  47.250   -0.115173-210
  47.300   -0.310639-211
  47.350   -0.836514-212
  47.400   -0.224908-212
  47.450   -0.603744-213
  47.500   -0.161814-213
  47.550   -0.433004-214
  47.600   -0.115687-214
  47.650   -0.308596-215
  47.700   -0.821888-216
  47.750   -0.218550-216
  47.800   -0.580234-217
  47.850   -0.153805-217
  47.900   -0.407057-218
  47.950   -0.107561-218
  48.000   -0.283772-219
  48.050   -0.747483-220
  48.100   -0.196584-220
  48.150   -0.516193-221
  48.200   -0.135329-221
  48.250   -0.354232-222
  48.300   -0.925762-223
  48.350   -0.241562-223
  48.400   -0.629322-224
  48.450   -0.163695-224
  48.500   -0.425122-225
  48.550   -0.110232-225
  48.600   -0.285378-226
  48.650   -0.737649-227
  48.700   -0.190369-227
  48.750   -0.490523-228
  48.800   -0.126194-228
  48.850   -0.324144-229
  48.900   -0.831292-230
  48.950   -0.212856-230
  49.000   -0.544173-231
  49.050   -0.138901-231
  49.100   -0.353990-232
  49.150   -0.900731-233
  49.200   -0.228832-233
  49.250   -0.580440-234
  49.300   -0.146999-234
  49.350   -0.371699-235
  49.400   -0.938397-236
  49.450   -0.236537-236
  49.500   -0.595294-237
  49.550   -0.149583-237
  49.600   -0.375276-238
  49.650   -0.940022-239
  49.700   -0.235096-239
  49.750   -0.587042-240
  49.800   -0.146358-240
  49.850   -0.364316-241
  49.900   -0.905341-242
  49.950   -0.224498-242
  50.000   -0.557024-243
  50.050   -0.140193-243
  50.100   -0.327628-244
  50.150   -0.598491-245
  50.200     0.00000    
  50.250     0.00000    
  50.300     0.00000    
  50.350     0.00000    
  50.400     0.00000    
  50.450     0.00000    
  50.500     0.00000    
  50.550     0.00000    
  50.600     0.00000    
  50.650     0.00000    
  50.700     0.00000    
  50.750     0.00000    
  50.800     0.00000    
  50.850     0.00000    
  50.900     0.00000    
  50.950     0.00000    
  51.000     0.00000    
  51.050     0.00000    
  51.100     0.00000    
  51.150     0.00000    
  51.200     0.00000    
  51.250     0.00000    
  51.300     0.00000    
  51.350     0.00000    
  51.400     0.00000    
  51.450     0.00000    
  51.500     0.00000    
  51.550     0.00000    
  51.600     0.00000    
  51.650     0.00000    
  51.700     0.00000    
  51.750     0.00000    
  51.800     0.00000    
  51.850     0.00000    
  51.900     0.00000    
  51.950     0.00000    
  52.000     0.00000    
  52.050     0.00000    
  52.100     0.00000    
  52.150     0.00000    
  52.200     0.00000    
  52.250     0.00000    
  52.300     0.00000    
  52.350     0.00000    
  52.400     0.00000    
  52.450     0.00000    
  52.500     0.00000    
  52.550     0.00000    
  52.600     0.00000    
  52.650     0.00000    
  52.700     0.00000    
  52.750     0.00000    
  52.800     0.00000    
  52.850     0.00000    
  52.900     0.00000    
  52.950     0.00000    
  53.000     0.00000    
  53.050     0.00000    
  53.100     0.00000    
  53.150     0.00000    
  53.200     0.00000    
  53.250     0.00000    
  53.300     0.00000    
  53.350     0.00000    
  53.400     0.00000    
  53.450     0.00000    
  53.500     0.00000    
  53.550     0.00000    
  53.600     0.00000    
  53.650     0.00000    
  53.700     0.00000    
  53.750     0.00000    
  53.800     0.00000    
  53.850     0.00000    
  53.900     0.00000    
  53.950     0.00000    
  54.000     0.00000    
  54.050     0.00000    
  54.100     0.00000    
  54.150     0.00000    
  54.200     0.00000    
  54.250     0.00000    
  54.300     0.00000    
  54.350     0.00000    
  54.400     0.00000    
  54.450     0.00000    
  54.500     0.00000    
  54.550     0.00000    
  54.600     0.00000    
  54.650     0.00000    
  54.700     0.00000    
  54.750     0.00000    
  54.800     0.00000    
  54.850     0.00000    
  54.900     0.00000    
  54.950     0.00000    
  55.000     0.00000    
  55.050     0.00000    
  55.100     0.00000    
  55.150     0.00000    
  55.200     0.00000    
  55.250     0.00000    
  55.300     0.00000    
  55.350     0.00000    
  55.400     0.00000    
  55.450     0.00000    
  55.500     0.00000    
  55.550     0.00000    
  55.600     0.00000    
  55.650     0.00000    
  55.700     0.00000    
  55.750     0.00000    
  55.800     0.00000    
  55.850     0.00000    
  55.900     0.00000    
  55.950     0.00000    
  56.000     0.00000    
  56.050     0.00000    
  56.100     0.00000    
  56.150     0.00000    
  56.200     0.00000    
  56.250     0.00000    
  56.300     0.00000    
  56.350     0.00000    
  56.400     0.00000    
  56.450     0.00000    
  56.500     0.00000    
  56.550     0.00000    
  56.600     0.00000    
  56.650     0.00000    
  56.700     0.00000    
  56.750     0.00000    
  56.800     0.00000    
  56.850     0.00000    
  56.900     0.00000    
  56.950     0.00000    
  57.000     0.00000    
  57.050     0.00000    
  57.100     0.00000    
  57.150     0.00000    
  57.200     0.00000    
  57.250     0.00000    
  57.300     0.00000    
  57.350     0.00000    
  57.400     0.00000    
  57.450     0.00000    
  57.500     0.00000    
  57.550     0.00000    
  57.600     0.00000    
  57.650     0.00000    
  57.700     0.00000    
  57.750     0.00000    
  57.800     0.00000    
  57.850     0.00000    
  57.900     0.00000    
  57.950     0.00000    
  58.000     0.00000    
  58.050     0.00000    
  58.100     0.00000    
  58.150     0.00000    
  58.200     0.00000    
  58.250     0.00000    
  58.300     0.00000    
  58.350     0.00000    
  58.400     0.00000    
  58.450     0.00000    
  58.500     0.00000    
  58.550     0.00000    
  58.600     0.00000    
  58.650     0.00000    
  58.700     0.00000    
  58.750     0.00000    
  58.800     0.00000    
  58.850     0.00000    
  58.900     0.00000    
  58.950     0.00000    
  59.000     0.00000    
  59.050     0.00000    
  59.100     0.00000    
  59.150     0.00000    
  59.200     0.00000    
  59.250     0.00000    
  59.300     0.00000    
  59.350     0.00000    
  59.400     0.00000    
  59.450     0.00000    
  59.500     0.00000    
  59.550     0.00000    
  59.600     0.00000    
  59.650     0.00000    
  59.700     0.00000    
  59.750     0.00000    
  59.800     0.00000    
  59.850     0.00000    
  59.900     0.00000    
  59.950     0.00000    
 & 
