          40   1.2823475496339449        1.20000005    
          40   3.0062564757575121        1.20000005    
          40   7.5007905264640469        1.20000005    
          40   13.854772131046362        1.20000005    
          40   21.978043415434129        1.20000005    
          40   31.832529058805093        1.20000005    
          40   43.418945090534933        1.20000005    
          40   56.754137645276280        1.20000005    
          40   71.855460246338623        1.20000005    
          40   88.736603429097102        1.20000005    
          40   107.41136075523087        1.20000005    
          40   127.89718449646983        1.20000005    
          40   150.21864064987005        1.20000005    
          40   174.40679070763753        1.20000005    
          40   200.50048086963480        1.20000005    
          40   228.54388268465016        1.20000005    
          40   258.58907905232974        1.20000005    
          40   290.69316834631064        1.20000005    
          40   324.92310991887064        1.20000005    
          40   361.35147073339965        1.20000005    
          40   400.06408363378642        1.20000005    
          40   441.15333539114960        1.20000005    
          40   484.72990222687849        1.20000005    
          40   530.91305473609009        1.20000005    
          40   579.84688956554817        1.20000005    
          40   631.69004414047231        1.20000005    
          40   686.63248779689036        1.20000005    
          40   744.89401409248944        1.20000005    
          40   806.73287772238200        1.20000005    
          40   872.46250787372060        1.20000005    
          40   942.46521003347107        1.20000005    
          40   1017.1873825353614        1.20000005    
          40   1097.2722573905216        1.20000005    
          40   1183.3988517426558        1.20000005    
          40   1276.6663388222573        1.20000005    
          40   1378.6237497097170        1.20000005    
          40   1490.7470884925449        1.20000005    
          40   1618.1395121646972        1.20000005    
          40   1765.4267764336400        1.20000005    
          40   1941.8880443535686        1.20000005    
