Full H matrix for nchani,nchanf=  1  1 
     0.48904     0.00000    -0.00000     0.00000     0.00000    -0.00000    -0.00000     0.00000     0.00000    -0.00000    -0.00000    -0.00000    -0.00000     0.00000
     0.00000     0.59528    -0.00000     0.00000     0.00000     0.00000    -0.00000    -0.00000    -0.00000     0.00000     0.00000    -0.00000    -0.00000     0.00000
    -0.00000    -0.00000     1.98644    -0.00000     0.00000     0.00000     0.00000     0.00000     0.00000     0.00000     0.00000    -0.00000    -0.00000    -0.00000
     0.00000     0.00000    -0.00000     2.47071    -0.00000     0.00000     0.00000    -0.00000     0.00000     0.00000     0.00000    -0.00000    -0.00000    -0.00000
     0.00000     0.00000     0.00000    -0.00000     7.91807    -0.00000     0.00000    -0.00000    -0.00000    -0.00000    -0.00000     0.00000    -0.00000     0.00000
    -0.00000     0.00000     0.00000     0.00000    -0.00000     9.37420     0.00000     0.00000    -0.00000     0.00000     0.00000     0.00000    -0.00000     0.00000
    -0.00000    -0.00000     0.00000     0.00000     0.00000     0.00000    26.20086    -0.00000     0.00000     0.00000     0.00000     0.00000     0.00000    -0.00000
     0.00000    -0.00000     0.00000    -0.00000    -0.00000     0.00000    -0.00000    32.68603     0.00000     0.00000     0.00000    -0.00000     0.00000     0.00000
     0.00000    -0.00000     0.00000     0.00000    -0.00000    -0.00000     0.00000     0.00000    92.97734    -0.00000    -0.00000     0.00000     0.00000     0.00000
    -0.00000     0.00000     0.00000     0.00000    -0.00000     0.00000     0.00000     0.00000    -0.00000   127.87802     0.00000    -0.00000     0.00000     0.00000
    -0.00000     0.00000     0.00000     0.00000    -0.00000     0.00000     0.00000     0.00000    -0.00000     0.00000   449.05293    -0.00000     0.00000    -0.00000
    -0.00000    -0.00000    -0.00000    -0.00000     0.00000     0.00000     0.00000    -0.00000     0.00000    -0.00000    -0.00000   575.96978     0.00000     0.00000
    -0.00000    -0.00000    -0.00000    -0.00000    -0.00000    -0.00000     0.00000     0.00000     0.00000     0.00000     0.00000     0.00000  1815.37111    -0.00000
     0.00000     0.00000    -0.00000    -0.00000     0.00000     0.00000    -0.00000     0.00000     0.00000     0.00000    -0.00000     0.00000    -0.00000  2306.80809
