#  1 Channels, Eigenvalue: 1 Energy:   1.2823
# J:2.50 parity: 1
 #  channel core Jc (l sn) jn
#  1 : 1 0.0 2 0.5 2.5
#  1200 points
   0.000     0.00000    
   0.050   -0.140307E-04
   0.100   -0.112589E-03
   0.150   -0.381759E-03
   0.200   -0.910048E-03
   0.250   -0.178804E-02
   0.300   -0.310667E-02
   0.350   -0.495430E-02
   0.400   -0.741315E-02
   0.450   -0.105558E-01
   0.500   -0.144424E-01
   0.550   -0.191197E-01
   0.600   -0.246211E-01
   0.650   -0.309689E-01
   0.700   -0.381769E-01
   0.750   -0.462538E-01
   0.800   -0.552054E-01
   0.850   -0.650361E-01
   0.900   -0.757478E-01
   0.950   -0.873383E-01
   1.000   -0.997976E-01
   1.050   -0.113105    
   1.100   -0.127223    
   1.150   -0.142102    
   1.200   -0.157672    
   1.250   -0.173853    
   1.300   -0.190552    
   1.350   -0.207674    
   1.400   -0.225121    
   1.450   -0.242801    
   1.500   -0.260625    
   1.550   -0.278514    
   1.600   -0.296388    
   1.650   -0.314173    
   1.700   -0.331789    
   1.750   -0.349154    
   1.800   -0.366179    
   1.850   -0.382769    
   1.900   -0.398829    
   1.950   -0.414266    
   2.000   -0.428994    
   2.050   -0.442938    
   2.100   -0.456040    
   2.150   -0.468258    
   2.200   -0.479565    
   2.250   -0.489947    
   2.300   -0.499400    
   2.350   -0.507923    
   2.400   -0.515515    
   2.450   -0.522175    
   2.500   -0.527903    
   2.550   -0.532695    
   2.600   -0.536554    
   2.650   -0.539491    
   2.700   -0.541526    
   2.750   -0.542693    
   2.800   -0.543038    
   2.850   -0.542618    
   2.900   -0.541495    
   2.950   -0.539733    
   3.000   -0.537394    
   3.050   -0.534531    
   3.100   -0.531190    
   3.150   -0.527406    
   3.200   -0.523210    
   3.250   -0.518626    
   3.300   -0.513684    
   3.350   -0.508413    
   3.400   -0.502853    
   3.450   -0.497046    
   3.500   -0.491044    
   3.550   -0.484895    
   3.600   -0.478647    
   3.650   -0.472341    
   3.700   -0.466008    
   3.750   -0.459668    
   3.800   -0.453330    
   3.850   -0.446997    
   3.900   -0.440667    
   3.950   -0.434339    
   4.000   -0.428018    
   4.050   -0.421715    
   4.100   -0.415447    
   4.150   -0.409237    
   4.200   -0.403111    
   4.250   -0.397094    
   4.300   -0.391204    
   4.350   -0.385451    
   4.400   -0.379836    
   4.450   -0.374352    
   4.500   -0.368984    
   4.550   -0.363715    
   4.600   -0.358530    
   4.650   -0.353421    
   4.700   -0.348385    
   4.750   -0.343428    
   4.800   -0.338565    
   4.850   -0.333810    
   4.900   -0.329182    
   4.950   -0.324693    
   5.000   -0.320348    
   5.050   -0.316144    
   5.100   -0.312070    
   5.150   -0.308109    
   5.200   -0.304240    
   5.250   -0.300445    
   5.300   -0.296710    
   5.350   -0.293029    
   5.400   -0.289403    
   5.450   -0.285843    
   5.500   -0.282364    
   5.550   -0.278981    
   5.600   -0.275707    
   5.650   -0.272550    
   5.700   -0.269509    
   5.750   -0.266575    
   5.800   -0.263733    
   5.850   -0.260962    
   5.900   -0.258244    
   5.950   -0.255562    
   6.000   -0.252906    
   6.050   -0.250277    
   6.100   -0.247679    
   6.150   -0.245128    
   6.200   -0.242637    
   6.250   -0.240224    
   6.300   -0.237899    
   6.350   -0.235666    
   6.400   -0.233521    
   6.450   -0.231452    
   6.500   -0.229443    
   6.550   -0.227474    
   6.600   -0.225527    
   6.650   -0.223589    
   6.700   -0.221653    
   6.750   -0.219723    
   6.800   -0.217807    
   6.850   -0.215921    
   6.900   -0.214081    
   6.950   -0.212301    
   7.000   -0.210593    
   7.050   -0.208958    
   7.100   -0.207392    
   7.150   -0.205883    
   7.200   -0.204412    
   7.250   -0.202962    
   7.300   -0.201515    
   7.350   -0.200060    
   7.400   -0.198591    
   7.450   -0.197113    
   7.500   -0.195635    
   7.550   -0.194172    
   7.600   -0.192741    
   7.650   -0.191358    
   7.700   -0.190032    
   7.750   -0.188768    
   7.800   -0.187561    
   7.850   -0.186401    
   7.900   -0.185270    
   7.950   -0.184151    
   8.000   -0.183026    
   8.050   -0.181884    
   8.100   -0.180717    
   8.150   -0.179528    
   8.200   -0.178325    
   8.250   -0.177122    
   8.300   -0.175937    
   8.350   -0.174784    
   8.400   -0.173678    
   8.450   -0.172624    
   8.500   -0.171621    
   8.550   -0.170663    
   8.600   -0.169735    
   8.650   -0.168820    
   8.700   -0.167900    
   8.750   -0.166960    
   8.800   -0.165991    
   8.850   -0.164990    
   8.900   -0.163961    
   8.950   -0.162914    
   9.000   -0.161866    
   9.050   -0.160832    
   9.100   -0.159828    
   9.150   -0.158867    
   9.200   -0.157952    
   9.250   -0.157083    
   9.300   -0.156252    
   9.350   -0.155444    
   9.400   -0.154643    
   9.450   -0.153832    
   9.500   -0.152995    
   9.550   -0.152123    
   9.600   -0.151213    
   9.650   -0.150268    
   9.700   -0.149298    
   9.750   -0.148318    
   9.800   -0.147344    
   9.850   -0.146392    
   9.900   -0.145474    
   9.950   -0.144600    
  10.000   -0.143769    
  10.050   -0.142976    
  10.100   -0.142210    
  10.150   -0.141456    
  10.200   -0.140696    
  10.250   -0.139915    
  10.300   -0.139100    
  10.350   -0.138243    
  10.400   -0.137343    
  10.450   -0.136407    
  10.500   -0.135444    
  10.550   -0.134470    
  10.600   -0.133500    
  10.650   -0.132552    
  10.700   -0.131636    
  10.750   -0.130760    
  10.800   -0.129927    
  10.850   -0.129131    
  10.900   -0.128361    
  10.950   -0.127604    
  11.000   -0.126843    
  11.050   -0.126061    
  11.100   -0.125247    
  11.150   -0.124389    
  11.200   -0.123484    
  11.250   -0.122536    
  11.300   -0.121551    
  11.350   -0.120542    
  11.400   -0.119525    
  11.450   -0.118516    
  11.500   -0.117529    
  11.550   -0.116576    
  11.600   -0.115663    
  11.650   -0.114791    
  11.700   -0.113956    
  11.750   -0.113148    
  11.800   -0.112352    
  11.850   -0.111554    
  11.900   -0.110738    
  11.950   -0.109889    
  12.000   -0.108997    
  12.050   -0.108056    
  12.100   -0.107066    
  12.150   -0.106031    
  12.200   -0.104962    
  12.250   -0.103872    
  12.300   -0.102775    
  12.350   -0.101688    
  12.400   -0.100624    
  12.450   -0.995939E-01
  12.500   -0.986045E-01
  12.550   -0.976575E-01
  12.600   -0.967493E-01
  12.650   -0.958717E-01
  12.700   -0.950129E-01
  12.750   -0.941584E-01
  12.800   -0.932930E-01
  12.850   -0.924020E-01
  12.900   -0.914729E-01
  12.950   -0.904966E-01
  13.000   -0.894682E-01
  13.050   -0.883878E-01
  13.100   -0.872598E-01
  13.150   -0.860930E-01
  13.200   -0.848995E-01
  13.250   -0.836932E-01
  13.300   -0.824893E-01
  13.350   -0.813018E-01
  13.400   -0.801433E-01
  13.450   -0.790229E-01
  13.500   -0.779462E-01
  13.550   -0.769145E-01
  13.600   -0.759248E-01
  13.650   -0.749700E-01
  13.700   -0.740398E-01
  13.750   -0.731215E-01
  13.800   -0.722008E-01
  13.850   -0.712636E-01
  13.900   -0.702964E-01
  13.950   -0.692879E-01
  14.000   -0.682298E-01
  14.050   -0.671168E-01
  14.100   -0.659478E-01
  14.150   -0.647253E-01
  14.200   -0.634556E-01
  14.250   -0.621477E-01
  14.300   -0.608133E-01
  14.350   -0.594656E-01
  14.400   -0.581183E-01
  14.450   -0.567849E-01
  14.500   -0.554778E-01
  14.550   -0.542074E-01
  14.600   -0.529816E-01
  14.650   -0.518052E-01
  14.700   -0.506800E-01
  14.750   -0.496045E-01
  14.800   -0.485741E-01
  14.850   -0.475814E-01
  14.900   -0.466169E-01
  14.950   -0.456693E-01
  15.000   -0.447262E-01
  15.050   -0.437748E-01
  15.100   -0.428026E-01
  15.150   -0.417979E-01
  15.200   -0.407504E-01
  15.250   -0.396516E-01
  15.300   -0.384953E-01
  15.350   -0.372773E-01
  15.400   -0.359962E-01
  15.450   -0.346531E-01
  15.500   -0.332510E-01
  15.550   -0.317956E-01
  15.600   -0.302940E-01
  15.650   -0.287551E-01
  15.700   -0.271890E-01
  15.750   -0.256064E-01
  15.800   -0.240187E-01
  15.850   -0.224373E-01
  15.900   -0.208733E-01
  15.950   -0.193375E-01
  16.000   -0.178396E-01
  16.050   -0.163886E-01
  16.100   -0.149925E-01
  16.150   -0.136577E-01
  16.200   -0.123896E-01
  16.250   -0.111924E-01
  16.300   -0.100690E-01
  16.350   -0.902088E-02
  16.400   -0.804874E-02
  16.450   -0.715211E-02
  16.500   -0.632968E-02
  16.550   -0.557935E-02
  16.600   -0.489840E-02
  16.650   -0.428360E-02
  16.700   -0.373131E-02
  16.750   -0.323764E-02
  16.800   -0.279849E-02
  16.850   -0.240971E-02
  16.900   -0.206711E-02
  16.950   -0.176660E-02
  17.000   -0.150418E-02
  17.050   -0.127605E-02
  17.100   -0.107859E-02
  17.150   -0.908400E-03
  17.200   -0.762335E-03
  17.250   -0.637494E-03
  17.300   -0.531229E-03
  17.350   -0.441140E-03
  17.400   -0.365068E-03
  17.450   -0.301083E-03
  17.500   -0.247473E-03
  17.550   -0.202725E-03
  17.600   -0.165517E-03
  17.650   -0.134692E-03
  17.700   -0.109249E-03
  17.750   -0.883241E-04
  17.800   -0.711773E-04
  17.850   -0.571760E-04
  17.900   -0.457833E-04
  17.950   -0.365453E-04
  18.000   -0.290802E-04
  18.050   -0.230682E-04
  18.100   -0.182429E-04
  18.150   -0.143828E-04
  18.200   -0.113050E-04
  18.250   -0.885914E-05
  18.300   -0.692164E-05
  18.350   -0.539180E-05
  18.400   -0.418769E-05
  18.450   -0.324294E-05
  18.500   -0.250401E-05
  18.550   -0.192785E-05
  18.600   -0.147999E-05
  18.650   -0.113293E-05
  18.700   -0.864783E-06
  18.750   -0.658239E-06
  18.800   -0.499617E-06
  18.850   -0.378161E-06
  18.900   -0.285436E-06
  18.950   -0.214852E-06
  19.000   -0.161278E-06
  19.050   -0.120732E-06
  19.100   -0.901341E-07
  19.150   -0.671089E-07
  19.200   -0.498313E-07
  19.250   -0.369029E-07
  19.300   -0.272560E-07
  19.350   -0.200776E-07
  19.400   -0.147508E-07
  19.450   -0.108089E-07
  19.500   -0.789967E-08
  19.550   -0.575849E-08
  19.600   -0.418682E-08
  19.650   -0.303627E-08
  19.700   -0.219625E-08
  19.750   -0.158458E-08
  19.800   -0.114037E-08
  19.850   -0.818604E-09
  19.900   -0.586150E-09
  19.950   -0.418653E-09
  20.000   -0.298273E-09
  20.050   -0.211978E-09
  20.100   -0.150277E-09
  20.150   -0.106273E-09
  20.200   -0.749694E-10
  20.250   -0.527572E-10
  20.300   -0.370356E-10
  20.350   -0.259359E-10
  20.400   -0.181188E-10
  20.450   -0.126274E-10
  20.500   -0.877910E-11
  20.550   -0.608902E-11
  20.600   -0.421316E-11
  20.650   -0.290827E-11
  20.700   -0.200278E-11
  20.750   -0.137596E-11
  20.800   -0.943095E-12
  20.850   -0.644891E-12
  20.900   -0.439948E-12
  20.950   -0.299436E-12
  21.000   -0.203328E-12
  21.050   -0.137748E-12
  21.100   -0.931045E-13
  21.150   -0.627851E-13
  21.200   -0.422421E-13
  21.250   -0.283557E-13
  21.300   -0.189909E-13
  21.350   -0.126901E-13
  21.400   -0.846052E-14
  21.450   -0.562792E-14
  21.500   -0.373526E-14
  21.550   -0.247353E-14
  21.600   -0.163433E-14
  21.650   -0.107744E-14
  21.700   -0.708720E-15
  21.750   -0.465150E-15
  21.800   -0.304613E-15
  21.850   -0.199042E-15
  21.900   -0.129772E-15
  21.950   -0.844235E-16
  22.000   -0.548015E-16
  22.050   -0.354953E-16
  22.100   -0.229404E-16
  22.150   -0.147940E-16
  22.200   -0.951980E-17
  22.250   -0.611263E-17
  22.300   -0.391642E-17
  22.350   -0.250389E-17
  22.400   -0.159737E-17
  22.450   -0.101686E-17
  22.500   -0.645939E-18
  22.550   -0.409441E-18
  22.600   -0.258980E-18
  22.650   -0.163462E-18
  22.700   -0.102954E-18
  22.750   -0.647074E-19
  22.800   -0.405831E-19
  22.850   -0.253992E-19
  22.900   -0.158629E-19
  22.950   -0.988627E-20
  23.000   -0.614854E-20
  23.050   -0.381596E-20
  23.100   -0.236336E-20
  23.150   -0.146066E-20
  23.200   -0.900883E-21
  23.250   -0.554480E-21
  23.300   -0.340568E-21
  23.350   -0.208749E-21
  23.400   -0.127688E-21
  23.450   -0.779439E-22
  23.500   -0.474812E-22
  23.550   -0.288649E-22
  23.600   -0.175118E-22
  23.650   -0.106024E-22
  23.700   -0.640605E-23
  23.750   -0.386272E-23
  23.800   -0.232442E-23
  23.850   -0.139590E-23
  23.900   -0.836592E-24
  23.950   -0.500376E-24
  24.000   -0.298677E-24
  24.050   -0.177924E-24
  24.100   -0.105777E-24
  24.150   -0.627593E-25
  24.200   -0.371615E-25
  24.250   -0.219604E-25
  24.300   -0.129515E-25
  24.350   -0.762312E-26
  24.400   -0.447796E-26
  24.450   -0.262522E-26
  24.500   -0.153599E-26
  24.550   -0.896913E-27
  24.600   -0.522700E-27
  24.650   -0.304017E-27
  24.700   -0.176476E-27
  24.750   -0.102239E-27
  24.800   -0.591147E-28
  24.850   -0.341131E-28
  24.900   -0.196469E-28
  24.950   -0.112932E-28
  25.000   -0.647875E-29
  25.050   -0.370952E-29
  25.100   -0.211981E-29
  25.150   -0.120901E-29
  25.200   -0.688207E-30
  25.250   -0.390990E-30
  25.300   -0.221702E-30
  25.350   -0.125468E-30
  25.400   -0.708688E-31
  25.450   -0.399521E-31
  25.500   -0.224795E-31
  25.550   -0.126240E-31
  25.600   -0.707574E-32
  25.650   -0.395834E-32
  25.700   -0.221014E-32
  25.750   -0.123167E-32
  25.800   -0.685078E-33
  25.850   -0.380325E-33
  25.900   -0.210736E-33
  25.950   -0.116546E-33
  26.000   -0.643321E-34
  26.050   -0.354431E-34
  26.100   -0.194900E-34
  26.150   -0.106971E-34
  26.200   -0.586003E-35
  26.250   -0.320413E-35
  26.300   -0.174864E-35
  26.350   -0.952508E-36
  26.400   -0.517868E-36
  26.450   -0.281029E-36
  26.500   -0.152218E-36
  26.550   -0.822932E-37
  26.600   -0.444065E-37
  26.650   -0.239175E-37
  26.700   -0.128579E-37
  26.750   -0.689941E-38
  26.800   -0.369523E-38
  26.850   -0.197543E-38
  26.900   -0.105407E-38
  26.950   -0.561396E-39
  27.000   -0.298442E-39
  27.050   -0.158359E-39
  27.100   -0.838728E-40
  27.150   -0.443396E-40
  27.200   -0.233969E-40
  27.250   -0.123231E-40
  27.300   -0.647854E-41
  27.350   -0.339964E-41
  27.400   -0.178068E-41
  27.450   -0.930977E-42
  27.500   -0.485838E-42
  27.550   -0.253072E-42
  27.600   -0.131583E-42
  27.650   -0.682896E-43
  27.700   -0.353764E-43
  27.750   -0.182926E-43
  27.800   -0.944153E-44
  27.850   -0.486423E-44
  27.900   -0.250145E-44
  27.950   -0.128403E-44
  28.000   -0.657911E-45
  28.050   -0.336486E-45
  28.100   -0.171781E-45
  28.150   -0.875370E-46
  28.200   -0.445265E-46
  28.250   -0.226077E-46
  28.300   -0.114579E-46
  28.350   -0.579654E-47
  28.400   -0.292714E-47
  28.450   -0.147547E-47
  28.500   -0.742392E-48
  28.550   -0.372864E-48
  28.600   -0.186932E-48
  28.650   -0.935475E-49
  28.700   -0.467302E-49
  28.750   -0.233013E-49
  28.800   -0.115980E-49
  28.850   -0.576238E-50
  28.900   -0.285786E-50
  28.950   -0.141482E-50
  29.000   -0.699165E-51
  29.050   -0.344890E-51
  29.100   -0.169826E-51
  29.150   -0.834736E-52
  29.200   -0.409560E-52
  29.250   -0.200590E-52
  29.300   -0.980677E-53
  29.350   -0.478594E-53
  29.400   -0.233149E-53
  29.450   -0.113377E-53
  29.500   -0.550359E-54
  29.550   -0.266681E-54
  29.600   -0.128993E-54
  29.650   -0.622829E-55
  29.700   -0.300193E-55
  29.750   -0.144431E-55
  29.800   -0.693667E-56
  29.850   -0.332562E-56
  29.900   -0.159157E-56
  29.950   -0.760342E-57
  30.000   -0.362598E-57
  30.050   -0.172613E-57
  30.100   -0.820268E-58
  30.150   -0.389109E-58
  30.200   -0.184256E-58
  30.250   -0.870976E-59
  30.300   -0.410985E-59
  30.350   -0.193590E-59
  30.400   -0.910279E-60
  30.450   -0.427271E-60
  30.500   -0.200203E-60
  30.550   -0.936429E-61
  30.600   -0.437238E-61
  30.650   -0.203798E-61
  30.700   -0.948244E-62
  30.750   -0.440434E-62
  30.800   -0.204212E-62
  30.850   -0.945200E-63
  30.900   -0.436724E-63
  30.950   -0.201434E-63
  31.000   -0.927468E-64
  31.050   -0.426293E-64
  31.100   -0.195597E-64
  31.150   -0.895897E-65
  31.200   -0.409636E-65
  31.250   -0.186975E-65
  31.300   -0.851949E-66
  31.350   -0.387515E-66
  31.400   -0.175959E-66
  31.450   -0.797587E-67
  31.500   -0.360905E-67
  31.550   -0.163025E-67
  31.600   -0.735128E-68
  31.650   -0.330918E-68
  31.700   -0.148705E-68
  31.750   -0.667085E-69
  31.800   -0.298734E-69
  31.850   -0.133549E-69
  31.900   -0.595996E-70
  31.950   -0.265520E-70
  32.000   -0.118087E-70
  32.050   -0.524277E-71
  32.100   -0.232364E-71
  32.150   -0.102809E-71
  32.200   -0.454093E-72
  32.250   -0.200222E-72
  32.300   -0.881317E-73
  32.350   -0.387263E-73
  32.400   -0.169877E-73
  32.450   -0.743906E-74
  32.500   -0.325204E-74
  32.550   -0.141922E-74
  32.600   -0.618300E-75
  32.650   -0.268909E-75
  32.700   -0.116753E-75
  32.750   -0.506042E-76
  32.800   -0.218959E-76
  32.850   -0.945795E-77
  32.900   -0.407839E-77
  32.950   -0.175566E-77
  33.000   -0.754483E-78
  33.050   -0.323682E-78
  33.100   -0.138626E-78
  33.150   -0.592699E-79
  33.200   -0.252978E-79
  33.250   -0.107793E-79
  33.300   -0.458523E-80
  33.350   -0.194712E-80
  33.400   -0.825440E-81
  33.450   -0.349334E-81
  33.500   -0.147590E-81
  33.550   -0.622498E-82
  33.600   -0.262108E-82
  33.650   -0.110176E-82
  33.700   -0.462336E-83
  33.750   -0.193683E-83
  33.800   -0.810011E-84
  33.850   -0.338185E-84
  33.900   -0.140956E-84
  33.950   -0.586511E-85
  34.000   -0.243633E-85
  34.050   -0.101033E-85
  34.100   -0.418267E-86
  34.150   -0.172867E-86
  34.200   -0.713244E-87
  34.250   -0.293786E-87
  34.300   -0.120807E-87
  34.350   -0.495930E-88
  34.400   -0.203244E-88
  34.450   -0.831540E-89
  34.500   -0.339639E-89
  34.550   -0.138491E-89
  34.600   -0.563760E-90
  34.650   -0.229106E-90
  34.700   -0.929502E-91
  34.750   -0.376473E-91
  34.800   -0.152226E-91
  34.850   -0.614488E-92
  34.900   -0.247634E-92
  34.950   -0.996272E-93
  35.000   -0.400145E-93
  35.050   -0.160446E-93
  35.100   -0.642266E-94
  35.150   -0.256668E-94
  35.200   -0.102401E-94
  35.250   -0.407856E-95
  35.300   -0.162175E-95
  35.350   -0.643777E-96
  35.400   -0.255130E-96
  35.450   -0.100939E-96
  35.500   -0.398691E-97
  35.550   -0.157212E-97
  35.600   -0.618886E-98
  35.650   -0.243227E-98
  35.700   -0.954307E-99
  35.750   -0.373801E-99
  35.800   -0.146174E-99
  35.850   -0.570657-100
  35.900   -0.222412-100
  35.950   -0.865401-101
  36.000   -0.336167-101
  36.050   -0.130368-101
  36.100   -0.504734-102
  36.150   -0.195089-102
  36.200   -0.752806-103
  36.250   -0.290009-103
  36.300   -0.111537-103
  36.350   -0.428258-104
  36.400   -0.164161-104
  36.450   -0.628227-105
  36.500   -0.240017-105
  36.550   -0.915479-106
  36.600   -0.348606-106
  36.650   -0.132526-106
  36.700   -0.502980-107
  36.750   -0.190581-107
  36.800   -0.720927-108
  36.850   -0.272260-108
  36.900   -0.102650-108
  36.950   -0.386381-109
  37.000   -0.145196-109
  37.050   -0.544724-110
  37.100   -0.204024-110
  37.150   -0.762903-111
  37.200   -0.284801-111
  37.250   -0.106144-111
  37.300   -0.394943-112
  37.350   -0.146709-112
  37.400   -0.544083-113
  37.450   -0.201445-113
  37.500   -0.744617-114
  37.550   -0.274786-114
  37.600   -0.101237-114
  37.650   -0.372369-115
  37.700   -0.136739-115
  37.750   -0.501297-116
  37.800   -0.183478-116
  37.850   -0.670441-117
  37.900   -0.244581-117
  37.950   -0.890784-118
  38.000   -0.323898-118
  38.050   -0.117580-118
  38.100   -0.426131-119
  38.150   -0.154185-119
  38.200   -0.556964-120
  38.250   -0.200864-120
  38.300   -0.723210-121
  38.350   -0.259965-121
  38.400   -0.932942-122
  38.450   -0.334259-122
  38.500   -0.119564-122
  38.550   -0.426980-123
  38.600   -0.152231-123
  38.650   -0.541863-124
  38.700   -0.192560-124
  38.750   -0.683174-125
  38.800   -0.241984-125
  38.850   -0.855725-126
  38.900   -0.302114-126
  38.950   -0.106488-126
  39.000   -0.374730-127
  39.050   -0.131653-127
  39.100   -0.461776-128
  39.150   -0.161706-128
  39.200   -0.565341-129
  39.250   -0.197328-129
  39.300   -0.687634-130
  39.350   -0.239232-130
  39.400   -0.830949-131
  39.450   -0.288152-131
  39.500   -0.997614-132
  39.550   -0.344823-132
  39.600   -0.118994-132
  39.650   -0.409962-133
  39.700   -0.141013-133
  39.750   -0.484247-134
  39.800   -0.166023-134
  39.850   -0.568284-135
  39.900   -0.194203-135
  39.950   -0.662586-136
  40.000   -0.225696-136
  40.050   -0.767536-137
  40.100   -0.260597-137
  40.150   -0.883355-138
  40.200   -0.298949-138
  40.250   -0.101008-138
  40.300   -0.340728-139
  40.350   -0.114751-139
  40.400   -0.385835-140
  40.450   -0.129522-140
  40.500   -0.434092-141
  40.550   -0.145250-141
  40.600   -0.485232-142
  40.650   -0.161837-142
  40.700   -0.538896-143
  40.750   -0.179155-143
  40.800   -0.594634-144
  40.850   -0.197047-144
  40.900   -0.651907-145
  40.950   -0.215328-145
  41.000   -0.710092-146
  41.050   -0.233790-146
  41.100   -0.768487-147
  41.150   -0.252200-147
  41.200   -0.826330-148
  41.250   -0.270309-148
  41.300   -0.882809-149
  41.350   -0.287854-149
  41.400   -0.937081-150
  41.450   -0.304566-150
  41.500   -0.988295-151
  41.550   -0.320178-151
  41.600   -0.103561-151
  41.650   -0.334427-152
  41.700   -0.107822-152
  41.750   -0.347067-153
  41.800   -0.111537-153
  41.850   -0.357872-154
  41.900   -0.114640-154
  41.950   -0.366646-155
  42.000   -0.117074-155
  42.050   -0.373226-156
  42.100   -0.118792-156
  42.150   -0.377488-157
  42.200   -0.119763-157
  42.250   -0.379353-158
  42.300   -0.119968-158
  42.350   -0.378784-159
  42.400   -0.119404-159
  42.450   -0.375794-160
  42.500   -0.118082-160
  42.550   -0.370442-161
  42.600   -0.116027-161
  42.650   -0.362830-162
  42.700   -0.113279-162
  42.750   -0.353102-163
  42.800   -0.109889-163
  42.850   -0.341438-164
  42.900   -0.105919-164
  42.950   -0.328049-165
  43.000   -0.101440-165
  43.050   -0.313173-166
  43.100   -0.965301-167
  43.150   -0.297062-167
  43.200   -0.912715-168
  43.250   -0.279981-168
  43.300   -0.857487-169
  43.350   -0.262199-169
  43.400   -0.800462-170
  43.450   -0.243981-170
  43.500   -0.742464-171
  43.550   -0.225581-171
  43.600   -0.684280-172
  43.650   -0.207239-172
  43.700   -0.626637-173
  43.750   -0.189176-173
  43.800   -0.570195-174
  43.850   -0.171588-174
  43.900   -0.515534-175
  43.950   -0.154645-175
  44.000   -0.463147-176
  44.050   -0.138487-176
  44.100   -0.413436-177
  44.150   -0.123229-177
  44.200   -0.366713-178
  44.250   -0.108955-178
  44.300   -0.323203-179
  44.350   -0.957219-180
  44.400   -0.283045-180
  44.450   -0.835618-181
  44.500   -0.246302-181
  44.550   -0.724831-182
  44.600   -0.212968-182
  44.650   -0.624740-183
  44.700   -0.182976-183
  44.750   -0.535053-184
  44.800   -0.156210-184
  44.850   -0.455334-185
  44.900   -0.132514-185
  44.950   -0.385035-186
  45.000   -0.111699-186
  45.050   -0.323525-187
  45.100   -0.935570-188
  45.150   -0.270118-188
  45.200   -0.778650-189
  45.250   -0.224099-189
  45.300   -0.643944-190
  45.350   -0.184742-190
  45.400   -0.529169-191
  45.450   -0.151333-191
  45.500   -0.432099-192
  45.550   -0.123181-192
  45.600   -0.350602-193
  45.650   -0.996315-194
  45.700   -0.282676-194
  45.750   -0.800744-195
  45.800   -0.226469-195
  45.850   -0.639493-196
  45.900   -0.180291-196
  45.950   -0.507486-197
  46.000   -0.142622-197
  46.050   -0.400183-198
  46.100   -0.112110-198
  46.150   -0.313575-199
  46.200   -0.875689-200
  46.250   -0.244158-200
  46.300   -0.679682-201
  46.350   -0.188909-201
  46.400   -0.524217-202
  46.450   -0.145239-202
  46.500   -0.401760-203
  46.550   -0.110959-203
  46.600   -0.305967-204
  46.650   -0.842360-205
  46.700   -0.231544-205
  46.750   -0.635454-206
  46.800   -0.174119-206
  46.850   -0.476347-207
  46.900   -0.130111-207
  46.950   -0.354828-208
  47.000   -0.966131-209
  47.050   -0.262644-209
  47.100   -0.712875-210
  47.150   -0.193185-210
  47.200   -0.522694-211
  47.250   -0.141200-211
  47.300   -0.380837-212
  47.350   -0.102555-212
  47.400   -0.275733-213
  47.450   -0.740175-214
  47.500   -0.198379-214
  47.550   -0.530851-215
  47.600   -0.141829-215
  47.650   -0.378330-216
  47.700   -0.100761-216
  47.750   -0.267935-217
  47.800   -0.711347-218
  47.850   -0.188560-218
  47.900   -0.499038-219
  47.950   -0.131866-219
  48.000   -0.347894-220
  48.050   -0.916386-221
  48.100   -0.241005-221
  48.150   -0.632832-222
  48.200   -0.165908-222
  48.250   -0.434273-223
  48.300   -0.113494-223
  48.350   -0.296144-224
  48.400   -0.771520-225
  48.450   -0.200682-225
  48.500   -0.521179-226
  48.550   -0.135139-226
  48.600   -0.349859-227
  48.650   -0.904320-228
  48.700   -0.233382-228
  48.750   -0.601355-229
  48.800   -0.154707-229
  48.850   -0.397382-230
  48.900   -0.101912-230
  48.950   -0.260949-231
  49.000   -0.667124-232
  49.050   -0.170284-232
  49.100   -0.433971-233
  49.150   -0.110424-233
  49.200   -0.280534-234
  49.250   -0.711582-235
  49.300   -0.180212-235
  49.350   -0.455679-236
  49.400   -0.115041-236
  49.450   -0.289979-237
  49.500   -0.729789-238
  49.550   -0.183378-238
  49.600   -0.460061-239
  49.650   -0.115240-239
  49.700   -0.288210-240
  49.750   -0.719670-241
  49.800   -0.179424-241
  49.850   -0.446624-242
  49.900   -0.110988-242
  49.950   -0.275217-243
  50.000   -0.682868-244
  50.050   -0.171865-244
  50.100   -0.401644-245
  50.150   -0.733694-246
  50.200     0.00000    
  50.250     0.00000    
  50.300     0.00000    
  50.350     0.00000    
  50.400     0.00000    
  50.450     0.00000    
  50.500     0.00000    
  50.550     0.00000    
  50.600     0.00000    
  50.650     0.00000    
  50.700     0.00000    
  50.750     0.00000    
  50.800     0.00000    
  50.850     0.00000    
  50.900     0.00000    
  50.950     0.00000    
  51.000     0.00000    
  51.050     0.00000    
  51.100     0.00000    
  51.150     0.00000    
  51.200     0.00000    
  51.250     0.00000    
  51.300     0.00000    
  51.350     0.00000    
  51.400     0.00000    
  51.450     0.00000    
  51.500     0.00000    
  51.550     0.00000    
  51.600     0.00000    
  51.650     0.00000    
  51.700     0.00000    
  51.750     0.00000    
  51.800     0.00000    
  51.850     0.00000    
  51.900     0.00000    
  51.950     0.00000    
  52.000     0.00000    
  52.050     0.00000    
  52.100     0.00000    
  52.150     0.00000    
  52.200     0.00000    
  52.250     0.00000    
  52.300     0.00000    
  52.350     0.00000    
  52.400     0.00000    
  52.450     0.00000    
  52.500     0.00000    
  52.550     0.00000    
  52.600     0.00000    
  52.650     0.00000    
  52.700     0.00000    
  52.750     0.00000    
  52.800     0.00000    
  52.850     0.00000    
  52.900     0.00000    
  52.950     0.00000    
  53.000     0.00000    
  53.050     0.00000    
  53.100     0.00000    
  53.150     0.00000    
  53.200     0.00000    
  53.250     0.00000    
  53.300     0.00000    
  53.350     0.00000    
  53.400     0.00000    
  53.450     0.00000    
  53.500     0.00000    
  53.550     0.00000    
  53.600     0.00000    
  53.650     0.00000    
  53.700     0.00000    
  53.750     0.00000    
  53.800     0.00000    
  53.850     0.00000    
  53.900     0.00000    
  53.950     0.00000    
  54.000     0.00000    
  54.050     0.00000    
  54.100     0.00000    
  54.150     0.00000    
  54.200     0.00000    
  54.250     0.00000    
  54.300     0.00000    
  54.350     0.00000    
  54.400     0.00000    
  54.450     0.00000    
  54.500     0.00000    
  54.550     0.00000    
  54.600     0.00000    
  54.650     0.00000    
  54.700     0.00000    
  54.750     0.00000    
  54.800     0.00000    
  54.850     0.00000    
  54.900     0.00000    
  54.950     0.00000    
  55.000     0.00000    
  55.050     0.00000    
  55.100     0.00000    
  55.150     0.00000    
  55.200     0.00000    
  55.250     0.00000    
  55.300     0.00000    
  55.350     0.00000    
  55.400     0.00000    
  55.450     0.00000    
  55.500     0.00000    
  55.550     0.00000    
  55.600     0.00000    
  55.650     0.00000    
  55.700     0.00000    
  55.750     0.00000    
  55.800     0.00000    
  55.850     0.00000    
  55.900     0.00000    
  55.950     0.00000    
  56.000     0.00000    
  56.050     0.00000    
  56.100     0.00000    
  56.150     0.00000    
  56.200     0.00000    
  56.250     0.00000    
  56.300     0.00000    
  56.350     0.00000    
  56.400     0.00000    
  56.450     0.00000    
  56.500     0.00000    
  56.550     0.00000    
  56.600     0.00000    
  56.650     0.00000    
  56.700     0.00000    
  56.750     0.00000    
  56.800     0.00000    
  56.850     0.00000    
  56.900     0.00000    
  56.950     0.00000    
  57.000     0.00000    
  57.050     0.00000    
  57.100     0.00000    
  57.150     0.00000    
  57.200     0.00000    
  57.250     0.00000    
  57.300     0.00000    
  57.350     0.00000    
  57.400     0.00000    
  57.450     0.00000    
  57.500     0.00000    
  57.550     0.00000    
  57.600     0.00000    
  57.650     0.00000    
  57.700     0.00000    
  57.750     0.00000    
  57.800     0.00000    
  57.850     0.00000    
  57.900     0.00000    
  57.950     0.00000    
  58.000     0.00000    
  58.050     0.00000    
  58.100     0.00000    
  58.150     0.00000    
  58.200     0.00000    
  58.250     0.00000    
  58.300     0.00000    
  58.350     0.00000    
  58.400     0.00000    
  58.450     0.00000    
  58.500     0.00000    
  58.550     0.00000    
  58.600     0.00000    
  58.650     0.00000    
  58.700     0.00000    
  58.750     0.00000    
  58.800     0.00000    
  58.850     0.00000    
  58.900     0.00000    
  58.950     0.00000    
  59.000     0.00000    
  59.050     0.00000    
  59.100     0.00000    
  59.150     0.00000    
  59.200     0.00000    
  59.250     0.00000    
  59.300     0.00000    
  59.350     0.00000    
  59.400     0.00000    
  59.450     0.00000    
  59.500     0.00000    
  59.550     0.00000    
  59.600     0.00000    
  59.650     0.00000    
  59.700     0.00000    
  59.750     0.00000    
  59.800     0.00000    
  59.850     0.00000    
  59.900     0.00000    
  59.950     0.00000    
 & 
