#  1 Channels, Eigenvalue: 2 Energy:   3.0063
# J:2.50 parity: 1
 #  channel core Jc (l sn) jn
#  1 : 1 0.0 2 0.5 2.5
#  1200 points
   0.000     0.00000    
   0.050   -0.141453E-04
   0.100   -0.110366E-03
   0.150   -0.357571E-03
   0.200   -0.801940E-03
   0.250   -0.146361E-02
   0.300   -0.234059E-02
   0.350   -0.341902E-02
   0.400   -0.468696E-02
   0.450   -0.614819E-02
   0.500   -0.783200E-02
   0.550   -0.979622E-02
   0.600   -0.121221E-01
   0.650   -0.149020E-01
   0.700   -0.182224E-01
   0.750   -0.221460E-01
   0.800   -0.266985E-01
   0.850   -0.318616E-01
   0.900   -0.375753E-01
   0.950   -0.437497E-01
   1.000   -0.502825E-01
   1.050   -0.570793E-01
   1.100   -0.640712E-01
   1.150   -0.712261E-01
   1.200   -0.785504E-01
   1.250   -0.860814E-01
   1.300   -0.938707E-01
   1.350   -0.101964    
   1.400   -0.110381    
   1.450   -0.119102    
   1.500   -0.128060    
   1.550   -0.137147    
   1.600   -0.146230    
   1.650   -0.155169    
   1.700   -0.163837    
   1.750   -0.172146    
   1.800   -0.180051    
   1.850   -0.187553    
   1.900   -0.194690    
   1.950   -0.201516    
   2.000   -0.208084    
   2.050   -0.214422    
   2.100   -0.220522    
   2.150   -0.226334    
   2.200   -0.231772    
   2.250   -0.236732    
   2.300   -0.241110    
   2.350   -0.244825    
   2.400   -0.247839    
   2.450   -0.250158    
   2.500   -0.251839    
   2.550   -0.252971    
   2.600   -0.253659    
   2.650   -0.254001    
   2.700   -0.254068    
   2.750   -0.253887    
   2.800   -0.253448    
   2.850   -0.252699    
   2.900   -0.251573    
   2.950   -0.250001    
   3.000   -0.247938    
   3.050   -0.245376    
   3.100   -0.242354    
   3.150   -0.238949    
   3.200   -0.235270    
   3.250   -0.231431    
   3.300   -0.227534    
   3.350   -0.223650    
   3.400   -0.219804    
   3.450   -0.215977    
   3.500   -0.212111    
   3.550   -0.208129    
   3.600   -0.203958    
   3.650   -0.199542    
   3.700   -0.194867    
   3.750   -0.189960    
   3.800   -0.184888    
   3.850   -0.179745    
   3.900   -0.174632    
   3.950   -0.169636    
   4.000   -0.164811    
   4.050   -0.160168    
   4.100   -0.155675    
   4.150   -0.151261    
   4.200   -0.146839    
   4.250   -0.142322    
   4.300   -0.137646    
   4.350   -0.132783    
   4.400   -0.127750    
   4.450   -0.122603    
   4.500   -0.117428    
   4.550   -0.112317    
   4.600   -0.107352    
   4.650   -0.102586    
   4.700   -0.980269E-01
   4.750   -0.936427E-01
   4.800   -0.893634E-01
   4.850   -0.850986E-01
   4.900   -0.807575E-01
   4.950   -0.762684E-01
   5.000   -0.715951E-01
   5.050   -0.667439E-01
   5.100   -0.617628E-01
   5.150   -0.567302E-01
   5.200   -0.517376E-01
   5.250   -0.468695E-01
   5.300   -0.421845E-01
   5.350   -0.377027E-01
   5.400   -0.334011E-01
   5.450   -0.292185E-01
   5.500   -0.250686E-01
   5.550   -0.208590E-01
   5.600   -0.165107E-01
   5.650   -0.119750E-01
   5.700   -0.724396E-02
   5.750   -0.235190E-02
   5.800    0.263224E-02
   5.850    0.761971E-02
   5.900    0.125210E-01
   5.950    0.172652E-01
   6.000    0.218145E-01
   6.050    0.261729E-01
   6.100    0.303848E-01
   6.150    0.345259E-01
   6.200    0.386869E-01
   6.250    0.429548E-01
   6.300    0.473945E-01
   6.350    0.520353E-01
   6.400    0.568651E-01
   6.450    0.618325E-01
   6.500    0.668581E-01
   6.550    0.718505E-01
   6.600    0.767253E-01
   6.650    0.814226E-01
   6.700    0.859185E-01
   6.750    0.902306E-01
   6.800    0.944138E-01
   6.850    0.985489E-01
   6.900    0.102727    
   6.950    0.107028    
   7.000    0.111510    
   7.050    0.116191    
   7.100    0.121050    
   7.150    0.126030    
   7.200    0.131047    
   7.250    0.136012    
   7.300    0.140841    
   7.350    0.145479    
   7.400    0.149905    
   7.450    0.154139    
   7.500    0.158237    
   7.550    0.162279    
   7.600    0.166355    
   7.650    0.170544    
   7.700    0.174903    
   7.750    0.179454    
   7.800    0.184178    
   7.850    0.189020    
   7.900    0.193902    
   7.950    0.198733    
   8.000    0.203428    
   8.050    0.207926    
   8.100    0.212198    
   8.150    0.216254    
   8.200    0.220139    
   8.250    0.223928    
   8.300    0.227708    
   8.350    0.231562    
   8.400    0.235557    
   8.450    0.239728    
   8.500    0.244072    
   8.550    0.248552    
   8.600    0.253099    
   8.650    0.257626    
   8.700    0.262045    
   8.750    0.266281    
   8.800    0.270285    
   8.850    0.274043    
   8.900    0.277578    
   8.950    0.280946    
   9.000    0.284224    
   9.050    0.287500    
   9.100    0.290853    
   9.150    0.294342    
   9.200    0.297997    
   9.250    0.301810    
   9.300    0.305738    
   9.350    0.309713    
   9.400    0.313648    
   9.450    0.317456    
   9.500    0.321064    
   9.550    0.324422    
   9.600    0.327512    
   9.650    0.330355    
   9.700    0.332999    
   9.750    0.335518    
   9.800    0.337998    
   9.850    0.340520    
   9.900    0.343149    
   9.950    0.345925    
  10.000    0.348854    
  10.050    0.351907    
  10.100    0.355028    
  10.150    0.358138    
  10.200    0.361151    
  10.250    0.363985    
  10.300    0.366577    
  10.350    0.368888    
  10.400    0.370913    
  10.450    0.372679    
  10.500    0.374243    
  10.550    0.375679    
  10.600    0.377071    
  10.650    0.378498    
  10.700    0.380024    
  10.750    0.381686    
  10.800    0.383492    
  10.850    0.385418    
  10.900    0.387411    
  10.950    0.389397    
  11.000    0.391293    
  11.050    0.393018    
  11.100    0.394502    
  11.150    0.395697    
  11.200    0.396585    
  11.250    0.397179    
  11.300    0.397518    
  11.350    0.397667    
  11.400    0.397704    
  11.450    0.397710    
  11.500    0.397759    
  11.550    0.397911    
  11.600    0.398197    
  11.650    0.398624    
  11.700    0.399165    
  11.750    0.399773    
  11.800    0.400377    
  11.850    0.400897    
  11.900    0.401254    
  11.950    0.401375    
  12.000    0.401208    
  12.050    0.400722    
  12.100    0.399915    
  12.150    0.398814    
  12.200    0.397466    
  12.250    0.395939    
  12.300    0.394312    
  12.350    0.392663    
  12.400    0.391063    
  12.450    0.389567    
  12.500    0.388210    
  12.550    0.386999    
  12.600    0.385918    
  12.650    0.384924    
  12.700    0.383958    
  12.750    0.382946    
  12.800    0.381811    
  12.850    0.380478    
  12.900    0.378883    
  12.950    0.376982    
  13.000    0.374749    
  13.050    0.372185    
  13.100    0.369313    
  13.150    0.366178    
  13.200    0.362841    
  13.250    0.359375    
  13.300    0.355856    
  13.350    0.352358    
  13.400    0.348943    
  13.450    0.345659    
  13.500    0.342536    
  13.550    0.339579    
  13.600    0.336775    
  13.650    0.334088    
  13.700    0.331466    
  13.750    0.328843    
  13.800    0.326150    
  13.850    0.323313    
  13.900    0.320266    
  13.950    0.316950    
  14.000    0.313324    
  14.050    0.309362    
  14.100    0.305060    
  14.150    0.300430    
  14.200    0.295504    
  14.250    0.290331    
  14.300    0.284969    
  14.350    0.279488    
  14.400    0.273958    
  14.450    0.268448    
  14.500    0.263022    
  14.550    0.257735    
  14.600    0.252626    
  14.650    0.247722    
  14.700    0.243033    
  14.750    0.238551    
  14.800    0.234255    
  14.850    0.230107    
  14.900    0.226060    
  14.950    0.222056    
  15.000    0.218035    
  15.050    0.213930    
  15.100    0.209680    
  15.150    0.205226    
  15.200    0.200516    
  15.250    0.195509    
  15.300    0.190171    
  15.350    0.184486    
  15.400    0.178445    
  15.450    0.172055    
  15.500    0.165333    
  15.550    0.158310    
  15.600    0.151022    
  15.650    0.143516    
  15.700    0.135844    
  15.750    0.128064    
  15.800    0.120233    
  15.850    0.112412    
  15.900    0.104659    
  15.950    0.970282E-01
  16.000    0.895726E-01
  16.050    0.823387E-01
  16.100    0.753677E-01
  16.150    0.686946E-01
  16.200    0.623479E-01
  16.250    0.563496E-01
  16.300    0.507154E-01
  16.350    0.454548E-01
  16.400    0.405717E-01
  16.450    0.360647E-01
  16.500    0.319282E-01
  16.550    0.281521E-01
  16.600    0.247234E-01
  16.650    0.216262E-01
  16.700    0.188428E-01
  16.750    0.163538E-01
  16.800    0.141388E-01
  16.850    0.121772E-01
  16.900    0.104480E-01
  16.950    0.893082E-02
  17.000    0.760561E-02
  17.050    0.645322E-02
  17.100    0.545550E-02
  17.150    0.459540E-02
  17.200    0.385705E-02
  17.250    0.322587E-02
  17.300    0.268850E-02
  17.350    0.223285E-02
  17.400    0.184803E-02
  17.450    0.152431E-02
  17.500    0.125303E-02
  17.550    0.102657E-02
  17.600    0.838234E-03
  17.650    0.682191E-03
  17.700    0.553377E-03
  17.750    0.447427E-03
  17.800    0.360596E-03
  17.850    0.289687E-03
  17.900    0.231983E-03
  17.950    0.185188E-03
  18.000    0.147370E-03
  18.050    0.116911E-03
  18.100    0.924623E-04
  18.150    0.729024E-04
  18.200    0.573058E-04
  18.250    0.449101E-04
  18.300    0.350903E-04
  18.350    0.273360E-04
  18.400    0.212324E-04
  18.450    0.164432E-04
  18.500    0.126971E-04
  18.550    0.977607E-05
  18.600    0.750534E-05
  18.650    0.574555E-05
  18.700    0.438587E-05
  18.750    0.333849E-05
  18.800    0.253409E-05
  18.850    0.191814E-05
  18.900    0.144786E-05
  18.950    0.108987E-05
  19.000    0.818138E-06
  19.050    0.612477E-06
  19.100    0.457268E-06
  19.150    0.340468E-06
  19.200    0.252821E-06
  19.250    0.187234E-06
  19.300    0.138293E-06
  19.350    0.101874E-06
  19.400    0.748478E-07
  19.450    0.548473E-07
  19.500    0.400863E-07
  19.550    0.292218E-07
  19.600    0.212468E-07
  19.650    0.154085E-07
  19.700    0.111459E-07
  19.750    0.804188E-08
  19.800    0.578758E-08
  19.850    0.415467E-08
  19.900    0.297496E-08
  19.950    0.212489E-08
  20.000    0.151393E-08
  20.050    0.107595E-08
  20.100    0.762786E-09
  20.150    0.539437E-09
  20.200    0.380549E-09
  20.250    0.267804E-09
  20.300    0.188002E-09
  20.350    0.131659E-09
  20.400    0.919791E-10
  20.450    0.641030E-10
  20.500    0.445680E-10
  20.550    0.309121E-10
  20.600    0.213893E-10
  20.650    0.147649E-10
  20.700    0.101680E-10
  20.750    0.698577E-11
  20.800    0.478818E-11
  20.850    0.327422E-11
  20.900    0.223372E-11
  20.950    0.152033E-11
  21.000    0.103238E-11
  21.050    0.699410E-12
  21.100    0.472740E-12
  21.150    0.318797E-12
  21.200    0.214491E-12
  21.250    0.143983E-12
  21.300    0.964318E-13
  21.350    0.644382E-13
  21.400    0.429617E-13
  21.450    0.285784E-13
  21.500    0.189677E-13
  21.550    0.125608E-13
  21.600    0.829934E-14
  21.650    0.547143E-14
  21.700    0.359906E-14
  21.750    0.236217E-14
  21.800    0.154693E-14
  21.850    0.101081E-14
  21.900    0.659042E-15
  21.950    0.428745E-15
  22.000    0.278312E-15
  22.050    0.180267E-15
  22.100    0.116506E-15
  22.150    0.751344E-16
  22.200    0.483487E-16
  22.250    0.310448E-16
  22.300    0.198909E-16
  22.350    0.127169E-16
  22.400    0.811291E-17
  22.450    0.516462E-17
  22.500    0.328073E-17
  22.550    0.207957E-17
  22.600    0.131538E-17
  22.650    0.830244E-18
  22.700    0.522923E-18
  22.750    0.328663E-18
  22.800    0.206132E-18
  22.850    0.129010E-18
  22.900    0.805728E-19
  22.950    0.502159E-19
  23.000    0.312309E-19
  23.050    0.193829E-19
  23.100    0.120046E-19
  23.150    0.741944E-20
  23.200    0.457607E-20
  23.250    0.281652E-20
  23.300    0.172995E-20
  23.350    0.106037E-20
  23.400    0.648614E-21
  23.450    0.395932E-21
  23.500    0.241192E-21
  23.550    0.146627E-21
  23.600    0.889563E-22
  23.650    0.538582E-22
  23.700    0.325418E-22
  23.750    0.196222E-22
  23.800    0.118078E-22
  23.850    0.709108E-23
  23.900    0.424986E-23
  23.950    0.254191E-23
  24.000    0.151729E-23
  24.050    0.903862E-24
  24.100    0.537356E-24
  24.150    0.318824E-24
  24.200    0.188786E-24
  24.250    0.111562E-24
  24.300    0.657959E-25
  24.350    0.387270E-25
  24.400    0.227491E-25
  24.450    0.133368E-25
  24.500    0.780326E-26
  24.550    0.455659E-26
  24.600    0.265549E-26
  24.650    0.154451E-26
  24.700    0.896564E-27
  24.750    0.519416E-27
  24.800    0.300328E-27
  24.850    0.173310E-27
  24.900    0.998156E-28
  24.950    0.573751E-28
  25.000    0.329154E-28
  25.050    0.188463E-28
  25.100    0.107698E-28
  25.150    0.614247E-29
  25.200    0.349650E-29
  25.250    0.198647E-29
  25.300    0.112639E-29
  25.350    0.637458E-30
  25.400    0.360061E-30
  25.450    0.202984E-30
  25.500    0.114212E-30
  25.550    0.641392E-31
  25.600    0.359501E-31
  25.650    0.201114E-31
  25.700    0.112293E-31
  25.750    0.625790E-32
  25.800    0.348076E-32
  25.850    0.193237E-32
  25.900    0.107072E-32
  25.950    0.592156E-33
  26.000    0.326865E-33
  26.050    0.180084E-33
  26.100    0.990273E-34
  26.150    0.543516E-34
  26.200    0.297746E-34
  26.250    0.162801E-34
  26.300    0.888482E-35
  26.350    0.483971E-35
  26.400    0.263130E-35
  26.450    0.142792E-35
  26.500    0.773429E-36
  26.550    0.418138E-36
  26.600    0.225634E-36
  26.650    0.121527E-36
  26.700    0.653326E-37
  26.750    0.350569E-37
  26.800    0.187761E-37
  26.850    0.100375E-37
  26.900    0.535593E-38
  26.950    0.285256E-38
  27.000    0.151645E-38
  27.050    0.804661E-39
  27.100    0.426178E-39
  27.150    0.225301E-39
  27.200    0.118886E-39
  27.250    0.626171E-40
  27.300    0.329194E-40
  27.350    0.172746E-40
  27.400    0.904822E-41
  27.450    0.473061E-41
  27.500    0.246871E-41
  27.550    0.128595E-41
  27.600    0.668620E-42
  27.650    0.347006E-42
  27.700    0.179761E-42
  27.750    0.929523E-43
  27.800    0.479764E-43
  27.850    0.247173E-43
  27.900    0.127110E-43
  27.950    0.652476E-44
  28.000    0.334316E-44
  28.050    0.170985E-44
  28.100    0.872903E-45
  28.150    0.444820E-45
  28.200    0.226263E-45
  28.250    0.114882E-45
  28.300    0.582240E-46
  28.350    0.294554E-46
  28.400    0.148744E-46
  28.450    0.749773E-47
  28.500    0.377253E-47
  28.550    0.189475E-47
  28.600    0.949914E-48
  28.650    0.475372E-48
  28.700    0.237465E-48
  28.750    0.118409E-48
  28.800    0.589368E-49
  28.850    0.292824E-49
  28.900    0.145227E-49
  28.950    0.718964E-50
  29.000    0.355294E-50
  29.050    0.175263E-50
  29.100    0.863006E-51
  29.150    0.424190E-51
  29.200    0.208127E-51
  29.250    0.101935E-51
  29.300    0.498356E-52
  29.350    0.243210E-52
  29.400    0.118481E-52
  29.450    0.576159E-53
  29.500    0.279680E-53
  29.550    0.135522E-53
  29.600    0.655517E-54
  29.650    0.316510E-54
  29.700    0.152553E-54
  29.750    0.733974E-55
  29.800    0.352511E-55
  29.850    0.169003E-55
  29.900    0.808812E-56
  29.950    0.386395E-56
  30.000    0.184268E-56
  30.050    0.877199E-57
  30.100    0.416851E-57
  30.150    0.197741E-57
  30.200    0.936372E-58
  30.250    0.442623E-58
  30.300    0.208860E-58
  30.350    0.983810E-59
  30.400    0.462599E-59
  30.450    0.217137E-59
  30.500    0.101742E-59
  30.550    0.475890E-60
  30.600    0.222203E-60
  30.650    0.103570E-60
  30.700    0.481896E-61
  30.750    0.223828E-61
  30.800    0.103781E-61
  30.850    0.480352E-62
  30.900    0.221944E-62
  30.950    0.102369E-62
  31.000    0.471342E-63
  31.050    0.216644E-63
  31.100    0.994031E-64
  31.150    0.455300E-64
  31.200    0.208180E-64
  31.250    0.950220E-65
  31.300    0.432967E-65
  31.350    0.196939E-65
  31.400    0.894237E-66
  31.450    0.405341E-66
  31.500    0.183415E-66
  31.550    0.828511E-67
  31.600    0.373601E-67
  31.650    0.168177E-67
  31.700    0.755740E-68
  31.750    0.339022E-68
  31.800    0.151821E-68
  31.850    0.678714E-69
  31.900    0.302894E-69
  31.950    0.134942E-69
  32.000    0.600140E-70
  32.050    0.266447E-70
  32.100    0.118092E-70
  32.150    0.522494E-71
  32.200    0.230779E-71
  32.250    0.101757E-71
  32.300    0.447903E-72
  32.350    0.196815E-72
  32.400    0.863353E-73
  32.450    0.378070E-73
  32.500    0.165276E-73
  32.550    0.721282E-74
  32.600    0.314235E-74
  32.650    0.136666E-74
  32.700    0.593367E-75
  32.750    0.257184E-75
  32.800    0.111281E-75
  32.850    0.480679E-76
  32.900    0.207275E-76
  32.950    0.892275E-77
  33.000    0.383450E-77
  33.050    0.164505E-77
  33.100    0.704541E-78
  33.150    0.301228E-78
  33.200    0.128571E-78
  33.250    0.547839E-79
  33.300    0.233036E-79
  33.350    0.989590E-80
  33.400    0.419516E-80
  33.450    0.177543E-80
  33.500    0.750105E-81
  33.550    0.316375E-81
  33.600    0.133213E-81
  33.650    0.559955E-82
  33.700    0.234976E-82
  33.750    0.984370E-83
  33.800    0.411678E-83
  33.850    0.171878E-83
  33.900    0.716391E-84
  33.950    0.298088E-84
  34.000    0.123824E-84
  34.050    0.513488E-85
  34.100    0.212580E-85
  34.150    0.878582E-86
  34.200    0.362500E-86
  34.250    0.149314E-86
  34.300    0.613992E-87
  34.350    0.252053E-87
  34.400    0.103297E-87
  34.450    0.422625E-88
  34.500    0.172620E-88
  34.550    0.703873E-89
  34.600    0.286528E-89
  34.650    0.116442E-89
  34.700    0.472416E-90
  34.750    0.191341E-90
  34.800    0.773683E-91
  34.850    0.312312E-91
  34.900    0.125859E-91
  34.950    0.506354E-92
  35.000    0.203373E-92
  35.050    0.815468E-93
  35.100    0.326431E-93
  35.150    0.130452E-93
  35.200    0.520452E-94
  35.250    0.207293E-94
  35.300    0.824257E-95
  35.350    0.327201E-95
  35.400    0.129670E-95
  35.450    0.513028E-96
  35.500    0.202636E-96
  35.550    0.799036E-97
  35.600    0.314551E-97
  35.650    0.123621E-97
  35.700    0.485031E-98
  35.750    0.189986E-98
  35.800    0.742937E-99
  35.850    0.290040E-99
  35.900    0.113042E-99
  35.950    0.439846-100
  36.000    0.170859-100
  36.050    0.662603-101
  36.100    0.256535-101
  36.150    0.991558-102
  36.200    0.382620-102
  36.250    0.147400-102
  36.300    0.566897-103
  36.350    0.217666-103
  36.400    0.834367-104
  36.450    0.319303-104
  36.500    0.121991-104
  36.550    0.465303-105
  36.600    0.177183-105
  36.650    0.673581-106
  36.700    0.255646-106
  36.750    0.968654-107
  36.800    0.366420-107
  36.850    0.138380-107
  36.900    0.521732-108
  36.950    0.196383-108
  37.000    0.737980-109
  37.050    0.276864-109
  37.100    0.103698-109
  37.150    0.387757-110
  37.200    0.144754-110
  37.250    0.539495-111
  37.300    0.200736-111
  37.350    0.745675-112
  37.400    0.276539-112
  37.450    0.102388-112
  37.500    0.378465-113
  37.550    0.139665-113
  37.600    0.514558-114
  37.650    0.189264-114
  37.700    0.695000-115
  37.750    0.254794-115
  37.800    0.932565-116
  37.850    0.340765-116
  37.900    0.124313-116
  37.950    0.452760-117
  38.000    0.164628-117
  38.050    0.597624-118
  38.100    0.216590-118
  38.150    0.783678-119
  38.200    0.283090-119
  38.250    0.102094-119
  38.300    0.367588-120
  38.350    0.132133-120
  38.400    0.474190-121
  38.450    0.169895-121
  38.500    0.607713-122
  38.550    0.217023-122
  38.600    0.773753-123
  38.650    0.275416-123
  38.700    0.978734-124
  38.750    0.347241-124
  38.800    0.122995-124
  38.850    0.434945-125
  38.900    0.153558-125
  38.950    0.541253-126
  39.000    0.190467-126
  39.050    0.669160-127
  39.100    0.234710-127
  39.150    0.821914-128
  39.200    0.287351-128
  39.250    0.100297-128
  39.300    0.349510-129
  39.350    0.121597-129
  39.400    0.422355-130
  39.450    0.146462-130
  39.500    0.507067-131
  39.550    0.175267-131
  39.600    0.604821-132
  39.650    0.208376-132
  39.700    0.716741-133
  39.750    0.246134-133
  39.800    0.843866-134
  39.850    0.288849-134
  39.900    0.987101-135
  39.950    0.336781-135
  40.000    0.114717-135
  40.050    0.390125-136
  40.100    0.132457-136
  40.150    0.448995-137
  40.200    0.151951-137
  40.250    0.513406-138
  40.300    0.173186-138
  40.350    0.583262-139
  40.400    0.196114-139
  40.450    0.658341-140
  40.500    0.220643-140
  40.550    0.738287-141
  40.600    0.246636-141
  40.650    0.822596-142
  40.700    0.273913-142
  40.750    0.910620-143
  40.800    0.302245-143
  40.850    0.100156-143
  40.900    0.331356-144
  40.950    0.109449-144
  41.000    0.360931-145
  41.050    0.118833-145
  41.100    0.390613-146
  41.150    0.128190-146
  41.200    0.420014-147
  41.250    0.137395-147
  41.300    0.448722-148
  41.350    0.146313-148
  41.400    0.476309-149
  41.450    0.154808-149
  41.500    0.502341-150
  41.550    0.162743-150
  41.600    0.526391-151
  41.650    0.169986-151
  41.700    0.548049-152
  41.750    0.176411-152
  41.800    0.566934-153
  41.850    0.181903-153
  41.900    0.582707-154
  41.950    0.186363-154
  42.000    0.595076-155
  42.050    0.189708-155
  42.100    0.603811-156
  42.150    0.191875-156
  42.200    0.608747-157
  42.250    0.192822-157
  42.300    0.609791-158
  42.350    0.192534-158
  42.400    0.606924-159
  42.450    0.191014-159
  42.500    0.600205-160
  42.550    0.188294-160
  42.600    0.589761-161
  42.650    0.184425-161
  42.700    0.575793-162
  42.750    0.179480-162
  42.800    0.558561-163
  42.850    0.173551-163
  42.900    0.538382-164
  42.950    0.166746-164
  43.000    0.515616-165
  43.050    0.159185-165
  43.100    0.490660-166
  43.150    0.150996-166
  43.200    0.463931-167
  43.250    0.142314-167
  43.300    0.435859-168
  43.350    0.133275-168
  43.400    0.406873-169
  43.450    0.124015-169
  43.500    0.377394-170
  43.550    0.114662-170
  43.600    0.347819-171
  43.650    0.105340-171
  43.700    0.318519-172
  43.750    0.961582-173
  43.800    0.289830-173
  43.850    0.872182-174
  43.900    0.262046-174
  43.950    0.786058-175
  44.000    0.235418-175
  44.050    0.703931-176
  44.100    0.210150-176
  44.150    0.626375-177
  44.200    0.186401-177
  44.250    0.553819-178
  44.300    0.164285-178
  44.350    0.486556-179
  44.400    0.143872-179
  44.450    0.424746-180
  44.500    0.125196-180
  44.550    0.368433-181
  44.600    0.108252-181
  44.650    0.317557-182
  44.700    0.930072-183
  44.750    0.271969-183
  44.800    0.794021-184
  44.850    0.231448-184
  44.900    0.673572-185
  44.950    0.195715-185
  45.000    0.567771-186
  45.050    0.164449-186
  45.100    0.475554-187
  45.150    0.137302-187
  45.200    0.395791-188
  45.250    0.113911-188
  45.300    0.327320-189
  45.350    0.939054-190
  45.400    0.268980-190
  45.450    0.769234-191
  45.500    0.219638-191
  45.550    0.626136-192
  45.600    0.178213-192
  45.650    0.506433-193
  45.700    0.143686-193
  45.750    0.407023-194
  45.800    0.115116-194
  45.850    0.325058-195
  45.900    0.916431-196
  45.950    0.257958-196
  46.000    0.724956-197
  46.050    0.203416-197
  46.100    0.569863-198
  46.150    0.159392-198
  46.200    0.445120-199
  46.250    0.124108-199
  46.300    0.345488-200
  46.350    0.960239-201
  46.400    0.266464-201
  46.450    0.738261-202
  46.500    0.204218-202
  46.550    0.564016-203
  46.600    0.155526-203
  46.650    0.428179-204
  46.700    0.117696-204
  46.750    0.323007-205
  46.800    0.885065-206
  46.850    0.242132-206
  46.900    0.661367-207
  46.950    0.180363-207
  47.000    0.491094-208
  47.050    0.133505-208
  47.100    0.362362-209
  47.150    0.981980-210
  47.200    0.265691-210
  47.250    0.717737-211
  47.300    0.193583-211
  47.350    0.521298-212
  47.400    0.140158-212
  47.450    0.376240-213
  47.500    0.100838-213
  47.550    0.269838-214
  47.600    0.720932-215
  47.650    0.192310-215
  47.700    0.512180-216
  47.750    0.136195-216
  47.800    0.361587-217
  47.850    0.958475-218
  47.900    0.253667-218
  47.950    0.670291-219
  48.000    0.176839-219
  48.050    0.465811-220
  48.100    0.122506-220
  48.150    0.321677-221
  48.200    0.843333-222
  48.250    0.220747-222
  48.300    0.576908-223
  48.350    0.150534-223
  48.400    0.392174-224
  48.450    0.102010-224
  48.500    0.264923-225
  48.550    0.686932-226
  48.600    0.177838-226
  48.650    0.459679-227
  48.700    0.118632-227
  48.750    0.305678-228
  48.800    0.786401-229
  48.850    0.201996-229
  48.900    0.518032-230
  48.950    0.132645-230
  49.000    0.339110-231
  49.050    0.865582-232
  49.100    0.220594-232
  49.150    0.561303-233
  49.200    0.142600-233
  49.250    0.361709-234
  49.300    0.916045-235
  49.350    0.231629-235
  49.400    0.584773-236
  49.450    0.147401-236
  49.500    0.370964-237
  49.550    0.932142-238
  49.600    0.233857-238
  49.650    0.585785-239
  49.700    0.146502-239
  49.750    0.365821-240
  49.800    0.912044-241
  49.850    0.227027-241
  49.900    0.564171-242
  49.950    0.139898-242
  50.000    0.347114-243
  50.050    0.873621-244
  50.100    0.204163-244
  50.150    0.372951-245
  50.200     0.00000    
  50.250     0.00000    
  50.300     0.00000    
  50.350     0.00000    
  50.400     0.00000    
  50.450     0.00000    
  50.500     0.00000    
  50.550     0.00000    
  50.600     0.00000    
  50.650     0.00000    
  50.700     0.00000    
  50.750     0.00000    
  50.800     0.00000    
  50.850     0.00000    
  50.900     0.00000    
  50.950     0.00000    
  51.000     0.00000    
  51.050     0.00000    
  51.100     0.00000    
  51.150     0.00000    
  51.200     0.00000    
  51.250     0.00000    
  51.300     0.00000    
  51.350     0.00000    
  51.400     0.00000    
  51.450     0.00000    
  51.500     0.00000    
  51.550     0.00000    
  51.600     0.00000    
  51.650     0.00000    
  51.700     0.00000    
  51.750     0.00000    
  51.800     0.00000    
  51.850     0.00000    
  51.900     0.00000    
  51.950     0.00000    
  52.000     0.00000    
  52.050     0.00000    
  52.100     0.00000    
  52.150     0.00000    
  52.200     0.00000    
  52.250     0.00000    
  52.300     0.00000    
  52.350     0.00000    
  52.400     0.00000    
  52.450     0.00000    
  52.500     0.00000    
  52.550     0.00000    
  52.600     0.00000    
  52.650     0.00000    
  52.700     0.00000    
  52.750     0.00000    
  52.800     0.00000    
  52.850     0.00000    
  52.900     0.00000    
  52.950     0.00000    
  53.000     0.00000    
  53.050     0.00000    
  53.100     0.00000    
  53.150     0.00000    
  53.200     0.00000    
  53.250     0.00000    
  53.300     0.00000    
  53.350     0.00000    
  53.400     0.00000    
  53.450     0.00000    
  53.500     0.00000    
  53.550     0.00000    
  53.600     0.00000    
  53.650     0.00000    
  53.700     0.00000    
  53.750     0.00000    
  53.800     0.00000    
  53.850     0.00000    
  53.900     0.00000    
  53.950     0.00000    
  54.000     0.00000    
  54.050     0.00000    
  54.100     0.00000    
  54.150     0.00000    
  54.200     0.00000    
  54.250     0.00000    
  54.300     0.00000    
  54.350     0.00000    
  54.400     0.00000    
  54.450     0.00000    
  54.500     0.00000    
  54.550     0.00000    
  54.600     0.00000    
  54.650     0.00000    
  54.700     0.00000    
  54.750     0.00000    
  54.800     0.00000    
  54.850     0.00000    
  54.900     0.00000    
  54.950     0.00000    
  55.000     0.00000    
  55.050     0.00000    
  55.100     0.00000    
  55.150     0.00000    
  55.200     0.00000    
  55.250     0.00000    
  55.300     0.00000    
  55.350     0.00000    
  55.400     0.00000    
  55.450     0.00000    
  55.500     0.00000    
  55.550     0.00000    
  55.600     0.00000    
  55.650     0.00000    
  55.700     0.00000    
  55.750     0.00000    
  55.800     0.00000    
  55.850     0.00000    
  55.900     0.00000    
  55.950     0.00000    
  56.000     0.00000    
  56.050     0.00000    
  56.100     0.00000    
  56.150     0.00000    
  56.200     0.00000    
  56.250     0.00000    
  56.300     0.00000    
  56.350     0.00000    
  56.400     0.00000    
  56.450     0.00000    
  56.500     0.00000    
  56.550     0.00000    
  56.600     0.00000    
  56.650     0.00000    
  56.700     0.00000    
  56.750     0.00000    
  56.800     0.00000    
  56.850     0.00000    
  56.900     0.00000    
  56.950     0.00000    
  57.000     0.00000    
  57.050     0.00000    
  57.100     0.00000    
  57.150     0.00000    
  57.200     0.00000    
  57.250     0.00000    
  57.300     0.00000    
  57.350     0.00000    
  57.400     0.00000    
  57.450     0.00000    
  57.500     0.00000    
  57.550     0.00000    
  57.600     0.00000    
  57.650     0.00000    
  57.700     0.00000    
  57.750     0.00000    
  57.800     0.00000    
  57.850     0.00000    
  57.900     0.00000    
  57.950     0.00000    
  58.000     0.00000    
  58.050     0.00000    
  58.100     0.00000    
  58.150     0.00000    
  58.200     0.00000    
  58.250     0.00000    
  58.300     0.00000    
  58.350     0.00000    
  58.400     0.00000    
  58.450     0.00000    
  58.500     0.00000    
  58.550     0.00000    
  58.600     0.00000    
  58.650     0.00000    
  58.700     0.00000    
  58.750     0.00000    
  58.800     0.00000    
  58.850     0.00000    
  58.900     0.00000    
  58.950     0.00000    
  59.000     0.00000    
  59.050     0.00000    
  59.100     0.00000    
  59.150     0.00000    
  59.200     0.00000    
  59.250     0.00000    
  59.300     0.00000    
  59.350     0.00000    
  59.400     0.00000    
  59.450     0.00000    
  59.500     0.00000    
  59.550     0.00000    
  59.600     0.00000    
  59.650     0.00000    
  59.700     0.00000    
  59.750     0.00000    
  59.800     0.00000    
  59.850     0.00000    
  59.900     0.00000    
  59.950     0.00000    
 & 
