    0.0000  -19.1002  -19.1002  -19.1002
    0.0500   -9.9447   -9.9447   -9.9447
    0.1000   -5.3910   -5.3910   -5.3910
    0.1500   -3.8957   -3.8957   -3.8957
    0.2000   -3.1663   -3.1663   -3.1663
    0.2500   -2.7444   -2.7444   -2.7444
    0.3000   -2.4771   -2.4771   -2.4771
    0.3500   -2.2991   -2.2991   -2.2991
    0.4000   -2.1776   -2.1776   -2.1776
    0.4500   -2.0946   -2.0946   -2.0946
    0.5000   -2.0391   -2.0391   -2.0391
    0.5500   -2.0044   -2.0044   -2.0044
    0.6000   -1.9857   -1.9857   -1.9857
    0.6500   -1.9801   -1.9801   -1.9801
    0.7000   -1.9853   -1.9853   -1.9853
    0.7500   -1.9995   -1.9995   -1.9995
    0.8000   -2.0217   -2.0217   -2.0217
    0.8500   -2.0507   -2.0507   -2.0507
    0.9000   -2.0860   -2.0860   -2.0860
    0.9500   -2.1269   -2.1269   -2.1269
    1.0000   -2.1729   -2.1729   -2.1729
    1.0500   -2.2235   -2.2235   -2.2235
    1.1000   -2.2783   -2.2783   -2.2783
    1.1500   -2.3370   -2.3370   -2.3370
    1.2000   -2.3992   -2.3992   -2.3992
    1.2500   -2.4645   -2.4645   -2.4645
    1.3000   -2.5325   -2.5325   -2.5325
    1.3500   -2.6029   -2.6029   -2.6029
    1.4000   -2.6751   -2.6751   -2.6751
    1.4500   -2.7488   -2.7488   -2.7488
    1.5000   -2.8234   -2.8234   -2.8234
    1.5500   -2.8984   -2.8984   -2.8984
    1.6000   -2.9732   -2.9732   -2.9732
    1.6500   -3.0471   -3.0471   -3.0471
    1.7000   -3.1195   -3.1195   -3.1195
    1.7500   -3.1897   -3.1897   -3.1897
    1.8000   -3.2569   -3.2569   -3.2569
    1.8500   -3.3203   -3.3203   -3.3203
    1.9000   -3.3792   -3.3792   -3.3792
    1.9500   -3.4328   -3.4328   -3.4328
    2.0000   -3.4803   -3.4803   -3.4803
    2.0500   -3.5208   -3.5208   -3.5208
    2.1000   -3.5538   -3.5538   -3.5538
    2.1500   -3.5786   -3.5786   -3.5786
    2.2000   -3.5944   -3.5944   -3.5944
    2.2500   -3.6009   -3.6009   -3.6009
    2.3000   -3.5976   -3.5976   -3.5976
    2.3500   -3.5842   -3.5842   -3.5842
    2.4000   -3.5605   -3.5605   -3.5605
    2.4500   -3.5266   -3.5266   -3.5266
    2.5000   -3.4825   -3.4825   -3.4825
    2.5500   -3.4285   -3.4285   -3.4285
    2.6000   -3.3649   -3.3649   -3.3649
    2.6500   -3.2922   -3.2922   -3.2922
    2.7000   -3.2112   -3.2112   -3.2112
    2.7500   -3.1224   -3.1224   -3.1224
    2.8000   -3.0268   -3.0268   -3.0268
    2.8500   -2.9252   -2.9252   -2.9252
    2.9000   -2.8185   -2.8185   -2.8185
    2.9500   -2.7078   -2.7078   -2.7078
    3.0000   -2.5939   -2.5939   -2.5939
    3.0500   -2.4778   -2.4778   -2.4778
    3.1000   -2.3605   -2.3605   -2.3605
    3.1500   -2.2428   -2.2428   -2.2428
    3.2000   -2.1255   -2.1255   -2.1255
    3.2500   -2.0094   -2.0094   -2.0094
    3.3000   -1.8952   -1.8952   -1.8952
    3.3500   -1.7835   -1.7835   -1.7835
    3.4000   -1.6747   -1.6747   -1.6747
    3.4500   -1.5694   -1.5694   -1.5694
    3.5000   -1.4678   -1.4678   -1.4678
    3.5500   -1.3703   -1.3703   -1.3703
    3.6000   -1.2771   -1.2771   -1.2771
    3.6500   -1.1883   -1.1883   -1.1883
    3.7000   -1.1039   -1.1039   -1.1039
    3.7500   -1.0241   -1.0241   -1.0241
    3.8000   -0.9487   -0.9487   -0.9487
    3.8500   -0.8778   -0.8778   -0.8778
    3.9000   -0.8113   -0.8113   -0.8113
    3.9500   -0.7490   -0.7490   -0.7490
    4.0000   -0.6907   -0.6907   -0.6907
    4.0500   -0.6364   -0.6364   -0.6364
    4.1000   -0.5859   -0.5859   -0.5859
    4.1500   -0.5389   -0.5389   -0.5389
    4.2000   -0.4953   -0.4953   -0.4953
    4.2500   -0.4550   -0.4550   -0.4550
    4.3000   -0.4176   -0.4176   -0.4176
    4.3500   -0.3831   -0.3831   -0.3831
    4.4000   -0.3513   -0.3513   -0.3513
    4.4500   -0.3220   -0.3220   -0.3220
    4.5000   -0.2949   -0.2949   -0.2949
    4.5500   -0.2701   -0.2701   -0.2701
    4.6000   -0.2472   -0.2472   -0.2472
    4.6500   -0.2262   -0.2262   -0.2262
    4.7000   -0.2070   -0.2070   -0.2070
    4.7500   -0.1893   -0.1893   -0.1893
    4.8000   -0.1730   -0.1730   -0.1730
    4.8500   -0.1582   -0.1582   -0.1582
    4.9000   -0.1446   -0.1446   -0.1446
    4.9500   -0.1321   -0.1321   -0.1321
    5.0000   -0.1207   -0.1207   -0.1207
    5.0500   -0.1103   -0.1103   -0.1103
    5.1000   -0.1007   -0.1007   -0.1007
    5.1500   -0.0920   -0.0920   -0.0920
    5.2000   -0.0840   -0.0840   -0.0840
    5.2500   -0.0767   -0.0767   -0.0767
    5.3000   -0.0700   -0.0700   -0.0700
    5.3500   -0.0639   -0.0639   -0.0639
    5.4000   -0.0584   -0.0584   -0.0584
    5.4500   -0.0533   -0.0533   -0.0533
    5.5000   -0.0486   -0.0486   -0.0486
    5.5500   -0.0444   -0.0444   -0.0444
    5.6000   -0.0405   -0.0405   -0.0405
    5.6500   -0.0370   -0.0370   -0.0370
    5.7000   -0.0338   -0.0338   -0.0338
    5.7500   -0.0308   -0.0308   -0.0308
    5.8000   -0.0281   -0.0281   -0.0281
    5.8500   -0.0257   -0.0257   -0.0257
    5.9000   -0.0235   -0.0235   -0.0235
    5.9500   -0.0214   -0.0214   -0.0214
    6.0000   -0.0195   -0.0195   -0.0195
    6.0500   -0.0178   -0.0178   -0.0178
    6.1000   -0.0163   -0.0163   -0.0163
    6.1500   -0.0149   -0.0149   -0.0149
    6.2000   -0.0136   -0.0136   -0.0136
    6.2500   -0.0124   -0.0124   -0.0124
    6.3000   -0.0113   -0.0113   -0.0113
    6.3500   -0.0103   -0.0103   -0.0103
    6.4000   -0.0094   -0.0094   -0.0094
    6.4500   -0.0086   -0.0086   -0.0086
    6.5000   -0.0079   -0.0079   -0.0079
    6.5500   -0.0072   -0.0072   -0.0072
    6.6000   -0.0066   -0.0066   -0.0066
    6.6500   -0.0060   -0.0060   -0.0060
    6.7000   -0.0055   -0.0055   -0.0055
    6.7500   -0.0050   -0.0050   -0.0050
    6.8000   -0.0046   -0.0046   -0.0046
    6.8500   -0.0042   -0.0042   -0.0042
    6.9000   -0.0038   -0.0038   -0.0038
    6.9500   -0.0035   -0.0035   -0.0035
    7.0000   -0.0032   -0.0032   -0.0032
    7.0500   -0.0029   -0.0029   -0.0029
    7.1000   -0.0027   -0.0027   -0.0027
    7.1500   -0.0024   -0.0024   -0.0024
    7.2000   -0.0022   -0.0022   -0.0022
    7.2500   -0.0020   -0.0020   -0.0020
    7.3000   -0.0019   -0.0019   -0.0019
    7.3500   -0.0017   -0.0017   -0.0017
    7.4000   -0.0015   -0.0015   -0.0015
    7.4500   -0.0014   -0.0014   -0.0014
    7.5000   -0.0013   -0.0013   -0.0013
    7.5500   -0.0012   -0.0012   -0.0012
    7.6000   -0.0011   -0.0011   -0.0011
    7.6500   -0.0010   -0.0010   -0.0010
    7.7000   -0.0009   -0.0009   -0.0009
    7.7500   -0.0008   -0.0008   -0.0008
    7.8000   -0.0008   -0.0008   -0.0008
    7.8500   -0.0007   -0.0007   -0.0007
    7.9000   -0.0006   -0.0006   -0.0006
    7.9500   -0.0006   -0.0006   -0.0006
    8.0000   -0.0005   -0.0005   -0.0005
    8.0500   -0.0005   -0.0005   -0.0005
    8.1000   -0.0004   -0.0004   -0.0004
    8.1500   -0.0004   -0.0004   -0.0004
    8.2000   -0.0004   -0.0004   -0.0004
    8.2500   -0.0003   -0.0003   -0.0003
    8.3000   -0.0003   -0.0003   -0.0003
    8.3500   -0.0003   -0.0003   -0.0003
    8.4000   -0.0003   -0.0003   -0.0003
    8.4500   -0.0002   -0.0002   -0.0002
    8.5000   -0.0002   -0.0002   -0.0002
    8.5500   -0.0002   -0.0002   -0.0002
    8.6000   -0.0002   -0.0002   -0.0002
    8.6500   -0.0002   -0.0002   -0.0002
    8.7000   -0.0002   -0.0002   -0.0002
    8.7500   -0.0001   -0.0001   -0.0001
    8.8000   -0.0001   -0.0001   -0.0001
    8.8500   -0.0001   -0.0001   -0.0001
    8.9000   -0.0001   -0.0001   -0.0001
    8.9500   -0.0001   -0.0001   -0.0001
    9.0000   -0.0001   -0.0001   -0.0001
    9.0500   -0.0001   -0.0001   -0.0001
    9.1000   -0.0001   -0.0001   -0.0001
    9.1500   -0.0001   -0.0001   -0.0001
    9.2000   -0.0001   -0.0001   -0.0001
    9.2500   -0.0001   -0.0001   -0.0001
    9.3000   -0.0001   -0.0001   -0.0001
    9.3500   -0.0000   -0.0000   -0.0000
    9.4000   -0.0000   -0.0000   -0.0000
    9.4500   -0.0000   -0.0000   -0.0000
    9.5000   -0.0000   -0.0000   -0.0000
    9.5500   -0.0000   -0.0000   -0.0000
    9.6000   -0.0000   -0.0000   -0.0000
    9.6500   -0.0000   -0.0000   -0.0000
    9.7000   -0.0000   -0.0000   -0.0000
    9.7500   -0.0000   -0.0000   -0.0000
    9.8000   -0.0000   -0.0000   -0.0000
    9.8500   -0.0000   -0.0000   -0.0000
    9.9000   -0.0000   -0.0000   -0.0000
    9.9500   -0.0000   -0.0000   -0.0000
   10.0000   -0.0000   -0.0000   -0.0000
   10.0500   -0.0000   -0.0000   -0.0000
   10.1000   -0.0000   -0.0000   -0.0000
   10.1500   -0.0000   -0.0000   -0.0000
   10.2000   -0.0000   -0.0000   -0.0000
   10.2500   -0.0000   -0.0000   -0.0000
   10.3000   -0.0000   -0.0000   -0.0000
   10.3500   -0.0000   -0.0000   -0.0000
   10.4000   -0.0000   -0.0000   -0.0000
   10.4500   -0.0000   -0.0000   -0.0000
   10.5000   -0.0000   -0.0000   -0.0000
   10.5500   -0.0000   -0.0000   -0.0000
   10.6000   -0.0000   -0.0000   -0.0000
   10.6500   -0.0000   -0.0000   -0.0000
   10.7000   -0.0000   -0.0000   -0.0000
   10.7500   -0.0000   -0.0000   -0.0000
   10.8000   -0.0000   -0.0000   -0.0000
   10.8500   -0.0000   -0.0000   -0.0000
   10.9000   -0.0000   -0.0000   -0.0000
   10.9500   -0.0000   -0.0000   -0.0000
   11.0000   -0.0000   -0.0000   -0.0000
   11.0500   -0.0000   -0.0000   -0.0000
   11.1000   -0.0000   -0.0000   -0.0000
   11.1500   -0.0000   -0.0000   -0.0000
   11.2000   -0.0000   -0.0000   -0.0000
   11.2500   -0.0000   -0.0000   -0.0000
   11.3000   -0.0000   -0.0000   -0.0000
   11.3500   -0.0000   -0.0000   -0.0000
   11.4000   -0.0000   -0.0000   -0.0000
   11.4500   -0.0000   -0.0000   -0.0000
   11.5000   -0.0000   -0.0000   -0.0000
   11.5500   -0.0000   -0.0000   -0.0000
   11.6000   -0.0000   -0.0000   -0.0000
   11.6500   -0.0000   -0.0000   -0.0000
   11.7000   -0.0000   -0.0000   -0.0000
   11.7500   -0.0000   -0.0000   -0.0000
   11.8000   -0.0000   -0.0000   -0.0000
   11.8500   -0.0000   -0.0000   -0.0000
   11.9000   -0.0000   -0.0000   -0.0000
   11.9500   -0.0000   -0.0000   -0.0000
   12.0000   -0.0000   -0.0000   -0.0000
   12.0500   -0.0000   -0.0000   -0.0000
   12.1000   -0.0000   -0.0000   -0.0000
   12.1500   -0.0000   -0.0000   -0.0000
   12.2000   -0.0000   -0.0000   -0.0000
   12.2500   -0.0000   -0.0000   -0.0000
   12.3000   -0.0000   -0.0000   -0.0000
   12.3500   -0.0000   -0.0000   -0.0000
   12.4000   -0.0000   -0.0000   -0.0000
   12.4500   -0.0000   -0.0000   -0.0000
   12.5000   -0.0000   -0.0000   -0.0000
   12.5500   -0.0000   -0.0000   -0.0000
   12.6000   -0.0000   -0.0000   -0.0000
   12.6500   -0.0000   -0.0000   -0.0000
   12.7000   -0.0000   -0.0000   -0.0000
   12.7500   -0.0000   -0.0000   -0.0000
   12.8000   -0.0000   -0.0000   -0.0000
   12.8500   -0.0000   -0.0000   -0.0000
   12.9000   -0.0000   -0.0000   -0.0000
   12.9500   -0.0000   -0.0000   -0.0000
   13.0000   -0.0000   -0.0000   -0.0000
   13.0500   -0.0000   -0.0000   -0.0000
   13.1000   -0.0000   -0.0000   -0.0000
   13.1500   -0.0000   -0.0000   -0.0000
   13.2000   -0.0000   -0.0000   -0.0000
   13.2500   -0.0000   -0.0000   -0.0000
   13.3000   -0.0000   -0.0000   -0.0000
   13.3500   -0.0000   -0.0000   -0.0000
   13.4000   -0.0000   -0.0000   -0.0000
   13.4500   -0.0000   -0.0000   -0.0000
   13.5000   -0.0000   -0.0000   -0.0000
   13.5500   -0.0000   -0.0000   -0.0000
   13.6000   -0.0000   -0.0000   -0.0000
   13.6500   -0.0000   -0.0000   -0.0000
   13.7000   -0.0000   -0.0000   -0.0000
   13.7500   -0.0000   -0.0000   -0.0000
   13.8000   -0.0000   -0.0000   -0.0000
   13.8500   -0.0000   -0.0000   -0.0000
   13.9000   -0.0000   -0.0000   -0.0000
   13.9500   -0.0000   -0.0000   -0.0000
   14.0000   -0.0000   -0.0000   -0.0000
   14.0500   -0.0000   -0.0000   -0.0000
   14.1000   -0.0000   -0.0000   -0.0000
   14.1500   -0.0000   -0.0000   -0.0000
   14.2000   -0.0000   -0.0000   -0.0000
   14.2500   -0.0000   -0.0000   -0.0000
   14.3000   -0.0000   -0.0000   -0.0000
   14.3500   -0.0000   -0.0000   -0.0000
   14.4000   -0.0000   -0.0000   -0.0000
   14.4500   -0.0000   -0.0000   -0.0000
   14.5000   -0.0000   -0.0000   -0.0000
   14.5500   -0.0000   -0.0000   -0.0000
   14.6000   -0.0000   -0.0000   -0.0000
   14.6500   -0.0000   -0.0000   -0.0000
   14.7000   -0.0000   -0.0000   -0.0000
   14.7500   -0.0000   -0.0000   -0.0000
   14.8000   -0.0000   -0.0000   -0.0000
   14.8500   -0.0000   -0.0000   -0.0000
   14.9000   -0.0000   -0.0000   -0.0000
   14.9500   -0.0000   -0.0000   -0.0000
   15.0000   -0.0000   -0.0000   -0.0000
   15.0500   -0.0000   -0.0000   -0.0000
   15.1000   -0.0000   -0.0000   -0.0000
   15.1500   -0.0000   -0.0000   -0.0000
   15.2000   -0.0000   -0.0000   -0.0000
   15.2500   -0.0000   -0.0000   -0.0000
   15.3000   -0.0000   -0.0000   -0.0000
   15.3500   -0.0000   -0.0000   -0.0000
   15.4000   -0.0000   -0.0000   -0.0000
   15.4500   -0.0000   -0.0000   -0.0000
   15.5000   -0.0000   -0.0000   -0.0000
   15.5500   -0.0000   -0.0000   -0.0000
   15.6000   -0.0000   -0.0000   -0.0000
   15.6500   -0.0000   -0.0000   -0.0000
   15.7000   -0.0000   -0.0000   -0.0000
   15.7500   -0.0000   -0.0000   -0.0000
   15.8000   -0.0000   -0.0000   -0.0000
   15.8500   -0.0000   -0.0000   -0.0000
   15.9000   -0.0000   -0.0000   -0.0000
   15.9500   -0.0000   -0.0000   -0.0000
   16.0000   -0.0000   -0.0000   -0.0000
   16.0500   -0.0000   -0.0000   -0.0000
   16.1000   -0.0000   -0.0000   -0.0000
   16.1500   -0.0000   -0.0000   -0.0000
   16.2000   -0.0000   -0.0000   -0.0000
   16.2500   -0.0000   -0.0000   -0.0000
   16.3000   -0.0000   -0.0000   -0.0000
   16.3500   -0.0000   -0.0000   -0.0000
   16.4000   -0.0000   -0.0000   -0.0000
   16.4500   -0.0000   -0.0000   -0.0000
   16.5000   -0.0000   -0.0000   -0.0000
   16.5500   -0.0000   -0.0000   -0.0000
   16.6000   -0.0000   -0.0000   -0.0000
   16.6500   -0.0000   -0.0000   -0.0000
   16.7000   -0.0000   -0.0000   -0.0000
   16.7500   -0.0000   -0.0000   -0.0000
   16.8000   -0.0000   -0.0000   -0.0000
   16.8500   -0.0000   -0.0000   -0.0000
   16.9000   -0.0000   -0.0000   -0.0000
   16.9500   -0.0000   -0.0000   -0.0000
   17.0000   -0.0000   -0.0000   -0.0000
   17.0500   -0.0000   -0.0000   -0.0000
   17.1000   -0.0000   -0.0000   -0.0000
   17.1500   -0.0000   -0.0000   -0.0000
   17.2000   -0.0000   -0.0000   -0.0000
   17.2500   -0.0000   -0.0000   -0.0000
   17.3000   -0.0000   -0.0000   -0.0000
   17.3500   -0.0000   -0.0000   -0.0000
   17.4000   -0.0000   -0.0000   -0.0000
   17.4500   -0.0000   -0.0000   -0.0000
   17.5000   -0.0000   -0.0000   -0.0000
   17.5500   -0.0000   -0.0000   -0.0000
   17.6000   -0.0000   -0.0000   -0.0000
   17.6500   -0.0000   -0.0000   -0.0000
   17.7000   -0.0000   -0.0000   -0.0000
   17.7500   -0.0000   -0.0000   -0.0000
   17.8000   -0.0000   -0.0000   -0.0000
   17.8500   -0.0000   -0.0000   -0.0000
   17.9000   -0.0000   -0.0000   -0.0000
   17.9500   -0.0000   -0.0000   -0.0000
   18.0000   -0.0000   -0.0000   -0.0000
   18.0500   -0.0000   -0.0000   -0.0000
   18.1000   -0.0000   -0.0000   -0.0000
   18.1500   -0.0000   -0.0000   -0.0000
   18.2000   -0.0000   -0.0000   -0.0000
   18.2500   -0.0000   -0.0000   -0.0000
   18.3000   -0.0000   -0.0000   -0.0000
   18.3500   -0.0000   -0.0000   -0.0000
   18.4000   -0.0000   -0.0000   -0.0000
   18.4500   -0.0000   -0.0000   -0.0000
   18.5000   -0.0000   -0.0000   -0.0000
   18.5500   -0.0000   -0.0000   -0.0000
   18.6000   -0.0000   -0.0000   -0.0000
   18.6500   -0.0000   -0.0000   -0.0000
   18.7000   -0.0000   -0.0000   -0.0000
   18.7500   -0.0000   -0.0000   -0.0000
   18.8000   -0.0000   -0.0000   -0.0000
   18.8500   -0.0000   -0.0000   -0.0000
   18.9000   -0.0000   -0.0000   -0.0000
   18.9500   -0.0000   -0.0000   -0.0000
   19.0000   -0.0000   -0.0000   -0.0000
   19.0500   -0.0000   -0.0000   -0.0000
   19.1000   -0.0000   -0.0000   -0.0000
   19.1500   -0.0000   -0.0000   -0.0000
   19.2000   -0.0000   -0.0000   -0.0000
   19.2500   -0.0000   -0.0000   -0.0000
   19.3000   -0.0000   -0.0000   -0.0000
   19.3500   -0.0000   -0.0000   -0.0000
   19.4000   -0.0000   -0.0000   -0.0000
   19.4500   -0.0000   -0.0000   -0.0000
   19.5000   -0.0000   -0.0000   -0.0000
   19.5500   -0.0000   -0.0000   -0.0000
   19.6000   -0.0000   -0.0000   -0.0000
   19.6500   -0.0000   -0.0000   -0.0000
   19.7000   -0.0000   -0.0000   -0.0000
   19.7500   -0.0000   -0.0000   -0.0000
   19.8000   -0.0000   -0.0000   -0.0000
   19.8500   -0.0000   -0.0000   -0.0000
   19.9000   -0.0000   -0.0000   -0.0000
   19.9500   -0.0000   -0.0000   -0.0000
   20.0000   -0.0000   -0.0000   -0.0000
   20.0500   -0.0000   -0.0000   -0.0000
   20.1000   -0.0000   -0.0000   -0.0000
   20.1500   -0.0000   -0.0000   -0.0000
   20.2000   -0.0000   -0.0000   -0.0000
   20.2500   -0.0000   -0.0000   -0.0000
   20.3000   -0.0000   -0.0000   -0.0000
   20.3500   -0.0000   -0.0000   -0.0000
   20.4000   -0.0000   -0.0000   -0.0000
   20.4500   -0.0000   -0.0000   -0.0000
   20.5000   -0.0000   -0.0000   -0.0000
   20.5500   -0.0000   -0.0000   -0.0000
   20.6000   -0.0000   -0.0000   -0.0000
   20.6500   -0.0000   -0.0000   -0.0000
   20.7000   -0.0000   -0.0000   -0.0000
   20.7500   -0.0000   -0.0000   -0.0000
   20.8000   -0.0000   -0.0000   -0.0000
   20.8500   -0.0000   -0.0000   -0.0000
   20.9000   -0.0000   -0.0000   -0.0000
   20.9500   -0.0000   -0.0000   -0.0000
   21.0000   -0.0000   -0.0000   -0.0000
   21.0500   -0.0000   -0.0000   -0.0000
   21.1000   -0.0000   -0.0000   -0.0000
   21.1500   -0.0000   -0.0000   -0.0000
   21.2000   -0.0000   -0.0000   -0.0000
   21.2500   -0.0000   -0.0000   -0.0000
   21.3000   -0.0000   -0.0000   -0.0000
   21.3500   -0.0000   -0.0000   -0.0000
   21.4000   -0.0000   -0.0000   -0.0000
   21.4500   -0.0000   -0.0000   -0.0000
   21.5000   -0.0000   -0.0000   -0.0000
   21.5500   -0.0000   -0.0000   -0.0000
   21.6000   -0.0000   -0.0000   -0.0000
   21.6500   -0.0000   -0.0000   -0.0000
   21.7000   -0.0000   -0.0000   -0.0000
   21.7500   -0.0000   -0.0000   -0.0000
   21.8000   -0.0000   -0.0000   -0.0000
   21.8500   -0.0000   -0.0000   -0.0000
   21.9000   -0.0000   -0.0000   -0.0000
   21.9500   -0.0000   -0.0000   -0.0000
   22.0000   -0.0000   -0.0000   -0.0000
   22.0500   -0.0000   -0.0000   -0.0000
   22.1000   -0.0000   -0.0000   -0.0000
   22.1500   -0.0000   -0.0000   -0.0000
   22.2000   -0.0000   -0.0000   -0.0000
   22.2500   -0.0000   -0.0000   -0.0000
   22.3000   -0.0000   -0.0000   -0.0000
   22.3500   -0.0000   -0.0000   -0.0000
   22.4000   -0.0000   -0.0000   -0.0000
   22.4500   -0.0000   -0.0000   -0.0000
   22.5000   -0.0000   -0.0000   -0.0000
   22.5500   -0.0000   -0.0000   -0.0000
   22.6000   -0.0000   -0.0000   -0.0000
   22.6500   -0.0000   -0.0000   -0.0000
   22.7000   -0.0000   -0.0000   -0.0000
   22.7500   -0.0000   -0.0000   -0.0000
   22.8000   -0.0000   -0.0000   -0.0000
   22.8500   -0.0000   -0.0000   -0.0000
   22.9000   -0.0000   -0.0000   -0.0000
   22.9500   -0.0000   -0.0000   -0.0000
   23.0000   -0.0000   -0.0000   -0.0000
   23.0500   -0.0000   -0.0000   -0.0000
   23.1000   -0.0000   -0.0000   -0.0000
   23.1500   -0.0000   -0.0000   -0.0000
   23.2000   -0.0000   -0.0000   -0.0000
   23.2500   -0.0000   -0.0000   -0.0000
   23.3000   -0.0000   -0.0000   -0.0000
   23.3500   -0.0000   -0.0000   -0.0000
   23.4000   -0.0000   -0.0000   -0.0000
   23.4500   -0.0000   -0.0000   -0.0000
   23.5000   -0.0000   -0.0000   -0.0000
   23.5500   -0.0000   -0.0000   -0.0000
   23.6000   -0.0000   -0.0000   -0.0000
   23.6500   -0.0000   -0.0000   -0.0000
   23.7000   -0.0000   -0.0000   -0.0000
   23.7500   -0.0000   -0.0000   -0.0000
   23.8000   -0.0000   -0.0000   -0.0000
   23.8500   -0.0000   -0.0000   -0.0000
   23.9000   -0.0000   -0.0000   -0.0000
   23.9500   -0.0000   -0.0000   -0.0000
   24.0000   -0.0000   -0.0000   -0.0000
   24.0500   -0.0000   -0.0000   -0.0000
   24.1000   -0.0000   -0.0000   -0.0000
   24.1500   -0.0000   -0.0000   -0.0000
   24.2000   -0.0000   -0.0000   -0.0000
   24.2500   -0.0000   -0.0000   -0.0000
   24.3000   -0.0000   -0.0000   -0.0000
   24.3500   -0.0000   -0.0000   -0.0000
   24.4000   -0.0000   -0.0000   -0.0000
   24.4500   -0.0000   -0.0000   -0.0000
   24.5000   -0.0000   -0.0000   -0.0000
   24.5500   -0.0000   -0.0000   -0.0000
   24.6000   -0.0000   -0.0000   -0.0000
   24.6500   -0.0000   -0.0000   -0.0000
   24.7000   -0.0000   -0.0000   -0.0000
   24.7500   -0.0000   -0.0000   -0.0000
   24.8000   -0.0000   -0.0000   -0.0000
   24.8500   -0.0000   -0.0000   -0.0000
   24.9000   -0.0000   -0.0000   -0.0000
   24.9500   -0.0000   -0.0000   -0.0000
   25.0000   -0.0000   -0.0000   -0.0000
   25.0500   -0.0000   -0.0000   -0.0000
   25.1000   -0.0000   -0.0000   -0.0000
   25.1500   -0.0000   -0.0000   -0.0000
   25.2000   -0.0000   -0.0000   -0.0000
   25.2500   -0.0000   -0.0000   -0.0000
   25.3000   -0.0000   -0.0000   -0.0000
   25.3500   -0.0000   -0.0000   -0.0000
   25.4000   -0.0000   -0.0000   -0.0000
   25.4500   -0.0000   -0.0000   -0.0000
   25.5000   -0.0000   -0.0000   -0.0000
   25.5500   -0.0000   -0.0000   -0.0000
   25.6000   -0.0000   -0.0000   -0.0000
   25.6500   -0.0000   -0.0000   -0.0000
   25.7000   -0.0000   -0.0000   -0.0000
   25.7500   -0.0000   -0.0000   -0.0000
   25.8000   -0.0000   -0.0000   -0.0000
   25.8500   -0.0000   -0.0000   -0.0000
   25.9000   -0.0000   -0.0000   -0.0000
   25.9500   -0.0000   -0.0000   -0.0000
   26.0000   -0.0000   -0.0000   -0.0000
   26.0500   -0.0000   -0.0000   -0.0000
   26.1000   -0.0000   -0.0000   -0.0000
   26.1500   -0.0000   -0.0000   -0.0000
   26.2000   -0.0000   -0.0000   -0.0000
   26.2500   -0.0000   -0.0000   -0.0000
   26.3000   -0.0000   -0.0000   -0.0000
   26.3500   -0.0000   -0.0000   -0.0000
   26.4000   -0.0000   -0.0000   -0.0000
   26.4500   -0.0000   -0.0000   -0.0000
   26.5000   -0.0000   -0.0000   -0.0000
   26.5500   -0.0000   -0.0000   -0.0000
   26.6000   -0.0000   -0.0000   -0.0000
   26.6500   -0.0000   -0.0000   -0.0000
   26.7000   -0.0000   -0.0000   -0.0000
   26.7500   -0.0000   -0.0000   -0.0000
   26.8000   -0.0000   -0.0000   -0.0000
   26.8500   -0.0000   -0.0000   -0.0000
   26.9000   -0.0000   -0.0000   -0.0000
   26.9500   -0.0000   -0.0000   -0.0000
   27.0000   -0.0000   -0.0000   -0.0000
   27.0500   -0.0000   -0.0000   -0.0000
   27.1000   -0.0000   -0.0000   -0.0000
   27.1500   -0.0000   -0.0000   -0.0000
   27.2000   -0.0000   -0.0000   -0.0000
   27.2500   -0.0000   -0.0000   -0.0000
   27.3000   -0.0000   -0.0000   -0.0000
   27.3500   -0.0000   -0.0000   -0.0000
   27.4000   -0.0000   -0.0000   -0.0000
   27.4500   -0.0000   -0.0000   -0.0000
   27.5000   -0.0000   -0.0000   -0.0000
   27.5500   -0.0000   -0.0000   -0.0000
   27.6000   -0.0000   -0.0000   -0.0000
   27.6500   -0.0000   -0.0000   -0.0000
   27.7000   -0.0000   -0.0000   -0.0000
   27.7500   -0.0000   -0.0000   -0.0000
   27.8000   -0.0000   -0.0000   -0.0000
   27.8500   -0.0000   -0.0000   -0.0000
   27.9000   -0.0000   -0.0000   -0.0000
   27.9500   -0.0000   -0.0000   -0.0000
   28.0000   -0.0000   -0.0000   -0.0000
   28.0500   -0.0000   -0.0000   -0.0000
   28.1000   -0.0000   -0.0000   -0.0000
   28.1500   -0.0000   -0.0000   -0.0000
   28.2000   -0.0000   -0.0000   -0.0000
   28.2500   -0.0000   -0.0000   -0.0000
   28.3000   -0.0000   -0.0000   -0.0000
   28.3500   -0.0000   -0.0000   -0.0000
   28.4000   -0.0000   -0.0000   -0.0000
   28.4500   -0.0000   -0.0000   -0.0000
   28.5000   -0.0000   -0.0000   -0.0000
   28.5500   -0.0000   -0.0000   -0.0000
   28.6000   -0.0000   -0.0000   -0.0000
   28.6500   -0.0000   -0.0000   -0.0000
   28.7000   -0.0000   -0.0000   -0.0000
   28.7500   -0.0000   -0.0000   -0.0000
   28.8000   -0.0000   -0.0000   -0.0000
   28.8500   -0.0000   -0.0000   -0.0000
   28.9000   -0.0000   -0.0000   -0.0000
   28.9500   -0.0000   -0.0000   -0.0000
   29.0000   -0.0000   -0.0000   -0.0000
   29.0500   -0.0000   -0.0000   -0.0000
   29.1000   -0.0000   -0.0000   -0.0000
   29.1500   -0.0000   -0.0000   -0.0000
   29.2000   -0.0000   -0.0000   -0.0000
   29.2500   -0.0000   -0.0000   -0.0000
   29.3000   -0.0000   -0.0000   -0.0000
   29.3500   -0.0000   -0.0000   -0.0000
   29.4000   -0.0000   -0.0000   -0.0000
   29.4500   -0.0000   -0.0000   -0.0000
   29.5000   -0.0000   -0.0000   -0.0000
   29.5500   -0.0000   -0.0000   -0.0000
   29.6000   -0.0000   -0.0000   -0.0000
   29.6500   -0.0000   -0.0000   -0.0000
   29.7000   -0.0000   -0.0000   -0.0000
   29.7500   -0.0000   -0.0000   -0.0000
   29.8000   -0.0000   -0.0000   -0.0000
   29.8500   -0.0000   -0.0000   -0.0000
   29.9000   -0.0000   -0.0000   -0.0000
   29.9500   -0.0000   -0.0000   -0.0000
   30.0000   -0.0000   -0.0000   -0.0000
   30.0500   -0.0000   -0.0000   -0.0000
   30.1000   -0.0000   -0.0000   -0.0000
   30.1500   -0.0000   -0.0000   -0.0000
   30.2000   -0.0000   -0.0000   -0.0000
   30.2500   -0.0000   -0.0000   -0.0000
   30.3000   -0.0000   -0.0000   -0.0000
   30.3500   -0.0000   -0.0000   -0.0000
   30.4000   -0.0000   -0.0000   -0.0000
   30.4500   -0.0000   -0.0000   -0.0000
   30.5000   -0.0000   -0.0000   -0.0000
   30.5500   -0.0000   -0.0000   -0.0000
   30.6000   -0.0000   -0.0000   -0.0000
   30.6500   -0.0000   -0.0000   -0.0000
   30.7000   -0.0000   -0.0000   -0.0000
   30.7500   -0.0000   -0.0000   -0.0000
   30.8000   -0.0000   -0.0000   -0.0000
   30.8500   -0.0000   -0.0000   -0.0000
   30.9000   -0.0000   -0.0000   -0.0000
   30.9500   -0.0000   -0.0000   -0.0000
   31.0000   -0.0000   -0.0000   -0.0000
   31.0500   -0.0000   -0.0000   -0.0000
   31.1000   -0.0000   -0.0000   -0.0000
   31.1500   -0.0000   -0.0000   -0.0000
   31.2000   -0.0000   -0.0000   -0.0000
   31.2500   -0.0000   -0.0000   -0.0000
   31.3000   -0.0000   -0.0000   -0.0000
   31.3500   -0.0000   -0.0000   -0.0000
   31.4000   -0.0000   -0.0000   -0.0000
   31.4500   -0.0000   -0.0000   -0.0000
   31.5000   -0.0000   -0.0000   -0.0000
   31.5500   -0.0000   -0.0000   -0.0000
   31.6000   -0.0000   -0.0000   -0.0000
   31.6500   -0.0000   -0.0000   -0.0000
   31.7000   -0.0000   -0.0000   -0.0000
   31.7500   -0.0000   -0.0000   -0.0000
   31.8000   -0.0000   -0.0000   -0.0000
   31.8500   -0.0000   -0.0000   -0.0000
   31.9000   -0.0000   -0.0000   -0.0000
   31.9500   -0.0000   -0.0000   -0.0000
   32.0000   -0.0000   -0.0000   -0.0000
   32.0500   -0.0000   -0.0000   -0.0000
   32.1000   -0.0000   -0.0000   -0.0000
   32.1500   -0.0000   -0.0000   -0.0000
   32.2000   -0.0000   -0.0000   -0.0000
   32.2500   -0.0000   -0.0000   -0.0000
   32.3000   -0.0000   -0.0000   -0.0000
   32.3500   -0.0000   -0.0000   -0.0000
   32.4000   -0.0000   -0.0000   -0.0000
   32.4500   -0.0000   -0.0000   -0.0000
   32.5000   -0.0000   -0.0000   -0.0000
   32.5500   -0.0000   -0.0000   -0.0000
   32.6000   -0.0000   -0.0000   -0.0000
   32.6500   -0.0000   -0.0000   -0.0000
   32.7000   -0.0000   -0.0000   -0.0000
   32.7500   -0.0000   -0.0000   -0.0000
   32.8000   -0.0000   -0.0000   -0.0000
   32.8500   -0.0000   -0.0000   -0.0000
   32.9000   -0.0000   -0.0000   -0.0000
   32.9500   -0.0000   -0.0000   -0.0000
   33.0000   -0.0000   -0.0000   -0.0000
   33.0500   -0.0000   -0.0000   -0.0000
   33.1000   -0.0000   -0.0000   -0.0000
   33.1500   -0.0000   -0.0000   -0.0000
   33.2000   -0.0000   -0.0000   -0.0000
   33.2500   -0.0000   -0.0000   -0.0000
   33.3000   -0.0000   -0.0000   -0.0000
   33.3500   -0.0000   -0.0000   -0.0000
   33.4000   -0.0000   -0.0000   -0.0000
   33.4500   -0.0000   -0.0000   -0.0000
   33.5000   -0.0000   -0.0000   -0.0000
   33.5500   -0.0000   -0.0000   -0.0000
   33.6000   -0.0000   -0.0000   -0.0000
   33.6500   -0.0000   -0.0000   -0.0000
   33.7000   -0.0000   -0.0000   -0.0000
   33.7500   -0.0000   -0.0000   -0.0000
   33.8000   -0.0000   -0.0000   -0.0000
   33.8500   -0.0000   -0.0000   -0.0000
   33.9000   -0.0000   -0.0000   -0.0000
   33.9500   -0.0000   -0.0000   -0.0000
   34.0000   -0.0000   -0.0000   -0.0000
   34.0500   -0.0000   -0.0000   -0.0000
   34.1000   -0.0000   -0.0000   -0.0000
   34.1500   -0.0000   -0.0000   -0.0000
   34.2000   -0.0000   -0.0000   -0.0000
   34.2500   -0.0000   -0.0000   -0.0000
   34.3000   -0.0000   -0.0000   -0.0000
   34.3500   -0.0000   -0.0000   -0.0000
   34.4000   -0.0000   -0.0000   -0.0000
   34.4500   -0.0000   -0.0000   -0.0000
   34.5000   -0.0000   -0.0000   -0.0000
   34.5500   -0.0000   -0.0000   -0.0000
   34.6000   -0.0000   -0.0000   -0.0000
   34.6500   -0.0000   -0.0000   -0.0000
   34.7000   -0.0000   -0.0000   -0.0000
   34.7500   -0.0000   -0.0000   -0.0000
   34.8000   -0.0000   -0.0000   -0.0000
   34.8500   -0.0000   -0.0000   -0.0000
   34.9000   -0.0000   -0.0000   -0.0000
   34.9500   -0.0000   -0.0000   -0.0000
   35.0000   -0.0000   -0.0000   -0.0000
   35.0500   -0.0000   -0.0000   -0.0000
   35.1000   -0.0000   -0.0000   -0.0000
   35.1500   -0.0000   -0.0000   -0.0000
   35.2000   -0.0000   -0.0000   -0.0000
   35.2500   -0.0000   -0.0000   -0.0000
   35.3000   -0.0000   -0.0000   -0.0000
   35.3500   -0.0000   -0.0000   -0.0000
   35.4000   -0.0000   -0.0000   -0.0000
   35.4500   -0.0000   -0.0000   -0.0000
   35.5000   -0.0000   -0.0000   -0.0000
   35.5500   -0.0000   -0.0000   -0.0000
   35.6000   -0.0000   -0.0000   -0.0000
   35.6500   -0.0000   -0.0000   -0.0000
   35.7000   -0.0000   -0.0000   -0.0000
   35.7500   -0.0000   -0.0000   -0.0000
   35.8000   -0.0000   -0.0000   -0.0000
   35.8500   -0.0000   -0.0000   -0.0000
   35.9000   -0.0000   -0.0000   -0.0000
   35.9500   -0.0000   -0.0000   -0.0000
   36.0000   -0.0000   -0.0000   -0.0000
   36.0500   -0.0000   -0.0000   -0.0000
   36.1000   -0.0000   -0.0000   -0.0000
   36.1500   -0.0000   -0.0000   -0.0000
   36.2000   -0.0000   -0.0000   -0.0000
   36.2500   -0.0000   -0.0000   -0.0000
   36.3000   -0.0000   -0.0000   -0.0000
   36.3500   -0.0000   -0.0000   -0.0000
   36.4000   -0.0000   -0.0000   -0.0000
   36.4500   -0.0000   -0.0000   -0.0000
   36.5000   -0.0000   -0.0000   -0.0000
   36.5500   -0.0000   -0.0000   -0.0000
   36.6000   -0.0000   -0.0000   -0.0000
   36.6500   -0.0000   -0.0000   -0.0000
   36.7000   -0.0000   -0.0000   -0.0000
   36.7500   -0.0000   -0.0000   -0.0000
   36.8000   -0.0000   -0.0000   -0.0000
   36.8500   -0.0000   -0.0000   -0.0000
   36.9000   -0.0000   -0.0000   -0.0000
   36.9500   -0.0000   -0.0000   -0.0000
   37.0000   -0.0000   -0.0000   -0.0000
   37.0500   -0.0000   -0.0000   -0.0000
   37.1000   -0.0000   -0.0000   -0.0000
   37.1500   -0.0000   -0.0000   -0.0000
   37.2000   -0.0000   -0.0000   -0.0000
   37.2500   -0.0000   -0.0000   -0.0000
   37.3000   -0.0000   -0.0000   -0.0000
   37.3500   -0.0000   -0.0000   -0.0000
   37.4000   -0.0000   -0.0000   -0.0000
   37.4500   -0.0000   -0.0000   -0.0000
   37.5000   -0.0000   -0.0000   -0.0000
   37.5500   -0.0000   -0.0000   -0.0000
   37.6000   -0.0000   -0.0000   -0.0000
   37.6500   -0.0000   -0.0000   -0.0000
   37.7000   -0.0000   -0.0000   -0.0000
   37.7500   -0.0000   -0.0000   -0.0000
   37.8000   -0.0000   -0.0000   -0.0000
   37.8500   -0.0000   -0.0000   -0.0000
   37.9000   -0.0000   -0.0000   -0.0000
   37.9500   -0.0000   -0.0000   -0.0000
   38.0000   -0.0000   -0.0000   -0.0000
   38.0500   -0.0000   -0.0000   -0.0000
   38.1000   -0.0000   -0.0000   -0.0000
   38.1500   -0.0000   -0.0000   -0.0000
   38.2000   -0.0000   -0.0000   -0.0000
   38.2500   -0.0000   -0.0000   -0.0000
   38.3000   -0.0000   -0.0000   -0.0000
   38.3500   -0.0000   -0.0000   -0.0000
   38.4000   -0.0000   -0.0000   -0.0000
   38.4500   -0.0000   -0.0000   -0.0000
   38.5000   -0.0000   -0.0000   -0.0000
   38.5500   -0.0000   -0.0000   -0.0000
   38.6000   -0.0000   -0.0000   -0.0000
   38.6500   -0.0000   -0.0000   -0.0000
   38.7000   -0.0000   -0.0000   -0.0000
   38.7500   -0.0000   -0.0000   -0.0000
   38.8000   -0.0000   -0.0000   -0.0000
   38.8500   -0.0000   -0.0000   -0.0000
   38.9000   -0.0000   -0.0000   -0.0000
   38.9500   -0.0000   -0.0000   -0.0000
   39.0000   -0.0000   -0.0000   -0.0000
   39.0500   -0.0000   -0.0000   -0.0000
   39.1000   -0.0000   -0.0000   -0.0000
   39.1500   -0.0000   -0.0000   -0.0000
   39.2000   -0.0000   -0.0000   -0.0000
   39.2500   -0.0000   -0.0000   -0.0000
   39.3000   -0.0000   -0.0000   -0.0000
   39.3500   -0.0000   -0.0000   -0.0000
   39.4000   -0.0000   -0.0000   -0.0000
   39.4500   -0.0000   -0.0000   -0.0000
   39.5000   -0.0000   -0.0000   -0.0000
   39.5500   -0.0000   -0.0000   -0.0000
   39.6000   -0.0000   -0.0000   -0.0000
   39.6500   -0.0000   -0.0000   -0.0000
   39.7000   -0.0000   -0.0000   -0.0000
   39.7500   -0.0000   -0.0000   -0.0000
   39.8000   -0.0000   -0.0000   -0.0000
   39.8500   -0.0000   -0.0000   -0.0000
   39.9000   -0.0000   -0.0000   -0.0000
   39.9500   -0.0000   -0.0000   -0.0000
   40.0000   -0.0000   -0.0000   -0.0000
   40.0500   -0.0000   -0.0000   -0.0000
   40.1000   -0.0000   -0.0000   -0.0000
   40.1500   -0.0000   -0.0000   -0.0000
   40.2000   -0.0000   -0.0000   -0.0000
   40.2500   -0.0000   -0.0000   -0.0000
   40.3000   -0.0000   -0.0000   -0.0000
   40.3500   -0.0000   -0.0000   -0.0000
   40.4000   -0.0000   -0.0000   -0.0000
   40.4500   -0.0000   -0.0000   -0.0000
   40.5000   -0.0000   -0.0000   -0.0000
   40.5500   -0.0000   -0.0000   -0.0000
   40.6000   -0.0000   -0.0000   -0.0000
   40.6500   -0.0000   -0.0000   -0.0000
   40.7000   -0.0000   -0.0000   -0.0000
   40.7500   -0.0000   -0.0000   -0.0000
   40.8000   -0.0000   -0.0000   -0.0000
   40.8500   -0.0000   -0.0000   -0.0000
   40.9000   -0.0000   -0.0000   -0.0000
   40.9500   -0.0000   -0.0000   -0.0000
   41.0000   -0.0000   -0.0000   -0.0000
   41.0500   -0.0000   -0.0000   -0.0000
   41.1000   -0.0000   -0.0000   -0.0000
   41.1500   -0.0000   -0.0000   -0.0000
   41.2000   -0.0000   -0.0000   -0.0000
   41.2500   -0.0000   -0.0000   -0.0000
   41.3000   -0.0000   -0.0000   -0.0000
   41.3500   -0.0000   -0.0000   -0.0000
   41.4000   -0.0000   -0.0000   -0.0000
   41.4500   -0.0000   -0.0000   -0.0000
   41.5000   -0.0000   -0.0000   -0.0000
   41.5500   -0.0000   -0.0000   -0.0000
   41.6000   -0.0000   -0.0000   -0.0000
   41.6500   -0.0000   -0.0000   -0.0000
   41.7000   -0.0000   -0.0000   -0.0000
   41.7500   -0.0000   -0.0000   -0.0000
   41.8000   -0.0000   -0.0000   -0.0000
   41.8500   -0.0000   -0.0000   -0.0000
   41.9000   -0.0000   -0.0000   -0.0000
   41.9500   -0.0000   -0.0000   -0.0000
   42.0000   -0.0000   -0.0000   -0.0000
   42.0500   -0.0000   -0.0000   -0.0000
   42.1000   -0.0000   -0.0000   -0.0000
   42.1500   -0.0000   -0.0000   -0.0000
   42.2000   -0.0000   -0.0000   -0.0000
   42.2500   -0.0000   -0.0000   -0.0000
   42.3000   -0.0000   -0.0000   -0.0000
   42.3500   -0.0000   -0.0000   -0.0000
   42.4000   -0.0000   -0.0000   -0.0000
   42.4500   -0.0000   -0.0000   -0.0000
   42.5000   -0.0000   -0.0000   -0.0000
   42.5500   -0.0000   -0.0000   -0.0000
   42.6000   -0.0000   -0.0000   -0.0000
   42.6500   -0.0000   -0.0000   -0.0000
   42.7000   -0.0000   -0.0000   -0.0000
   42.7500   -0.0000   -0.0000   -0.0000
   42.8000   -0.0000   -0.0000   -0.0000
   42.8500   -0.0000   -0.0000   -0.0000
   42.9000   -0.0000   -0.0000   -0.0000
   42.9500   -0.0000   -0.0000   -0.0000
   43.0000   -0.0000   -0.0000   -0.0000
   43.0500   -0.0000   -0.0000   -0.0000
   43.1000   -0.0000   -0.0000   -0.0000
   43.1500   -0.0000   -0.0000   -0.0000
   43.2000   -0.0000   -0.0000   -0.0000
   43.2500   -0.0000   -0.0000   -0.0000
   43.3000   -0.0000   -0.0000   -0.0000
   43.3500   -0.0000   -0.0000   -0.0000
   43.4000   -0.0000   -0.0000   -0.0000
   43.4500   -0.0000   -0.0000   -0.0000
   43.5000   -0.0000   -0.0000   -0.0000
   43.5500   -0.0000   -0.0000   -0.0000
   43.6000   -0.0000   -0.0000   -0.0000
   43.6500   -0.0000   -0.0000   -0.0000
   43.7000   -0.0000   -0.0000   -0.0000
   43.7500   -0.0000   -0.0000   -0.0000
   43.8000   -0.0000   -0.0000   -0.0000
   43.8500   -0.0000   -0.0000   -0.0000
   43.9000   -0.0000   -0.0000   -0.0000
   43.9500   -0.0000   -0.0000   -0.0000
   44.0000   -0.0000   -0.0000   -0.0000
   44.0500   -0.0000   -0.0000   -0.0000
   44.1000   -0.0000   -0.0000   -0.0000
   44.1500   -0.0000   -0.0000   -0.0000
   44.2000   -0.0000   -0.0000   -0.0000
   44.2500   -0.0000   -0.0000   -0.0000
   44.3000   -0.0000   -0.0000   -0.0000
   44.3500   -0.0000   -0.0000   -0.0000
   44.4000   -0.0000   -0.0000   -0.0000
   44.4500   -0.0000   -0.0000   -0.0000
   44.5000   -0.0000   -0.0000   -0.0000
   44.5500   -0.0000   -0.0000   -0.0000
   44.6000   -0.0000   -0.0000   -0.0000
   44.6500   -0.0000   -0.0000   -0.0000
   44.7000   -0.0000   -0.0000   -0.0000
   44.7500   -0.0000   -0.0000   -0.0000
   44.8000   -0.0000   -0.0000   -0.0000
   44.8500   -0.0000   -0.0000   -0.0000
   44.9000   -0.0000   -0.0000   -0.0000
   44.9500   -0.0000   -0.0000   -0.0000
   45.0000   -0.0000   -0.0000   -0.0000
   45.0500   -0.0000   -0.0000   -0.0000
   45.1000   -0.0000   -0.0000   -0.0000
   45.1500   -0.0000   -0.0000   -0.0000
   45.2000   -0.0000   -0.0000   -0.0000
   45.2500   -0.0000   -0.0000   -0.0000
   45.3000   -0.0000   -0.0000   -0.0000
   45.3500   -0.0000   -0.0000   -0.0000
   45.4000   -0.0000   -0.0000   -0.0000
   45.4500   -0.0000   -0.0000   -0.0000
   45.5000   -0.0000   -0.0000   -0.0000
   45.5500   -0.0000   -0.0000   -0.0000
   45.6000   -0.0000   -0.0000   -0.0000
   45.6500   -0.0000   -0.0000   -0.0000
   45.7000   -0.0000   -0.0000   -0.0000
   45.7500   -0.0000   -0.0000   -0.0000
   45.8000   -0.0000   -0.0000   -0.0000
   45.8500   -0.0000   -0.0000   -0.0000
   45.9000   -0.0000   -0.0000   -0.0000
   45.9500   -0.0000   -0.0000   -0.0000
   46.0000   -0.0000   -0.0000   -0.0000
   46.0500   -0.0000   -0.0000   -0.0000
   46.1000   -0.0000   -0.0000   -0.0000
   46.1500   -0.0000   -0.0000   -0.0000
   46.2000   -0.0000   -0.0000   -0.0000
   46.2500   -0.0000   -0.0000   -0.0000
   46.3000   -0.0000   -0.0000   -0.0000
   46.3500   -0.0000   -0.0000   -0.0000
   46.4000   -0.0000   -0.0000   -0.0000
   46.4500   -0.0000   -0.0000   -0.0000
   46.5000   -0.0000   -0.0000   -0.0000
   46.5500   -0.0000   -0.0000   -0.0000
   46.6000   -0.0000   -0.0000   -0.0000
   46.6500   -0.0000   -0.0000   -0.0000
   46.7000   -0.0000   -0.0000   -0.0000
   46.7500   -0.0000   -0.0000   -0.0000
   46.8000   -0.0000   -0.0000   -0.0000
   46.8500   -0.0000   -0.0000   -0.0000
   46.9000   -0.0000   -0.0000   -0.0000
   46.9500   -0.0000   -0.0000   -0.0000
   47.0000   -0.0000   -0.0000   -0.0000
   47.0500   -0.0000   -0.0000   -0.0000
   47.1000   -0.0000   -0.0000   -0.0000
   47.1500   -0.0000   -0.0000   -0.0000
   47.2000   -0.0000   -0.0000   -0.0000
   47.2500   -0.0000   -0.0000   -0.0000
   47.3000   -0.0000   -0.0000   -0.0000
   47.3500   -0.0000   -0.0000   -0.0000
   47.4000   -0.0000   -0.0000   -0.0000
   47.4500   -0.0000   -0.0000   -0.0000
   47.5000   -0.0000   -0.0000   -0.0000
   47.5500   -0.0000   -0.0000   -0.0000
   47.6000   -0.0000   -0.0000   -0.0000
   47.6500   -0.0000   -0.0000   -0.0000
   47.7000   -0.0000   -0.0000   -0.0000
   47.7500   -0.0000   -0.0000   -0.0000
   47.8000   -0.0000   -0.0000   -0.0000
   47.8500   -0.0000   -0.0000   -0.0000
   47.9000   -0.0000   -0.0000   -0.0000
   47.9500   -0.0000   -0.0000   -0.0000
   48.0000   -0.0000   -0.0000   -0.0000
   48.0500   -0.0000   -0.0000   -0.0000
   48.1000   -0.0000   -0.0000   -0.0000
   48.1500   -0.0000   -0.0000   -0.0000
   48.2000   -0.0000   -0.0000   -0.0000
   48.2500   -0.0000   -0.0000   -0.0000
   48.3000   -0.0000   -0.0000   -0.0000
   48.3500   -0.0000   -0.0000   -0.0000
   48.4000   -0.0000   -0.0000   -0.0000
   48.4500   -0.0000   -0.0000   -0.0000
   48.5000   -0.0000   -0.0000   -0.0000
   48.5500   -0.0000   -0.0000   -0.0000
   48.6000   -0.0000   -0.0000   -0.0000
   48.6500   -0.0000   -0.0000   -0.0000
   48.7000   -0.0000   -0.0000   -0.0000
   48.7500   -0.0000   -0.0000   -0.0000
   48.8000   -0.0000   -0.0000   -0.0000
   48.8500   -0.0000   -0.0000   -0.0000
   48.9000   -0.0000   -0.0000   -0.0000
   48.9500   -0.0000   -0.0000   -0.0000
   49.0000   -0.0000   -0.0000   -0.0000
   49.0500   -0.0000   -0.0000   -0.0000
   49.1000   -0.0000   -0.0000   -0.0000
   49.1500   -0.0000   -0.0000   -0.0000
   49.2000   -0.0000   -0.0000   -0.0000
   49.2500   -0.0000   -0.0000   -0.0000
   49.3000   -0.0000   -0.0000   -0.0000
   49.3500   -0.0000   -0.0000   -0.0000
   49.4000   -0.0000   -0.0000   -0.0000
   49.4500   -0.0000   -0.0000   -0.0000
   49.5000   -0.0000   -0.0000   -0.0000
   49.5500   -0.0000   -0.0000   -0.0000
   49.6000   -0.0000   -0.0000   -0.0000
   49.6500   -0.0000   -0.0000   -0.0000
   49.7000   -0.0000   -0.0000   -0.0000
   49.7500   -0.0000   -0.0000   -0.0000
   49.8000   -0.0000   -0.0000   -0.0000
   49.8500   -0.0000   -0.0000   -0.0000
   49.9000   -0.0000   -0.0000   -0.0000
   49.9500   -0.0000   -0.0000   -0.0000
   50.0000   -0.0000   -0.0000   -0.0000
   50.0500   -0.0000   -0.0000   -0.0000
   50.1000   -0.0000   -0.0000   -0.0000
   50.1500   -0.0000   -0.0000   -0.0000
   50.2000   -0.0000   -0.0000   -0.0000
   50.2500   -0.0000   -0.0000   -0.0000
   50.3000   -0.0000   -0.0000   -0.0000
   50.3500   -0.0000   -0.0000   -0.0000
   50.4000   -0.0000   -0.0000   -0.0000
   50.4500   -0.0000   -0.0000   -0.0000
   50.5000   -0.0000   -0.0000   -0.0000
   50.5500   -0.0000   -0.0000   -0.0000
   50.6000   -0.0000   -0.0000   -0.0000
   50.6500   -0.0000   -0.0000   -0.0000
   50.7000   -0.0000   -0.0000   -0.0000
   50.7500   -0.0000   -0.0000   -0.0000
   50.8000   -0.0000   -0.0000   -0.0000
   50.8500   -0.0000   -0.0000   -0.0000
   50.9000   -0.0000   -0.0000   -0.0000
   50.9500   -0.0000   -0.0000   -0.0000
   51.0000   -0.0000   -0.0000   -0.0000
   51.0500   -0.0000   -0.0000   -0.0000
   51.1000   -0.0000   -0.0000   -0.0000
   51.1500   -0.0000   -0.0000   -0.0000
   51.2000   -0.0000   -0.0000   -0.0000
   51.2500   -0.0000   -0.0000   -0.0000
   51.3000   -0.0000   -0.0000   -0.0000
   51.3500   -0.0000   -0.0000   -0.0000
   51.4000   -0.0000   -0.0000   -0.0000
   51.4500   -0.0000   -0.0000   -0.0000
   51.5000   -0.0000   -0.0000   -0.0000
   51.5500   -0.0000   -0.0000   -0.0000
   51.6000   -0.0000   -0.0000   -0.0000
   51.6500   -0.0000   -0.0000   -0.0000
   51.7000   -0.0000   -0.0000   -0.0000
   51.7500   -0.0000   -0.0000   -0.0000
   51.8000   -0.0000   -0.0000   -0.0000
   51.8500   -0.0000   -0.0000   -0.0000
   51.9000   -0.0000   -0.0000   -0.0000
   51.9500   -0.0000   -0.0000   -0.0000
   52.0000   -0.0000   -0.0000   -0.0000
   52.0500   -0.0000   -0.0000   -0.0000
   52.1000   -0.0000   -0.0000   -0.0000
   52.1500   -0.0000   -0.0000   -0.0000
   52.2000   -0.0000   -0.0000   -0.0000
   52.2500   -0.0000   -0.0000   -0.0000
   52.3000   -0.0000   -0.0000   -0.0000
   52.3500   -0.0000   -0.0000   -0.0000
   52.4000   -0.0000   -0.0000   -0.0000
   52.4500   -0.0000   -0.0000   -0.0000
   52.5000   -0.0000   -0.0000   -0.0000
   52.5500   -0.0000   -0.0000   -0.0000
   52.6000   -0.0000   -0.0000   -0.0000
   52.6500   -0.0000   -0.0000   -0.0000
   52.7000   -0.0000   -0.0000   -0.0000
   52.7500   -0.0000   -0.0000   -0.0000
   52.8000   -0.0000   -0.0000   -0.0000
   52.8500   -0.0000   -0.0000   -0.0000
   52.9000   -0.0000   -0.0000   -0.0000
   52.9500   -0.0000   -0.0000   -0.0000
   53.0000   -0.0000   -0.0000   -0.0000
   53.0500   -0.0000   -0.0000   -0.0000
   53.1000   -0.0000   -0.0000   -0.0000
   53.1500   -0.0000   -0.0000   -0.0000
   53.2000   -0.0000   -0.0000   -0.0000
   53.2500   -0.0000   -0.0000   -0.0000
   53.3000   -0.0000   -0.0000   -0.0000
   53.3500   -0.0000   -0.0000   -0.0000
   53.4000   -0.0000   -0.0000   -0.0000
   53.4500   -0.0000   -0.0000   -0.0000
   53.5000   -0.0000   -0.0000   -0.0000
   53.5500   -0.0000   -0.0000   -0.0000
   53.6000   -0.0000   -0.0000   -0.0000
   53.6500   -0.0000   -0.0000   -0.0000
   53.7000   -0.0000   -0.0000   -0.0000
   53.7500   -0.0000   -0.0000   -0.0000
   53.8000   -0.0000   -0.0000   -0.0000
   53.8500   -0.0000   -0.0000   -0.0000
   53.9000   -0.0000   -0.0000   -0.0000
   53.9500   -0.0000   -0.0000   -0.0000
   54.0000   -0.0000   -0.0000   -0.0000
   54.0500   -0.0000   -0.0000   -0.0000
   54.1000   -0.0000   -0.0000   -0.0000
   54.1500   -0.0000   -0.0000   -0.0000
   54.2000   -0.0000   -0.0000   -0.0000
   54.2500   -0.0000   -0.0000   -0.0000
   54.3000   -0.0000   -0.0000   -0.0000
   54.3500   -0.0000   -0.0000   -0.0000
   54.4000   -0.0000   -0.0000   -0.0000
   54.4500   -0.0000   -0.0000   -0.0000
   54.5000   -0.0000   -0.0000   -0.0000
   54.5500   -0.0000   -0.0000   -0.0000
   54.6000   -0.0000   -0.0000   -0.0000
   54.6500   -0.0000   -0.0000   -0.0000
   54.7000   -0.0000   -0.0000   -0.0000
   54.7500   -0.0000   -0.0000   -0.0000
   54.8000   -0.0000   -0.0000   -0.0000
   54.8500   -0.0000   -0.0000   -0.0000
   54.9000   -0.0000   -0.0000   -0.0000
   54.9500   -0.0000   -0.0000   -0.0000
   55.0000   -0.0000   -0.0000   -0.0000
   55.0500   -0.0000   -0.0000   -0.0000
   55.1000   -0.0000   -0.0000   -0.0000
   55.1500   -0.0000   -0.0000   -0.0000
   55.2000   -0.0000   -0.0000   -0.0000
   55.2500   -0.0000   -0.0000   -0.0000
   55.3000   -0.0000   -0.0000   -0.0000
   55.3500   -0.0000   -0.0000   -0.0000
   55.4000   -0.0000   -0.0000   -0.0000
   55.4500   -0.0000   -0.0000   -0.0000
   55.5000   -0.0000   -0.0000   -0.0000
   55.5500   -0.0000   -0.0000   -0.0000
   55.6000   -0.0000   -0.0000   -0.0000
   55.6500   -0.0000   -0.0000   -0.0000
   55.7000   -0.0000   -0.0000   -0.0000
   55.7500   -0.0000   -0.0000   -0.0000
   55.8000   -0.0000   -0.0000   -0.0000
   55.8500   -0.0000   -0.0000   -0.0000
   55.9000   -0.0000   -0.0000   -0.0000
   55.9500   -0.0000   -0.0000   -0.0000
   56.0000   -0.0000   -0.0000   -0.0000
   56.0500   -0.0000   -0.0000   -0.0000
   56.1000   -0.0000   -0.0000   -0.0000
   56.1500   -0.0000   -0.0000   -0.0000
   56.2000   -0.0000   -0.0000   -0.0000
   56.2500   -0.0000   -0.0000   -0.0000
   56.3000   -0.0000   -0.0000   -0.0000
   56.3500   -0.0000   -0.0000   -0.0000
   56.4000   -0.0000   -0.0000   -0.0000
   56.4500   -0.0000   -0.0000   -0.0000
   56.5000   -0.0000   -0.0000   -0.0000
   56.5500   -0.0000   -0.0000   -0.0000
   56.6000   -0.0000   -0.0000   -0.0000
   56.6500   -0.0000   -0.0000   -0.0000
   56.7000   -0.0000   -0.0000   -0.0000
   56.7500   -0.0000   -0.0000   -0.0000
   56.8000   -0.0000   -0.0000   -0.0000
   56.8500   -0.0000   -0.0000   -0.0000
   56.9000   -0.0000   -0.0000   -0.0000
   56.9500   -0.0000   -0.0000   -0.0000
   57.0000   -0.0000   -0.0000   -0.0000
   57.0500   -0.0000   -0.0000   -0.0000
   57.1000   -0.0000   -0.0000   -0.0000
   57.1500   -0.0000   -0.0000   -0.0000
   57.2000   -0.0000   -0.0000   -0.0000
   57.2500   -0.0000   -0.0000   -0.0000
   57.3000   -0.0000   -0.0000   -0.0000
   57.3500   -0.0000   -0.0000   -0.0000
   57.4000   -0.0000   -0.0000   -0.0000
   57.4500   -0.0000   -0.0000   -0.0000
   57.5000   -0.0000   -0.0000   -0.0000
   57.5500   -0.0000   -0.0000   -0.0000
   57.6000   -0.0000   -0.0000   -0.0000
   57.6500   -0.0000   -0.0000   -0.0000
   57.7000   -0.0000   -0.0000   -0.0000
   57.7500   -0.0000   -0.0000   -0.0000
   57.8000   -0.0000   -0.0000   -0.0000
   57.8500   -0.0000   -0.0000   -0.0000
   57.9000   -0.0000   -0.0000   -0.0000
   57.9500   -0.0000   -0.0000   -0.0000
   58.0000   -0.0000   -0.0000   -0.0000
   58.0500   -0.0000   -0.0000   -0.0000
   58.1000   -0.0000   -0.0000   -0.0000
   58.1500   -0.0000   -0.0000   -0.0000
   58.2000   -0.0000   -0.0000   -0.0000
   58.2500   -0.0000   -0.0000   -0.0000
   58.3000   -0.0000   -0.0000   -0.0000
   58.3500   -0.0000   -0.0000   -0.0000
   58.4000   -0.0000   -0.0000   -0.0000
   58.4500   -0.0000   -0.0000   -0.0000
   58.5000   -0.0000   -0.0000   -0.0000
   58.5500   -0.0000   -0.0000   -0.0000
   58.6000   -0.0000   -0.0000   -0.0000
   58.6500   -0.0000   -0.0000   -0.0000
   58.7000   -0.0000   -0.0000   -0.0000
   58.7500   -0.0000   -0.0000   -0.0000
   58.8000   -0.0000   -0.0000   -0.0000
   58.8500   -0.0000   -0.0000   -0.0000
   58.9000   -0.0000   -0.0000   -0.0000
   58.9500   -0.0000   -0.0000   -0.0000
   59.0000   -0.0000   -0.0000   -0.0000
   59.0500   -0.0000   -0.0000   -0.0000
   59.1000   -0.0000   -0.0000   -0.0000
   59.1500   -0.0000   -0.0000   -0.0000
   59.2000   -0.0000   -0.0000   -0.0000
   59.2500   -0.0000   -0.0000   -0.0000
   59.3000   -0.0000   -0.0000   -0.0000
   59.3500   -0.0000   -0.0000   -0.0000
   59.4000   -0.0000   -0.0000   -0.0000
   59.4500   -0.0000   -0.0000   -0.0000
   59.5000   -0.0000   -0.0000   -0.0000
   59.5500   -0.0000   -0.0000   -0.0000
   59.6000   -0.0000   -0.0000   -0.0000
   59.6500   -0.0000   -0.0000   -0.0000
   59.7000   -0.0000   -0.0000   -0.0000
   59.7500   -0.0000   -0.0000   -0.0000
   59.8000   -0.0000   -0.0000   -0.0000
   59.8500   -0.0000   -0.0000   -0.0000
   59.9000   -0.0000   -0.0000   -0.0000
   59.9500   -0.0000   -0.0000   -0.0000
   60.0000   -0.0000   -0.0000   -0.0000
