   0.0000000000000000        0.0000000000000000       -61.689903282532654     
  0.10000000000000001        0.0000000000000000       -61.541712292827967     
  0.20000000000000001        0.0000000000000000       -61.367560087130613     
  0.30000000000000004        0.0000000000000000       -61.163089317968591     
  0.40000000000000002        0.0000000000000000       -60.923284394135287     
  0.50000000000000000        0.0000000000000000       -60.642400085901706     
  0.60000000000000009        0.0000000000000000       -60.313893599877211     
  0.70000000000000007        0.0000000000000000       -59.930365746984002     
  0.80000000000000004        0.0000000000000000       -59.483518990021985     
  0.90000000000000002        0.0000000000000000       -58.964142741980908     
   1.0000000000000000        0.0000000000000000       -58.362139198767693     
   1.1000000000000001        0.0000000000000000       -57.666606000968343     
   1.2000000000000002        0.0000000000000000       -56.865994701049068     
   1.3000000000000000        0.0000000000000000       -55.948365675357799     
   1.4000000000000001        0.0000000000000000       -54.901759769883483     
   1.5000000000000000        0.0000000000000000       -53.714703322472261     
   1.6000000000000001        0.0000000000000000       -52.376854823722304     
   1.7000000000000002        0.0000000000000000       -50.879787079597691     
   1.8000000000000000        0.0000000000000000       -49.217877719657068     
   1.9000000000000001        0.0000000000000000       -47.389254058812881     
   2.0000000000000000        0.0000000000000000       -45.396708628423916     
   2.1000000000000001        0.0000000000000000       -43.248474713980407     
   2.2000000000000002        0.0000000000000000       -40.958734830358537     
   2.3000000000000003        0.0000000000000000       -38.547737862672875     
   2.4000000000000004        0.0000000000000000       -36.041429234255894     
   2.5000000000000000        0.0000000000000000       -33.470554186501765     
   2.6000000000000001        0.0000000000000000       -30.869270350290606     
   2.7000000000000002        0.0000000000000000       -28.273387451097296     
   2.8000000000000003        0.0000000000000000       -25.718419682284427     
   2.9000000000000004        0.0000000000000000       -23.237671907773692     
   3.0000000000000000        0.0000000000000000       -20.860574346033363     
   3.1000000000000001        0.0000000000000000       -18.611433607423510     
   3.2000000000000002        0.0000000000000000       -16.508693971674674     
   3.3000000000000003        0.0000000000000000       -14.564720862951171     
   3.4000000000000004        0.0000000000000000       -12.786047277091043     
   3.5000000000000000        0.0000000000000000       -11.173976007151332     
   3.6000000000000001        0.0000000000000000       -9.7254100712511011     
   3.7000000000000002        0.0000000000000000       -8.4337875623293641     
   3.8000000000000003        0.0000000000000000       -7.2900176319544290     
   3.9000000000000004        0.0000000000000000       -6.2833428513800245     
   4.0000000000000000        0.0000000000000000       -5.4020824917323571     
   4.1000000000000005        0.0000000000000000       -4.6342365557202561     
   4.2000000000000002        0.0000000000000000       -3.9679494315713510     
   4.2999999999999998        0.0000000000000000       -3.3918445266732511     
   4.4000000000000004        0.0000000000000000       -2.8952480485282415     
   4.5000000000000000        0.0000000000000000       -2.4683226100265943     
   4.6000000000000005        0.0000000000000000       -2.1021309596018725     
   4.7000000000000002        0.0000000000000000       -1.7886480780701415     
   4.8000000000000007        0.0000000000000000       -1.5207370440641796     
   4.9000000000000004        0.0000000000000000       -1.2921010539603703     
   5.0000000000000000        0.0000000000000000       -1.0972211512504197     
   5.1000000000000005        0.0000000000000000      -0.93128675697557461     
   5.2000000000000002        0.0000000000000000      -0.79012406095665400     
   5.3000000000000007        0.0000000000000000      -0.67012572569160955     
   5.4000000000000004        0.0000000000000000      -0.56818412611608482     
   5.5000000000000000        0.0000000000000000      -0.48162943883973786     
   5.6000000000000005        0.0000000000000000      -0.40817324189894427     
   5.7000000000000002        0.0000000000000000      -0.34585783351584876     
   5.8000000000000007        0.0000000000000000      -0.29301117704212193     
   5.9000000000000004        0.0000000000000000      -0.24820718936660302     
   6.0000000000000000        0.0000000000000000      -0.21023098018611761     
   6.1000000000000005        0.0000000000000000      -0.17804859561464184     
   6.2000000000000002        0.0000000000000000      -0.15078080362350030     
   6.3000000000000007        0.0000000000000000      -0.12768046756472787     
   6.4000000000000004        0.0000000000000000      -0.10811307805676246     
   6.5000000000000000        0.0000000000000000       -9.1540046150730289E-002
   6.6000000000000005        0.0000000000000000       -7.7504397382979290E-002
   6.7000000000000002        0.0000000000000000       -6.5618544016602998E-002
   6.8000000000000007        0.0000000000000000       -5.5553849536350265E-002
   6.9000000000000004        0.0000000000000000       -4.7031734112564547E-002
   7.0000000000000000        0.0000000000000000       -3.9816101647795518E-002
   7.1000000000000005        0.0000000000000000       -3.3706897880898853E-002
   7.2000000000000002        0.0000000000000000       -2.8534634799650353E-002
   7.3000000000000007        0.0000000000000000       -2.4155739404167303E-002
   7.4000000000000004        0.0000000000000000       -2.0448604857225605E-002
   7.5000000000000000        0.0000000000000000       -1.7310239487443310E-002
   7.6000000000000005        0.0000000000000000       -1.4653424229376006E-002
   7.7000000000000002        0.0000000000000000       -1.2404302143632110E-002
   7.8000000000000007        0.0000000000000000       -1.0500334902692662E-002
   7.9000000000000004        0.0000000000000000       -8.8885707800879319E-003
   8.0000000000000000        0.0000000000000000       -7.5241769480101309E-003
   8.0999999999999996        0.0000000000000000       -6.3691959564738838E-003
   8.2000000000000011        0.0000000000000000       -5.3914923002012600E-003
   8.3000000000000007        0.0000000000000000       -4.5638601222462317E-003
   8.4000000000000004        0.0000000000000000       -3.8632674824887075E-003
   8.5000000000000000        0.0000000000000000       -3.2702163444753461E-003
   8.5999999999999996        0.0000000000000000       -2.7682006007928406E-003
   8.7000000000000011        0.0000000000000000       -2.3432471472380973E-003
   8.8000000000000007        0.0000000000000000       -1.9835272999753806E-003
   8.9000000000000004        0.0000000000000000       -1.6790277880638473E-003
   9.0000000000000000        0.0000000000000000       -1.4212721978913696E-003
   9.0999999999999996        0.0000000000000000       -1.2030851403091085E-003
   9.2000000000000011        0.0000000000000000       -1.0183925932777643E-003
   9.3000000000000007        0.0000000000000000       -8.6205287468315574E-004
   9.4000000000000004        0.0000000000000000       -7.2971354894924467E-004
   9.5000000000000000        0.0000000000000000       -6.1769029037824072E-004
   9.6000000000000014        0.0000000000000000       -5.2286433549817238E-004
   9.7000000000000011        0.0000000000000000       -4.4259567284346709E-004
   9.8000000000000007        0.0000000000000000       -3.7464955574552849E-004
   9.9000000000000004        0.0000000000000000       -3.1713429392608931E-004
   10.000000000000000        0.0000000000000000       -2.6844859319225174E-004
   10.100000000000001        0.0000000000000000       -2.2723697799929401E-004
   10.200000000000001        0.0000000000000000       -1.9235205642474055E-004
   10.300000000000001        0.0000000000000000       -1.6282257741331618E-004
   10.400000000000000        0.0000000000000000       -1.3782639128459364E-004
   10.500000000000000        0.0000000000000000       -1.1666756091425643E-004
   10.600000000000001        0.0000000000000000       -9.8756986493181510E-005
   10.700000000000001        0.0000000000000000       -8.3596004543647485E-005
   10.800000000000001        0.0000000000000000       -7.0762504645528461E-005
   10.900000000000000        0.0000000000000000       -5.9899177397876130E-005
   11.000000000000000        0.0000000000000000       -5.0703566460907212E-005
   11.100000000000001        0.0000000000000000       -4.2919647739557006E-005
   11.200000000000001        0.0000000000000000       -3.6330701279151367E-005
   11.300000000000001        0.0000000000000000       -3.0753277428770253E-005
   11.400000000000000        0.0000000000000000       -2.6032089289754973E-005
   11.500000000000000        0.0000000000000000       -2.2035689253062985E-005
   11.600000000000001        0.0000000000000000       -1.8652809257367048E-005
   11.700000000000001        0.0000000000000000       -1.5789262877413001E-005
   11.800000000000001        0.0000000000000000       -1.3365322993406054E-005
   11.900000000000000        0.0000000000000000       -1.1313502032472272E-005
   12.000000000000000        0.0000000000000000       -9.5766729810442264E-006
   12.100000000000001        0.0000000000000000       -8.1064788543362322E-006
   12.200000000000001        0.0000000000000000       -6.8619863399991459E-006
   12.300000000000001        0.0000000000000000       -5.8085461311303297E-006
   12.400000000000000        0.0000000000000000       -4.9168282183142261E-006
   12.500000000000000        0.0000000000000000       -4.1620052814786525E-006
   12.600000000000001        0.0000000000000000       -3.5230614456749730E-006
   12.700000000000001        0.0000000000000000       -2.9822071552293467E-006
   12.800000000000001        0.0000000000000000       -2.5243838752253069E-006
   12.900000000000000        0.0000000000000000       -2.1368448302323032E-006
   13.000000000000000        0.0000000000000000       -1.8088001072094759E-006
   13.100000000000001        0.0000000000000000       -1.5311162415334874E-006
   13.200000000000001        0.0000000000000000       -1.2960619220140592E-006
   13.300000000000001        0.0000000000000000       -1.0970927348029931E-006
   13.400000000000000        0.0000000000000000       -9.2866895302275589E-007
   13.500000000000000        0.0000000000000000       -7.8610129899965338E-007
   13.600000000000001        0.0000000000000000       -6.6542038480042374E-007
   13.700000000000001        0.0000000000000000       -5.6326619602358167E-007
   13.800000000000001        0.0000000000000000       -4.7679454184207535E-007
   13.900000000000000        0.0000000000000000       -4.0359786666942928E-007
   14.000000000000000        0.0000000000000000       -3.4163821867908884E-007
   14.100000000000001        0.0000000000000000       -2.8919050887863098E-007
   14.200000000000001        0.0000000000000000       -2.4479448095140849E-007
   14.300000000000001        0.0000000000000000       -2.0721405460400654E-007
   14.400000000000000        0.0000000000000000       -1.7540291045202484E-007
   14.500000000000000        0.0000000000000000       -1.4847535825421308E-007
   14.600000000000001        0.0000000000000000       -1.2568167740459931E-007
   14.700000000000001        0.0000000000000000       -1.0638724310942320E-007
   14.800000000000001        0.0000000000000000       -9.0054857077147303E-008
   14.900000000000000        0.0000000000000000       -7.6229790770298017E-008
   15.000000000000000        0.0000000000000000       -6.4527124791370990E-008
   15.100000000000001        0.0000000000000000       -5.4621031904286084E-008
   15.200000000000001        0.0000000000000000       -4.6235705307846369E-008
   15.300000000000001        0.0000000000000000       -3.9137679584963524E-008
   15.400000000000000        0.0000000000000000       -3.3129330526479765E-008
   15.500000000000000        0.0000000000000000       -2.8043372850807340E-008
   15.600000000000001        0.0000000000000000       -2.3738202624136534E-008
   15.700000000000001        0.0000000000000000       -2.0093954704253232E-008
   15.800000000000001        0.0000000000000000       -1.7009165438769433E-008
   15.900000000000000        0.0000000000000000       -1.4397947700160696E-008
   16.000000000000000        0.0000000000000000       -1.2187599604547789E-008
   16.100000000000001        0.0000000000000000       -1.0316580335842506E-008
   16.199999999999999        0.0000000000000000       -8.7327967178777992E-009
   16.300000000000001        0.0000000000000000       -7.3921528290267976E-009
   16.400000000000002        0.0000000000000000       -6.2573222774832086E-009
   16.500000000000000        0.0000000000000000       -5.2967089547218481E-009
   16.600000000000001        0.0000000000000000       -4.4835673322948202E-009
   16.699999999999999        0.0000000000000000       -3.7952578091459207E-009
   16.800000000000001        0.0000000000000000       -3.2126163767203476E-009
   16.900000000000002        0.0000000000000000       -2.7194210519995139E-009
   17.000000000000000        0.0000000000000000       -2.3019402228157817E-009
   17.100000000000001        0.0000000000000000       -1.9485503304151924E-009
   17.199999999999999        0.0000000000000000       -1.6494122447339299E-009
   17.300000000000001        0.0000000000000000       -1.3961973219837247E-009
   17.400000000000002        0.0000000000000000       -1.1818555174044898E-009
   17.500000000000000        0.0000000000000000       -1.0004190969469474E-009
   17.600000000000001        0.0000000000000000       -8.4683648279924173E-010
   17.699999999999999        0.0000000000000000       -7.1683160666169533E-010
   17.800000000000001        0.0000000000000000       -6.0678485486416936E-010
   17.900000000000002        0.0000000000000000       -5.1363229058368767E-010
   18.000000000000000        0.0000000000000000       -4.3478034729334642E-010
   18.100000000000001        0.0000000000000000       -3.6803361832580460E-010
   18.199999999999999        0.0000000000000000       -3.1153373205844327E-010
   18.300000000000001        0.0000000000000000       -2.6370761087464286E-010
   18.400000000000002        0.0000000000000000       -2.2322367332009406E-010
   18.500000000000000        0.0000000000000000       -1.8895476002851686E-010
   18.600000000000001        0.0000000000000000       -1.5994675119530444E-010
   18.699999999999999        0.0000000000000000       -1.3539200184250519E-010
   18.800000000000001        0.0000000000000000       -1.1460685525607455E-010
   18.900000000000002        0.0000000000000000       -9.7012608521478093E-011
   19.000000000000000        0.0000000000000000       -8.2119400197418427E-011
   19.100000000000001        0.0000000000000000       -6.9512571526107322E-011
   19.200000000000003        0.0000000000000000       -5.8841121447011474E-011
   19.300000000000001        0.0000000000000000       -4.9807933976971696E-011
   19.400000000000002        0.0000000000000000       -4.2161505866069930E-011
   19.500000000000000        0.0000000000000000       -3.5688944209500402E-011
   19.600000000000001        0.0000000000000000       -3.0210039053985408E-011
   19.700000000000003        0.0000000000000000       -2.5572245967432154E-011
   19.800000000000001        0.0000000000000000       -2.1646438875840510E-011
   19.900000000000002        0.0000000000000000       -1.8323314917361605E-011
   20.000000000000000        0.0000000000000000       -1.5510351216962960E-011
   20.100000000000001        0.0000000000000000       -1.3129228851794481E-011
   20.200000000000003        0.0000000000000000       -1.1113652284950954E-011
   20.300000000000001        0.0000000000000000       -9.4075035560000754E-012
   20.400000000000002        0.0000000000000000       -7.9632798369977037E-012
   20.500000000000000        0.0000000000000000       -6.7407708522086133E-012
   20.600000000000001        0.0000000000000000       -5.7059393380700093E-012
   20.700000000000003        0.0000000000000000       -4.8299733730107714E-012
   20.800000000000001        0.0000000000000000       -4.0884841919619535E-012
   20.900000000000002        0.0000000000000000       -3.4608271509999938E-012
   21.000000000000000        0.0000000000000000       -2.9295269363267762E-012
   21.100000000000001        0.0000000000000000       -2.4797910141754205E-012
   21.200000000000003        0.0000000000000000       -2.0990977750474580E-012
   21.300000000000001        0.0000000000000000       -1.7768479053362421E-012
   21.400000000000002        0.0000000000000000       -1.5040692797772963E-012
   21.500000000000000        0.0000000000000000       -1.2731671583008815E-012
   21.600000000000001        0.0000000000000000       -1.0777127322326102E-012
   21.700000000000003        0.0000000000000000       -9.1226413251683756E-013
   21.800000000000001        0.0000000000000000       -7.7221491644869863E-013
   21.900000000000002        0.0000000000000000       -6.5366581446175393E-013
   22.000000000000000        0.0000000000000000       -5.5331616612761594E-013
   22.100000000000001        0.0000000000000000       -4.6837202271356425E-013
   22.200000000000003        0.0000000000000000       -3.9646835767708516E-013
   22.300000000000001        0.0000000000000000       -3.3560321927104906E-013
   22.400000000000002        0.0000000000000000       -2.8408199192739948E-013
   22.500000000000000        0.0000000000000000       -2.4047021453706737E-013
   22.600000000000001        0.0000000000000000       -2.0355364198615340E-013
   22.700000000000003        0.0000000000000000       -1.7230443797620490E-013
   22.800000000000001        0.0000000000000000       -1.4585255786440618E-013
   22.900000000000002        0.0000000000000000       -1.2346152476077098E-013
   23.000000000000000        0.0000000000000000       -1.0450792443712294E-013
   23.100000000000001        0.0000000000000000       -8.8464048142273399E-014
   23.200000000000003        0.0000000000000000       -7.4883200062277574E-014
   23.300000000000001        0.0000000000000000       -6.3387260354046274E-014
   23.400000000000002        0.0000000000000000       -5.3656157480583277E-014
   23.500000000000000        0.0000000000000000       -4.5418956735166673E-014
   23.600000000000001        0.0000000000000000       -3.8446316839915879E-014
   23.700000000000003        0.0000000000000000       -3.2544104594343140E-014
   23.800000000000001        0.0000000000000000       -2.7547989792040206E-014
   23.900000000000002        0.0000000000000000       -2.3318869916435116E-014
   24.000000000000000        0.0000000000000000       -1.9738997229363896E-014
   24.100000000000001        0.0000000000000000       -1.6708700422323040E-014
   24.200000000000003        0.0000000000000000       -1.4143609554168472E-014
   24.300000000000001        0.0000000000000000        0.0000000000000000     
   24.400000000000002        0.0000000000000000        0.0000000000000000     
   24.500000000000000        0.0000000000000000        0.0000000000000000     
   24.600000000000001        0.0000000000000000        0.0000000000000000     
   24.700000000000003        0.0000000000000000        0.0000000000000000     
   24.800000000000001        0.0000000000000000        0.0000000000000000     
   24.900000000000002        0.0000000000000000        0.0000000000000000     
   25.000000000000000        0.0000000000000000        0.0000000000000000     
   25.100000000000001        0.0000000000000000        0.0000000000000000     
   25.200000000000003        0.0000000000000000        0.0000000000000000     
   25.300000000000001        0.0000000000000000        0.0000000000000000     
   25.400000000000002        0.0000000000000000        0.0000000000000000     
   25.500000000000000        0.0000000000000000        0.0000000000000000     
   25.600000000000001        0.0000000000000000        0.0000000000000000     
   25.700000000000003        0.0000000000000000        0.0000000000000000     
   25.800000000000001        0.0000000000000000        0.0000000000000000     
   25.900000000000002        0.0000000000000000        0.0000000000000000     
   26.000000000000000        0.0000000000000000        0.0000000000000000     
   26.100000000000001        0.0000000000000000        0.0000000000000000     
   26.200000000000003        0.0000000000000000        0.0000000000000000     
   26.300000000000001        0.0000000000000000        0.0000000000000000     
   26.400000000000002        0.0000000000000000        0.0000000000000000     
   26.500000000000000        0.0000000000000000        0.0000000000000000     
   26.600000000000001        0.0000000000000000        0.0000000000000000     
   26.700000000000003        0.0000000000000000        0.0000000000000000     
   26.800000000000001        0.0000000000000000        0.0000000000000000     
   26.900000000000002        0.0000000000000000        0.0000000000000000     
   27.000000000000000        0.0000000000000000        0.0000000000000000     
   27.100000000000001        0.0000000000000000        0.0000000000000000     
   27.200000000000003        0.0000000000000000        0.0000000000000000     
   27.300000000000001        0.0000000000000000        0.0000000000000000     
   27.400000000000002        0.0000000000000000        0.0000000000000000     
   27.500000000000000        0.0000000000000000        0.0000000000000000     
   27.600000000000001        0.0000000000000000        0.0000000000000000     
   27.700000000000003        0.0000000000000000        0.0000000000000000     
   27.800000000000001        0.0000000000000000        0.0000000000000000     
   27.900000000000002        0.0000000000000000        0.0000000000000000     
   28.000000000000000        0.0000000000000000        0.0000000000000000     
   28.100000000000001        0.0000000000000000        0.0000000000000000     
   28.200000000000003        0.0000000000000000        0.0000000000000000     
   28.300000000000001        0.0000000000000000        0.0000000000000000     
   28.400000000000002        0.0000000000000000        0.0000000000000000     
   28.500000000000000        0.0000000000000000        0.0000000000000000     
   28.600000000000001        0.0000000000000000        0.0000000000000000     
   28.700000000000003        0.0000000000000000        0.0000000000000000     
   28.800000000000001        0.0000000000000000        0.0000000000000000     
   28.900000000000002        0.0000000000000000        0.0000000000000000     
   29.000000000000000        0.0000000000000000        0.0000000000000000     
   29.100000000000001        0.0000000000000000        0.0000000000000000     
   29.200000000000003        0.0000000000000000        0.0000000000000000     
   29.300000000000001        0.0000000000000000        0.0000000000000000     
   29.400000000000002        0.0000000000000000        0.0000000000000000     
   29.500000000000000        0.0000000000000000        0.0000000000000000     
   29.600000000000001        0.0000000000000000        0.0000000000000000     
   29.700000000000003        0.0000000000000000        0.0000000000000000     
   29.800000000000001        0.0000000000000000        0.0000000000000000     
   29.900000000000002        0.0000000000000000        0.0000000000000000     
   30.000000000000000        0.0000000000000000        0.0000000000000000     
   30.100000000000001        0.0000000000000000        0.0000000000000000     
   30.200000000000003        0.0000000000000000        0.0000000000000000     
   30.300000000000001        0.0000000000000000        0.0000000000000000     
   30.400000000000002        0.0000000000000000        0.0000000000000000     
   30.500000000000000        0.0000000000000000        0.0000000000000000     
   30.600000000000001        0.0000000000000000        0.0000000000000000     
   30.700000000000003        0.0000000000000000        0.0000000000000000     
   30.800000000000001        0.0000000000000000        0.0000000000000000     
   30.900000000000002        0.0000000000000000        0.0000000000000000     
   31.000000000000000        0.0000000000000000        0.0000000000000000     
   31.100000000000001        0.0000000000000000        0.0000000000000000     
   31.200000000000003        0.0000000000000000        0.0000000000000000     
   31.300000000000001        0.0000000000000000        0.0000000000000000     
   31.400000000000002        0.0000000000000000        0.0000000000000000     
   31.500000000000000        0.0000000000000000        0.0000000000000000     
   31.600000000000001        0.0000000000000000        0.0000000000000000     
   31.700000000000003        0.0000000000000000        0.0000000000000000     
   31.800000000000001        0.0000000000000000        0.0000000000000000     
   31.900000000000002        0.0000000000000000        0.0000000000000000     
   32.000000000000000        0.0000000000000000        0.0000000000000000     
   32.100000000000001        0.0000000000000000        0.0000000000000000     
   32.200000000000003        0.0000000000000000        0.0000000000000000     
   32.300000000000004        0.0000000000000000        0.0000000000000000     
   32.399999999999999        0.0000000000000000        0.0000000000000000     
   32.500000000000000        0.0000000000000000        0.0000000000000000     
   32.600000000000001        0.0000000000000000        0.0000000000000000     
   32.700000000000003        0.0000000000000000        0.0000000000000000     
   32.800000000000004        0.0000000000000000        0.0000000000000000     
   32.899999999999999        0.0000000000000000        0.0000000000000000     
   33.000000000000000        0.0000000000000000        0.0000000000000000     
   33.100000000000001        0.0000000000000000        0.0000000000000000     
   33.200000000000003        0.0000000000000000        0.0000000000000000     
   33.300000000000004        0.0000000000000000        0.0000000000000000     
   33.399999999999999        0.0000000000000000        0.0000000000000000     
   33.500000000000000        0.0000000000000000        0.0000000000000000     
   33.600000000000001        0.0000000000000000        0.0000000000000000     
   33.700000000000003        0.0000000000000000        0.0000000000000000     
   33.800000000000004        0.0000000000000000        0.0000000000000000     
   33.899999999999999        0.0000000000000000        0.0000000000000000     
   34.000000000000000        0.0000000000000000        0.0000000000000000     
   34.100000000000001        0.0000000000000000        0.0000000000000000     
   34.200000000000003        0.0000000000000000        0.0000000000000000     
   34.300000000000004        0.0000000000000000        0.0000000000000000     
   34.399999999999999        0.0000000000000000        0.0000000000000000     
   34.500000000000000        0.0000000000000000        0.0000000000000000     
   34.600000000000001        0.0000000000000000        0.0000000000000000     
   34.700000000000003        0.0000000000000000        0.0000000000000000     
   34.800000000000004        0.0000000000000000        0.0000000000000000     
   34.899999999999999        0.0000000000000000        0.0000000000000000     
   35.000000000000000        0.0000000000000000        0.0000000000000000     
   35.100000000000001        0.0000000000000000        0.0000000000000000     
   35.200000000000003        0.0000000000000000        0.0000000000000000     
   35.300000000000004        0.0000000000000000        0.0000000000000000     
   35.399999999999999        0.0000000000000000        0.0000000000000000     
   35.500000000000000        0.0000000000000000        0.0000000000000000     
   35.600000000000001        0.0000000000000000        0.0000000000000000     
   35.700000000000003        0.0000000000000000        0.0000000000000000     
   35.800000000000004        0.0000000000000000        0.0000000000000000     
   35.899999999999999        0.0000000000000000        0.0000000000000000     
   36.000000000000000        0.0000000000000000        0.0000000000000000     
   36.100000000000001        0.0000000000000000        0.0000000000000000     
   36.200000000000003        0.0000000000000000        0.0000000000000000     
   36.300000000000004        0.0000000000000000        0.0000000000000000     
   36.399999999999999        0.0000000000000000        0.0000000000000000     
   36.500000000000000        0.0000000000000000        0.0000000000000000     
   36.600000000000001        0.0000000000000000        0.0000000000000000     
   36.700000000000003        0.0000000000000000        0.0000000000000000     
   36.800000000000004        0.0000000000000000        0.0000000000000000     
   36.899999999999999        0.0000000000000000        0.0000000000000000     
   37.000000000000000        0.0000000000000000        0.0000000000000000     
   37.100000000000001        0.0000000000000000        0.0000000000000000     
   37.200000000000003        0.0000000000000000        0.0000000000000000     
   37.300000000000004        0.0000000000000000        0.0000000000000000     
   37.399999999999999        0.0000000000000000        0.0000000000000000     
   37.500000000000000        0.0000000000000000        0.0000000000000000     
   37.600000000000001        0.0000000000000000        0.0000000000000000     
   37.700000000000003        0.0000000000000000        0.0000000000000000     
   37.800000000000004        0.0000000000000000        0.0000000000000000     
   37.899999999999999        0.0000000000000000        0.0000000000000000     
   38.000000000000000        0.0000000000000000        0.0000000000000000     
   38.100000000000001        0.0000000000000000        0.0000000000000000     
   38.200000000000003        0.0000000000000000        0.0000000000000000     
   38.300000000000004        0.0000000000000000        0.0000000000000000     
   38.400000000000006        0.0000000000000000        0.0000000000000000     
   38.500000000000000        0.0000000000000000        0.0000000000000000     
   38.600000000000001        0.0000000000000000        0.0000000000000000     
   38.700000000000003        0.0000000000000000        0.0000000000000000     
   38.800000000000004        0.0000000000000000        0.0000000000000000     
   38.900000000000006        0.0000000000000000        0.0000000000000000     
   39.000000000000000        0.0000000000000000        0.0000000000000000     
   39.100000000000001        0.0000000000000000        0.0000000000000000     
   39.200000000000003        0.0000000000000000        0.0000000000000000     
   39.300000000000004        0.0000000000000000        0.0000000000000000     
   39.400000000000006        0.0000000000000000        0.0000000000000000     
   39.500000000000000        0.0000000000000000        0.0000000000000000     
   39.600000000000001        0.0000000000000000        0.0000000000000000     
   39.700000000000003        0.0000000000000000        0.0000000000000000     
   39.800000000000004        0.0000000000000000        0.0000000000000000     
   39.900000000000006        0.0000000000000000        0.0000000000000000     
   40.000000000000000        0.0000000000000000        0.0000000000000000     
   40.100000000000001        0.0000000000000000        0.0000000000000000     
   40.200000000000003        0.0000000000000000        0.0000000000000000     
   40.300000000000004        0.0000000000000000        0.0000000000000000     
   40.400000000000006        0.0000000000000000        0.0000000000000000     
   40.500000000000000        0.0000000000000000        0.0000000000000000     
   40.600000000000001        0.0000000000000000        0.0000000000000000     
   40.700000000000003        0.0000000000000000        0.0000000000000000     
   40.800000000000004        0.0000000000000000        0.0000000000000000     
   40.900000000000006        0.0000000000000000        0.0000000000000000     
   41.000000000000000        0.0000000000000000        0.0000000000000000     
   41.100000000000001        0.0000000000000000        0.0000000000000000     
   41.200000000000003        0.0000000000000000        0.0000000000000000     
   41.300000000000004        0.0000000000000000        0.0000000000000000     
   41.400000000000006        0.0000000000000000        0.0000000000000000     
   41.500000000000000        0.0000000000000000        0.0000000000000000     
   41.600000000000001        0.0000000000000000        0.0000000000000000     
   41.700000000000003        0.0000000000000000        0.0000000000000000     
   41.800000000000004        0.0000000000000000        0.0000000000000000     
   41.900000000000006        0.0000000000000000        0.0000000000000000     
   42.000000000000000        0.0000000000000000        0.0000000000000000     
   42.100000000000001        0.0000000000000000        0.0000000000000000     
   42.200000000000003        0.0000000000000000        0.0000000000000000     
   42.300000000000004        0.0000000000000000        0.0000000000000000     
   42.400000000000006        0.0000000000000000        0.0000000000000000     
   42.500000000000000        0.0000000000000000        0.0000000000000000     
   42.600000000000001        0.0000000000000000        0.0000000000000000     
   42.700000000000003        0.0000000000000000        0.0000000000000000     
   42.800000000000004        0.0000000000000000        0.0000000000000000     
   42.900000000000006        0.0000000000000000        0.0000000000000000     
   43.000000000000000        0.0000000000000000        0.0000000000000000     
   43.100000000000001        0.0000000000000000        0.0000000000000000     
   43.200000000000003        0.0000000000000000        0.0000000000000000     
   43.300000000000004        0.0000000000000000        0.0000000000000000     
   43.400000000000006        0.0000000000000000        0.0000000000000000     
   43.500000000000000        0.0000000000000000        0.0000000000000000     
   43.600000000000001        0.0000000000000000        0.0000000000000000     
   43.700000000000003        0.0000000000000000        0.0000000000000000     
   43.800000000000004        0.0000000000000000        0.0000000000000000     
   43.900000000000006        0.0000000000000000        0.0000000000000000     
   44.000000000000000        0.0000000000000000        0.0000000000000000     
   44.100000000000001        0.0000000000000000        0.0000000000000000     
   44.200000000000003        0.0000000000000000        0.0000000000000000     
   44.300000000000004        0.0000000000000000        0.0000000000000000     
   44.400000000000006        0.0000000000000000        0.0000000000000000     
   44.500000000000000        0.0000000000000000        0.0000000000000000     
   44.600000000000001        0.0000000000000000        0.0000000000000000     
   44.700000000000003        0.0000000000000000        0.0000000000000000     
   44.800000000000004        0.0000000000000000        0.0000000000000000     
   44.900000000000006        0.0000000000000000        0.0000000000000000     
   45.000000000000000        0.0000000000000000        0.0000000000000000     
   45.100000000000001        0.0000000000000000        0.0000000000000000     
   45.200000000000003        0.0000000000000000        0.0000000000000000     
   45.300000000000004        0.0000000000000000        0.0000000000000000     
   45.400000000000006        0.0000000000000000        0.0000000000000000     
   45.500000000000000        0.0000000000000000        0.0000000000000000     
   45.600000000000001        0.0000000000000000        0.0000000000000000     
   45.700000000000003        0.0000000000000000        0.0000000000000000     
   45.800000000000004        0.0000000000000000        0.0000000000000000     
   45.900000000000006        0.0000000000000000        0.0000000000000000     
   46.000000000000000        0.0000000000000000        0.0000000000000000     
   46.100000000000001        0.0000000000000000        0.0000000000000000     
   46.200000000000003        0.0000000000000000        0.0000000000000000     
   46.300000000000004        0.0000000000000000        0.0000000000000000     
   46.400000000000006        0.0000000000000000        0.0000000000000000     
   46.500000000000000        0.0000000000000000        0.0000000000000000     
   46.600000000000001        0.0000000000000000        0.0000000000000000     
   46.700000000000003        0.0000000000000000        0.0000000000000000     
   46.800000000000004        0.0000000000000000        0.0000000000000000     
   46.900000000000006        0.0000000000000000        0.0000000000000000     
   47.000000000000000        0.0000000000000000        0.0000000000000000     
   47.100000000000001        0.0000000000000000        0.0000000000000000     
   47.200000000000003        0.0000000000000000        0.0000000000000000     
   47.300000000000004        0.0000000000000000        0.0000000000000000     
   47.400000000000006        0.0000000000000000        0.0000000000000000     
   47.500000000000000        0.0000000000000000        0.0000000000000000     
   47.600000000000001        0.0000000000000000        0.0000000000000000     
   47.700000000000003        0.0000000000000000        0.0000000000000000     
   47.800000000000004        0.0000000000000000        0.0000000000000000     
   47.900000000000006        0.0000000000000000        0.0000000000000000     
   48.000000000000000        0.0000000000000000        0.0000000000000000     
   48.100000000000001        0.0000000000000000        0.0000000000000000     
   48.200000000000003        0.0000000000000000        0.0000000000000000     
   48.300000000000004        0.0000000000000000        0.0000000000000000     
   48.400000000000006        0.0000000000000000        0.0000000000000000     
   48.500000000000000        0.0000000000000000        0.0000000000000000     
   48.600000000000001        0.0000000000000000        0.0000000000000000     
   48.700000000000003        0.0000000000000000        0.0000000000000000     
   48.800000000000004        0.0000000000000000        0.0000000000000000     
   48.900000000000006        0.0000000000000000        0.0000000000000000     
   49.000000000000000        0.0000000000000000        0.0000000000000000     
   49.100000000000001        0.0000000000000000        0.0000000000000000     
   49.200000000000003        0.0000000000000000        0.0000000000000000     
   49.300000000000004        0.0000000000000000        0.0000000000000000     
   49.400000000000006        0.0000000000000000        0.0000000000000000     
   49.500000000000000        0.0000000000000000        0.0000000000000000     
   49.600000000000001        0.0000000000000000        0.0000000000000000     
   49.700000000000003        0.0000000000000000        0.0000000000000000     
   49.800000000000004        0.0000000000000000        0.0000000000000000     
   49.900000000000006        0.0000000000000000        0.0000000000000000     
   50.000000000000000        0.0000000000000000        0.0000000000000000     
   50.100000000000001        0.0000000000000000        0.0000000000000000     
   50.200000000000003        0.0000000000000000        0.0000000000000000     
   50.300000000000004        0.0000000000000000        0.0000000000000000     
   50.400000000000006        0.0000000000000000        0.0000000000000000     
   50.500000000000000        0.0000000000000000        0.0000000000000000     
   50.600000000000001        0.0000000000000000        0.0000000000000000     
   50.700000000000003        0.0000000000000000        0.0000000000000000     
   50.800000000000004        0.0000000000000000        0.0000000000000000     
   50.900000000000006        0.0000000000000000        0.0000000000000000     
   51.000000000000000        0.0000000000000000        0.0000000000000000     
   51.100000000000001        0.0000000000000000        0.0000000000000000     
   51.200000000000003        0.0000000000000000        0.0000000000000000     
   51.300000000000004        0.0000000000000000        0.0000000000000000     
   51.400000000000006        0.0000000000000000        0.0000000000000000     
   51.500000000000000        0.0000000000000000        0.0000000000000000     
   51.600000000000001        0.0000000000000000        0.0000000000000000     
   51.700000000000003        0.0000000000000000        0.0000000000000000     
   51.800000000000004        0.0000000000000000        0.0000000000000000     
   51.900000000000006        0.0000000000000000        0.0000000000000000     
   52.000000000000000        0.0000000000000000        0.0000000000000000     
   52.100000000000001        0.0000000000000000        0.0000000000000000     
   52.200000000000003        0.0000000000000000        0.0000000000000000     
   52.300000000000004        0.0000000000000000        0.0000000000000000     
   52.400000000000006        0.0000000000000000        0.0000000000000000     
   52.500000000000000        0.0000000000000000        0.0000000000000000     
   52.600000000000001        0.0000000000000000        0.0000000000000000     
   52.700000000000003        0.0000000000000000        0.0000000000000000     
   52.800000000000004        0.0000000000000000        0.0000000000000000     
   52.900000000000006        0.0000000000000000        0.0000000000000000     
   53.000000000000000        0.0000000000000000        0.0000000000000000     
   53.100000000000001        0.0000000000000000        0.0000000000000000     
   53.200000000000003        0.0000000000000000        0.0000000000000000     
   53.300000000000004        0.0000000000000000        0.0000000000000000     
   53.400000000000006        0.0000000000000000        0.0000000000000000     
   53.500000000000000        0.0000000000000000        0.0000000000000000     
   53.600000000000001        0.0000000000000000        0.0000000000000000     
   53.700000000000003        0.0000000000000000        0.0000000000000000     
   53.800000000000004        0.0000000000000000        0.0000000000000000     
   53.900000000000006        0.0000000000000000        0.0000000000000000     
   54.000000000000000        0.0000000000000000        0.0000000000000000     
   54.100000000000001        0.0000000000000000        0.0000000000000000     
   54.200000000000003        0.0000000000000000        0.0000000000000000     
   54.300000000000004        0.0000000000000000        0.0000000000000000     
   54.400000000000006        0.0000000000000000        0.0000000000000000     
   54.500000000000000        0.0000000000000000        0.0000000000000000     
   54.600000000000001        0.0000000000000000        0.0000000000000000     
   54.700000000000003        0.0000000000000000        0.0000000000000000     
   54.800000000000004        0.0000000000000000        0.0000000000000000     
   54.900000000000006        0.0000000000000000        0.0000000000000000     
   55.000000000000000        0.0000000000000000        0.0000000000000000     
   55.100000000000001        0.0000000000000000        0.0000000000000000     
   55.200000000000003        0.0000000000000000        0.0000000000000000     
   55.300000000000004        0.0000000000000000        0.0000000000000000     
   55.400000000000006        0.0000000000000000        0.0000000000000000     
   55.500000000000000        0.0000000000000000        0.0000000000000000     
   55.600000000000001        0.0000000000000000        0.0000000000000000     
   55.700000000000003        0.0000000000000000        0.0000000000000000     
   55.800000000000004        0.0000000000000000        0.0000000000000000     
   55.900000000000006        0.0000000000000000        0.0000000000000000     
   56.000000000000000        0.0000000000000000        0.0000000000000000     
   56.100000000000001        0.0000000000000000        0.0000000000000000     
   56.200000000000003        0.0000000000000000        0.0000000000000000     
   56.300000000000004        0.0000000000000000        0.0000000000000000     
   56.400000000000006        0.0000000000000000        0.0000000000000000     
   56.500000000000000        0.0000000000000000        0.0000000000000000     
   56.600000000000001        0.0000000000000000        0.0000000000000000     
   56.700000000000003        0.0000000000000000        0.0000000000000000     
   56.800000000000004        0.0000000000000000        0.0000000000000000     
   56.900000000000006        0.0000000000000000        0.0000000000000000     
   57.000000000000000        0.0000000000000000        0.0000000000000000     
   57.100000000000001        0.0000000000000000        0.0000000000000000     
   57.200000000000003        0.0000000000000000        0.0000000000000000     
   57.300000000000004        0.0000000000000000        0.0000000000000000     
   57.400000000000006        0.0000000000000000        0.0000000000000000     
   57.500000000000000        0.0000000000000000        0.0000000000000000     
   57.600000000000001        0.0000000000000000        0.0000000000000000     
   57.700000000000003        0.0000000000000000        0.0000000000000000     
   57.800000000000004        0.0000000000000000        0.0000000000000000     
   57.900000000000006        0.0000000000000000        0.0000000000000000     
   58.000000000000000        0.0000000000000000        0.0000000000000000     
   58.100000000000001        0.0000000000000000        0.0000000000000000     
   58.200000000000003        0.0000000000000000        0.0000000000000000     
   58.300000000000004        0.0000000000000000        0.0000000000000000     
   58.400000000000006        0.0000000000000000        0.0000000000000000     
   58.500000000000000        0.0000000000000000        0.0000000000000000     
   58.600000000000001        0.0000000000000000        0.0000000000000000     
   58.700000000000003        0.0000000000000000        0.0000000000000000     
   58.800000000000004        0.0000000000000000        0.0000000000000000     
   58.900000000000006        0.0000000000000000        0.0000000000000000     
   59.000000000000000        0.0000000000000000        0.0000000000000000     
   59.100000000000001        0.0000000000000000        0.0000000000000000     
   59.200000000000003        0.0000000000000000        0.0000000000000000     
   59.300000000000004        0.0000000000000000        0.0000000000000000     
   59.400000000000006        0.0000000000000000        0.0000000000000000     
   59.500000000000000        0.0000000000000000        0.0000000000000000     
   59.600000000000001        0.0000000000000000        0.0000000000000000     
   59.700000000000003        0.0000000000000000        0.0000000000000000     
   59.800000000000004        0.0000000000000000        0.0000000000000000     
   59.900000000000006        0.0000000000000000        0.0000000000000000     
   60.000000000000000        0.0000000000000000        0.0000000000000000     
   60.100000000000001        0.0000000000000000        0.0000000000000000     
   60.200000000000003        0.0000000000000000        0.0000000000000000     
   60.300000000000004        0.0000000000000000        0.0000000000000000     
   60.400000000000006        0.0000000000000000        0.0000000000000000     
   60.500000000000000        0.0000000000000000        0.0000000000000000     
   60.600000000000001        0.0000000000000000        0.0000000000000000     
   60.700000000000003        0.0000000000000000        0.0000000000000000     
   60.800000000000004        0.0000000000000000        0.0000000000000000     
   60.900000000000006        0.0000000000000000        0.0000000000000000     
   61.000000000000000        0.0000000000000000        0.0000000000000000     
   61.100000000000001        0.0000000000000000        0.0000000000000000     
   61.200000000000003        0.0000000000000000        0.0000000000000000     
   61.300000000000004        0.0000000000000000        0.0000000000000000     
   61.400000000000006        0.0000000000000000        0.0000000000000000     
   61.500000000000000        0.0000000000000000        0.0000000000000000     
   61.600000000000001        0.0000000000000000        0.0000000000000000     
   61.700000000000003        0.0000000000000000        0.0000000000000000     
   61.800000000000004        0.0000000000000000        0.0000000000000000     
   61.900000000000006        0.0000000000000000        0.0000000000000000     
   62.000000000000000        0.0000000000000000        0.0000000000000000     
   62.100000000000001        0.0000000000000000        0.0000000000000000     
   62.200000000000003        0.0000000000000000        0.0000000000000000     
   62.300000000000004        0.0000000000000000        0.0000000000000000     
   62.400000000000006        0.0000000000000000        0.0000000000000000     
   62.500000000000000        0.0000000000000000        0.0000000000000000     
   62.600000000000001        0.0000000000000000        0.0000000000000000     
   62.700000000000003        0.0000000000000000        0.0000000000000000     
   62.800000000000004        0.0000000000000000        0.0000000000000000     
   62.900000000000006        0.0000000000000000        0.0000000000000000     
   63.000000000000000        0.0000000000000000        0.0000000000000000     
   63.100000000000001        0.0000000000000000        0.0000000000000000     
   63.200000000000003        0.0000000000000000        0.0000000000000000     
   63.300000000000004        0.0000000000000000        0.0000000000000000     
   63.400000000000006        0.0000000000000000        0.0000000000000000     
   63.500000000000000        0.0000000000000000        0.0000000000000000     
   63.600000000000001        0.0000000000000000        0.0000000000000000     
   63.700000000000003        0.0000000000000000        0.0000000000000000     
   63.800000000000004        0.0000000000000000        0.0000000000000000     
   63.900000000000006        0.0000000000000000        0.0000000000000000     
   64.000000000000000        0.0000000000000000        0.0000000000000000     
   64.100000000000009        0.0000000000000000        0.0000000000000000     
   64.200000000000003        0.0000000000000000        0.0000000000000000     
   64.299999999999997        0.0000000000000000        0.0000000000000000     
   64.400000000000006        0.0000000000000000        0.0000000000000000     
   64.500000000000000        0.0000000000000000        0.0000000000000000     
   64.600000000000009        0.0000000000000000        0.0000000000000000     
   64.700000000000003        0.0000000000000000        0.0000000000000000     
   64.799999999999997        0.0000000000000000        0.0000000000000000     
   64.900000000000006        0.0000000000000000        0.0000000000000000     
   65.000000000000000        0.0000000000000000        0.0000000000000000     
   65.100000000000009        0.0000000000000000        0.0000000000000000     
   65.200000000000003        0.0000000000000000        0.0000000000000000     
   65.299999999999997        0.0000000000000000        0.0000000000000000     
   65.400000000000006        0.0000000000000000        0.0000000000000000     
   65.500000000000000        0.0000000000000000        0.0000000000000000     
   65.600000000000009        0.0000000000000000        0.0000000000000000     
   65.700000000000003        0.0000000000000000        0.0000000000000000     
   65.799999999999997        0.0000000000000000        0.0000000000000000     
   65.900000000000006        0.0000000000000000        0.0000000000000000     
   66.000000000000000        0.0000000000000000        0.0000000000000000     
   66.100000000000009        0.0000000000000000        0.0000000000000000     
   66.200000000000003        0.0000000000000000        0.0000000000000000     
   66.299999999999997        0.0000000000000000        0.0000000000000000     
   66.400000000000006        0.0000000000000000        0.0000000000000000     
   66.500000000000000        0.0000000000000000        0.0000000000000000     
   66.600000000000009        0.0000000000000000        0.0000000000000000     
   66.700000000000003        0.0000000000000000        0.0000000000000000     
   66.799999999999997        0.0000000000000000        0.0000000000000000     
   66.900000000000006        0.0000000000000000        0.0000000000000000     
   67.000000000000000        0.0000000000000000        0.0000000000000000     
   67.100000000000009        0.0000000000000000        0.0000000000000000     
   67.200000000000003        0.0000000000000000        0.0000000000000000     
   67.299999999999997        0.0000000000000000        0.0000000000000000     
   67.400000000000006        0.0000000000000000        0.0000000000000000     
   67.500000000000000        0.0000000000000000        0.0000000000000000     
   67.600000000000009        0.0000000000000000        0.0000000000000000     
   67.700000000000003        0.0000000000000000        0.0000000000000000     
   67.799999999999997        0.0000000000000000        0.0000000000000000     
   67.900000000000006        0.0000000000000000        0.0000000000000000     
   68.000000000000000        0.0000000000000000        0.0000000000000000     
   68.100000000000009        0.0000000000000000        0.0000000000000000     
   68.200000000000003        0.0000000000000000        0.0000000000000000     
   68.299999999999997        0.0000000000000000        0.0000000000000000     
   68.400000000000006        0.0000000000000000        0.0000000000000000     
   68.500000000000000        0.0000000000000000        0.0000000000000000     
   68.600000000000009        0.0000000000000000        0.0000000000000000     
   68.700000000000003        0.0000000000000000        0.0000000000000000     
   68.799999999999997        0.0000000000000000        0.0000000000000000     
   68.900000000000006        0.0000000000000000        0.0000000000000000     
   69.000000000000000        0.0000000000000000        0.0000000000000000     
   69.100000000000009        0.0000000000000000        0.0000000000000000     
   69.200000000000003        0.0000000000000000        0.0000000000000000     
   69.299999999999997        0.0000000000000000        0.0000000000000000     
   69.400000000000006        0.0000000000000000        0.0000000000000000     
   69.500000000000000        0.0000000000000000        0.0000000000000000     
   69.600000000000009        0.0000000000000000        0.0000000000000000     
   69.700000000000003        0.0000000000000000        0.0000000000000000     
   69.799999999999997        0.0000000000000000        0.0000000000000000     
   69.900000000000006        0.0000000000000000        0.0000000000000000     
   70.000000000000000        0.0000000000000000        0.0000000000000000     
   70.100000000000009        0.0000000000000000        0.0000000000000000     
   70.200000000000003        0.0000000000000000        0.0000000000000000     
   70.299999999999997        0.0000000000000000        0.0000000000000000     
   70.400000000000006        0.0000000000000000        0.0000000000000000     
   70.500000000000000        0.0000000000000000        0.0000000000000000     
   70.600000000000009        0.0000000000000000        0.0000000000000000     
   70.700000000000003        0.0000000000000000        0.0000000000000000     
   70.799999999999997        0.0000000000000000        0.0000000000000000     
   70.900000000000006        0.0000000000000000        0.0000000000000000     
   71.000000000000000        0.0000000000000000        0.0000000000000000     
   71.100000000000009        0.0000000000000000        0.0000000000000000     
   71.200000000000003        0.0000000000000000        0.0000000000000000     
   71.299999999999997        0.0000000000000000        0.0000000000000000     
   71.400000000000006        0.0000000000000000        0.0000000000000000     
   71.500000000000000        0.0000000000000000        0.0000000000000000     
   71.600000000000009        0.0000000000000000        0.0000000000000000     
   71.700000000000003        0.0000000000000000        0.0000000000000000     
   71.799999999999997        0.0000000000000000        0.0000000000000000     
   71.900000000000006        0.0000000000000000        0.0000000000000000     
   72.000000000000000        0.0000000000000000        0.0000000000000000     
   72.100000000000009        0.0000000000000000        0.0000000000000000     
   72.200000000000003        0.0000000000000000        0.0000000000000000     
   72.299999999999997        0.0000000000000000        0.0000000000000000     
   72.400000000000006        0.0000000000000000        0.0000000000000000     
   72.500000000000000        0.0000000000000000        0.0000000000000000     
   72.600000000000009        0.0000000000000000        0.0000000000000000     
   72.700000000000003        0.0000000000000000        0.0000000000000000     
   72.799999999999997        0.0000000000000000        0.0000000000000000     
   72.900000000000006        0.0000000000000000        0.0000000000000000     
   73.000000000000000        0.0000000000000000        0.0000000000000000     
   73.100000000000009        0.0000000000000000        0.0000000000000000     
   73.200000000000003        0.0000000000000000        0.0000000000000000     
   73.299999999999997        0.0000000000000000        0.0000000000000000     
   73.400000000000006        0.0000000000000000        0.0000000000000000     
   73.500000000000000        0.0000000000000000        0.0000000000000000     
   73.600000000000009        0.0000000000000000        0.0000000000000000     
   73.700000000000003        0.0000000000000000        0.0000000000000000     
   73.799999999999997        0.0000000000000000        0.0000000000000000     
   73.900000000000006        0.0000000000000000        0.0000000000000000     
   74.000000000000000        0.0000000000000000        0.0000000000000000     
   74.100000000000009        0.0000000000000000        0.0000000000000000     
   74.200000000000003        0.0000000000000000        0.0000000000000000     
   74.299999999999997        0.0000000000000000        0.0000000000000000     
   74.400000000000006        0.0000000000000000        0.0000000000000000     
   74.500000000000000        0.0000000000000000        0.0000000000000000     
   74.600000000000009        0.0000000000000000        0.0000000000000000     
   74.700000000000003        0.0000000000000000        0.0000000000000000     
   74.799999999999997        0.0000000000000000        0.0000000000000000     
   74.900000000000006        0.0000000000000000        0.0000000000000000     
   75.000000000000000        0.0000000000000000        0.0000000000000000     
   75.100000000000009        0.0000000000000000        0.0000000000000000     
   75.200000000000003        0.0000000000000000        0.0000000000000000     
   75.299999999999997        0.0000000000000000        0.0000000000000000     
   75.400000000000006        0.0000000000000000        0.0000000000000000     
   75.500000000000000        0.0000000000000000        0.0000000000000000     
   75.600000000000009        0.0000000000000000        0.0000000000000000     
   75.700000000000003        0.0000000000000000        0.0000000000000000     
   75.799999999999997        0.0000000000000000        0.0000000000000000     
   75.900000000000006        0.0000000000000000        0.0000000000000000     
   76.000000000000000        0.0000000000000000        0.0000000000000000     
   76.100000000000009        0.0000000000000000        0.0000000000000000     
   76.200000000000003        0.0000000000000000        0.0000000000000000     
   76.299999999999997        0.0000000000000000        0.0000000000000000     
   76.400000000000006        0.0000000000000000        0.0000000000000000     
   76.500000000000000        0.0000000000000000        0.0000000000000000     
   76.600000000000009        0.0000000000000000        0.0000000000000000     
   76.700000000000003        0.0000000000000000        0.0000000000000000     
   76.800000000000011        0.0000000000000000        0.0000000000000000     
   76.900000000000006        0.0000000000000000        0.0000000000000000     
   77.000000000000000        0.0000000000000000        0.0000000000000000     
   77.100000000000009        0.0000000000000000        0.0000000000000000     
   77.200000000000003        0.0000000000000000        0.0000000000000000     
   77.300000000000011        0.0000000000000000        0.0000000000000000     
   77.400000000000006        0.0000000000000000        0.0000000000000000     
   77.500000000000000        0.0000000000000000        0.0000000000000000     
   77.600000000000009        0.0000000000000000        0.0000000000000000     
   77.700000000000003        0.0000000000000000        0.0000000000000000     
   77.800000000000011        0.0000000000000000        0.0000000000000000     
   77.900000000000006        0.0000000000000000        0.0000000000000000     
   78.000000000000000        0.0000000000000000        0.0000000000000000     
   78.100000000000009        0.0000000000000000        0.0000000000000000     
   78.200000000000003        0.0000000000000000        0.0000000000000000     
   78.300000000000011        0.0000000000000000        0.0000000000000000     
   78.400000000000006        0.0000000000000000        0.0000000000000000     
   78.500000000000000        0.0000000000000000        0.0000000000000000     
   78.600000000000009        0.0000000000000000        0.0000000000000000     
   78.700000000000003        0.0000000000000000        0.0000000000000000     
   78.800000000000011        0.0000000000000000        0.0000000000000000     
   78.900000000000006        0.0000000000000000        0.0000000000000000     
   79.000000000000000        0.0000000000000000        0.0000000000000000     
   79.100000000000009        0.0000000000000000        0.0000000000000000     
   79.200000000000003        0.0000000000000000        0.0000000000000000     
   79.300000000000011        0.0000000000000000        0.0000000000000000     
   79.400000000000006        0.0000000000000000        0.0000000000000000     
   79.500000000000000        0.0000000000000000        0.0000000000000000     
   79.600000000000009        0.0000000000000000        0.0000000000000000     
   79.700000000000003        0.0000000000000000        0.0000000000000000     
   79.800000000000011        0.0000000000000000        0.0000000000000000     
   79.900000000000006        0.0000000000000000        0.0000000000000000     
   80.000000000000000        0.0000000000000000        0.0000000000000000     
   80.100000000000009        0.0000000000000000        0.0000000000000000     
   80.200000000000003        0.0000000000000000        0.0000000000000000     
   80.300000000000011        0.0000000000000000        0.0000000000000000     
   80.400000000000006        0.0000000000000000        0.0000000000000000     
   80.500000000000000        0.0000000000000000        0.0000000000000000     
   80.600000000000009        0.0000000000000000        0.0000000000000000     
   80.700000000000003        0.0000000000000000        0.0000000000000000     
   80.800000000000011        0.0000000000000000        0.0000000000000000     
   80.900000000000006        0.0000000000000000        0.0000000000000000     
   81.000000000000000        0.0000000000000000        0.0000000000000000     
   81.100000000000009        0.0000000000000000        0.0000000000000000     
   81.200000000000003        0.0000000000000000        0.0000000000000000     
   81.300000000000011        0.0000000000000000        0.0000000000000000     
   81.400000000000006        0.0000000000000000        0.0000000000000000     
   81.500000000000000        0.0000000000000000        0.0000000000000000     
   81.600000000000009        0.0000000000000000        0.0000000000000000     
   81.700000000000003        0.0000000000000000        0.0000000000000000     
   81.800000000000011        0.0000000000000000        0.0000000000000000     
   81.900000000000006        0.0000000000000000        0.0000000000000000     
   82.000000000000000        0.0000000000000000        0.0000000000000000     
   82.100000000000009        0.0000000000000000        0.0000000000000000     
   82.200000000000003        0.0000000000000000        0.0000000000000000     
   82.300000000000011        0.0000000000000000        0.0000000000000000     
   82.400000000000006        0.0000000000000000        0.0000000000000000     
   82.500000000000000        0.0000000000000000        0.0000000000000000     
   82.600000000000009        0.0000000000000000        0.0000000000000000     
   82.700000000000003        0.0000000000000000        0.0000000000000000     
   82.800000000000011        0.0000000000000000        0.0000000000000000     
   82.900000000000006        0.0000000000000000        0.0000000000000000     
   83.000000000000000        0.0000000000000000        0.0000000000000000     
   83.100000000000009        0.0000000000000000        0.0000000000000000     
   83.200000000000003        0.0000000000000000        0.0000000000000000     
   83.300000000000011        0.0000000000000000        0.0000000000000000     
   83.400000000000006        0.0000000000000000        0.0000000000000000     
   83.500000000000000        0.0000000000000000        0.0000000000000000     
   83.600000000000009        0.0000000000000000        0.0000000000000000     
   83.700000000000003        0.0000000000000000        0.0000000000000000     
   83.800000000000011        0.0000000000000000        0.0000000000000000     
   83.900000000000006        0.0000000000000000        0.0000000000000000     
   84.000000000000000        0.0000000000000000        0.0000000000000000     
   84.100000000000009        0.0000000000000000        0.0000000000000000     
   84.200000000000003        0.0000000000000000        0.0000000000000000     
   84.300000000000011        0.0000000000000000        0.0000000000000000     
   84.400000000000006        0.0000000000000000        0.0000000000000000     
   84.500000000000000        0.0000000000000000        0.0000000000000000     
   84.600000000000009        0.0000000000000000        0.0000000000000000     
   84.700000000000003        0.0000000000000000        0.0000000000000000     
   84.800000000000011        0.0000000000000000        0.0000000000000000     
   84.900000000000006        0.0000000000000000        0.0000000000000000     
   85.000000000000000        0.0000000000000000        0.0000000000000000     
   85.100000000000009        0.0000000000000000        0.0000000000000000     
   85.200000000000003        0.0000000000000000        0.0000000000000000     
   85.300000000000011        0.0000000000000000        0.0000000000000000     
   85.400000000000006        0.0000000000000000        0.0000000000000000     
   85.500000000000000        0.0000000000000000        0.0000000000000000     
   85.600000000000009        0.0000000000000000        0.0000000000000000     
   85.700000000000003        0.0000000000000000        0.0000000000000000     
   85.800000000000011        0.0000000000000000        0.0000000000000000     
   85.900000000000006        0.0000000000000000        0.0000000000000000     
   86.000000000000000        0.0000000000000000        0.0000000000000000     
   86.100000000000009        0.0000000000000000        0.0000000000000000     
   86.200000000000003        0.0000000000000000        0.0000000000000000     
   86.300000000000011        0.0000000000000000        0.0000000000000000     
   86.400000000000006        0.0000000000000000        0.0000000000000000     
   86.500000000000000        0.0000000000000000        0.0000000000000000     
   86.600000000000009        0.0000000000000000        0.0000000000000000     
   86.700000000000003        0.0000000000000000        0.0000000000000000     
   86.800000000000011        0.0000000000000000        0.0000000000000000     
   86.900000000000006        0.0000000000000000        0.0000000000000000     
   87.000000000000000        0.0000000000000000        0.0000000000000000     
   87.100000000000009        0.0000000000000000        0.0000000000000000     
   87.200000000000003        0.0000000000000000        0.0000000000000000     
   87.300000000000011        0.0000000000000000        0.0000000000000000     
   87.400000000000006        0.0000000000000000        0.0000000000000000     
   87.500000000000000        0.0000000000000000        0.0000000000000000     
   87.600000000000009        0.0000000000000000        0.0000000000000000     
   87.700000000000003        0.0000000000000000        0.0000000000000000     
   87.800000000000011        0.0000000000000000        0.0000000000000000     
   87.900000000000006        0.0000000000000000        0.0000000000000000     
   88.000000000000000        0.0000000000000000        0.0000000000000000     
   88.100000000000009        0.0000000000000000        0.0000000000000000     
   88.200000000000003        0.0000000000000000        0.0000000000000000     
   88.300000000000011        0.0000000000000000        0.0000000000000000     
   88.400000000000006        0.0000000000000000        0.0000000000000000     
   88.500000000000000        0.0000000000000000        0.0000000000000000     
   88.600000000000009        0.0000000000000000        0.0000000000000000     
   88.700000000000003        0.0000000000000000        0.0000000000000000     
   88.800000000000011        0.0000000000000000        0.0000000000000000     
   88.900000000000006        0.0000000000000000        0.0000000000000000     
   89.000000000000000        0.0000000000000000        0.0000000000000000     
   89.100000000000009        0.0000000000000000        0.0000000000000000     
   89.200000000000003        0.0000000000000000        0.0000000000000000     
   89.300000000000011        0.0000000000000000        0.0000000000000000     
   89.400000000000006        0.0000000000000000        0.0000000000000000     
   89.500000000000000        0.0000000000000000        0.0000000000000000     
   89.600000000000009        0.0000000000000000        0.0000000000000000     
   89.700000000000003        0.0000000000000000        0.0000000000000000     
   89.800000000000011        0.0000000000000000        0.0000000000000000     
   89.900000000000006        0.0000000000000000        0.0000000000000000     
   90.000000000000000        0.0000000000000000        0.0000000000000000     
   90.100000000000009        0.0000000000000000        0.0000000000000000     
   90.200000000000003        0.0000000000000000        0.0000000000000000     
   90.300000000000011        0.0000000000000000        0.0000000000000000     
   90.400000000000006        0.0000000000000000        0.0000000000000000     
   90.500000000000000        0.0000000000000000        0.0000000000000000     
   90.600000000000009        0.0000000000000000        0.0000000000000000     
   90.700000000000003        0.0000000000000000        0.0000000000000000     
   90.800000000000011        0.0000000000000000        0.0000000000000000     
   90.900000000000006        0.0000000000000000        0.0000000000000000     
   91.000000000000000        0.0000000000000000        0.0000000000000000     
   91.100000000000009        0.0000000000000000        0.0000000000000000     
   91.200000000000003        0.0000000000000000        0.0000000000000000     
   91.300000000000011        0.0000000000000000        0.0000000000000000     
   91.400000000000006        0.0000000000000000        0.0000000000000000     
   91.500000000000000        0.0000000000000000        0.0000000000000000     
   91.600000000000009        0.0000000000000000        0.0000000000000000     
   91.700000000000003        0.0000000000000000        0.0000000000000000     
   91.800000000000011        0.0000000000000000        0.0000000000000000     
   91.900000000000006        0.0000000000000000        0.0000000000000000     
   92.000000000000000        0.0000000000000000        0.0000000000000000     
   92.100000000000009        0.0000000000000000        0.0000000000000000     
   92.200000000000003        0.0000000000000000        0.0000000000000000     
   92.300000000000011        0.0000000000000000        0.0000000000000000     
   92.400000000000006        0.0000000000000000        0.0000000000000000     
   92.500000000000000        0.0000000000000000        0.0000000000000000     
   92.600000000000009        0.0000000000000000        0.0000000000000000     
   92.700000000000003        0.0000000000000000        0.0000000000000000     
   92.800000000000011        0.0000000000000000        0.0000000000000000     
   92.900000000000006        0.0000000000000000        0.0000000000000000     
   93.000000000000000        0.0000000000000000        0.0000000000000000     
   93.100000000000009        0.0000000000000000        0.0000000000000000     
   93.200000000000003        0.0000000000000000        0.0000000000000000     
   93.300000000000011        0.0000000000000000        0.0000000000000000     
   93.400000000000006        0.0000000000000000        0.0000000000000000     
   93.500000000000000        0.0000000000000000        0.0000000000000000     
   93.600000000000009        0.0000000000000000        0.0000000000000000     
   93.700000000000003        0.0000000000000000        0.0000000000000000     
   93.800000000000011        0.0000000000000000        0.0000000000000000     
   93.900000000000006        0.0000000000000000        0.0000000000000000     
   94.000000000000000        0.0000000000000000        0.0000000000000000     
   94.100000000000009        0.0000000000000000        0.0000000000000000     
   94.200000000000003        0.0000000000000000        0.0000000000000000     
   94.300000000000011        0.0000000000000000        0.0000000000000000     
   94.400000000000006        0.0000000000000000        0.0000000000000000     
   94.500000000000000        0.0000000000000000        0.0000000000000000     
   94.600000000000009        0.0000000000000000        0.0000000000000000     
   94.700000000000003        0.0000000000000000        0.0000000000000000     
   94.800000000000011        0.0000000000000000        0.0000000000000000     
   94.900000000000006        0.0000000000000000        0.0000000000000000     
   95.000000000000000        0.0000000000000000        0.0000000000000000     
   95.100000000000009        0.0000000000000000        0.0000000000000000     
   95.200000000000003        0.0000000000000000        0.0000000000000000     
   95.300000000000011        0.0000000000000000        0.0000000000000000     
   95.400000000000006        0.0000000000000000        0.0000000000000000     
   95.500000000000000        0.0000000000000000        0.0000000000000000     
   95.600000000000009        0.0000000000000000        0.0000000000000000     
   95.700000000000003        0.0000000000000000        0.0000000000000000     
   95.800000000000011        0.0000000000000000        0.0000000000000000     
   95.900000000000006        0.0000000000000000        0.0000000000000000     
   96.000000000000000        0.0000000000000000        0.0000000000000000     
   96.100000000000009        0.0000000000000000        0.0000000000000000     
   96.200000000000003        0.0000000000000000        0.0000000000000000     
   96.300000000000011        0.0000000000000000        0.0000000000000000     
   96.400000000000006        0.0000000000000000        0.0000000000000000     
   96.500000000000000        0.0000000000000000        0.0000000000000000     
   96.600000000000009        0.0000000000000000        0.0000000000000000     
   96.700000000000003        0.0000000000000000        0.0000000000000000     
   96.800000000000011        0.0000000000000000        0.0000000000000000     
   96.900000000000006        0.0000000000000000        0.0000000000000000     
   97.000000000000000        0.0000000000000000        0.0000000000000000     
   97.100000000000009        0.0000000000000000        0.0000000000000000     
   97.200000000000003        0.0000000000000000        0.0000000000000000     
   97.300000000000011        0.0000000000000000        0.0000000000000000     
   97.400000000000006        0.0000000000000000        0.0000000000000000     
   97.500000000000000        0.0000000000000000        0.0000000000000000     
   97.600000000000009        0.0000000000000000        0.0000000000000000     
   97.700000000000003        0.0000000000000000        0.0000000000000000     
   97.800000000000011        0.0000000000000000        0.0000000000000000     
   97.900000000000006        0.0000000000000000        0.0000000000000000     
   98.000000000000000        0.0000000000000000        0.0000000000000000     
   98.100000000000009        0.0000000000000000        0.0000000000000000     
   98.200000000000003        0.0000000000000000        0.0000000000000000     
   98.300000000000011        0.0000000000000000        0.0000000000000000     
   98.400000000000006        0.0000000000000000        0.0000000000000000     
   98.500000000000000        0.0000000000000000        0.0000000000000000     
   98.600000000000009        0.0000000000000000        0.0000000000000000     
   98.700000000000003        0.0000000000000000        0.0000000000000000     
   98.800000000000011        0.0000000000000000        0.0000000000000000     
   98.900000000000006        0.0000000000000000        0.0000000000000000     
   99.000000000000000        0.0000000000000000        0.0000000000000000     
   99.100000000000009        0.0000000000000000        0.0000000000000000     
   99.200000000000003        0.0000000000000000        0.0000000000000000     
   99.300000000000011        0.0000000000000000        0.0000000000000000     
   99.400000000000006        0.0000000000000000        0.0000000000000000     
   99.500000000000000        0.0000000000000000        0.0000000000000000     
   99.600000000000009        0.0000000000000000        0.0000000000000000     
   99.700000000000003        0.0000000000000000        0.0000000000000000     
   99.800000000000011        0.0000000000000000        0.0000000000000000     
   99.900000000000006        0.0000000000000000        0.0000000000000000     
   100.00000000000000        0.0000000000000000        0.0000000000000000     
