   1.0000000000000004        3.7145344843668513E-016   1.1924133607796723E-016   3.1093916513786610E-016  -8.3946572598343729E-017   1.2308625245514258E-011   1.4262568882777879E-012  -1.2109834105760482E-010   3.5010698170767086E-015  -1.2498748013756324E-012  -3.3389859140772156E-014  -4.3620527332009658E-011   3.9290995886724412E-016   9.2897698335641186E-011
   3.7145344843668513E-016   1.0000000000000013        2.0430722142756266E-010   5.7793674786228249E-012   2.8206266065327878E-010   1.1359788664859779E-014   2.8801165344536299E-016  -4.6684861877798175E-013   3.0815924319978589E-012  -3.9429273354308503E-016  -7.1186927122570151E-016   7.5980538703850566E-010  -2.3574684683907207E-011  -1.0874364900157710E-009
   1.1924133607796723E-016   2.0430722142756266E-010  0.99999999999999911        7.7435692569412468E-012  -1.6201203179439618E-011  -1.6926833648746763E-016   4.4727222326479523E-015  -5.4334980066634648E-013  -3.2671393654397093E-010   3.1048695631409317E-016  -1.8562775266671766E-015  -1.8746918323191030E-010  -1.5320844351919548E-013   3.1186842744979311E-016
   3.1093916513786610E-016   5.7793674786228249E-012   7.7435692569412468E-012  0.99999999999999944        4.2369977109940172E-015  -2.0840986456619266E-016   1.6866951903477858E-015   2.5548705493138845E-011  -3.2169699635966027E-016   6.8712408902375625E-018  -1.2171089805010024E-014   5.4190052976539614E-013   5.6298918555375620E-011  -2.0525267560448727E-010
  -8.3946572598343729E-017   2.8206266065327878E-010  -1.6201203179439618E-011   4.2369977109940172E-015  0.99999999999999922       -3.7411069275981701E-012  -1.3171521850487603E-011  -4.8023102182730519E-013   1.1253751372267985E-016   1.8903105100286223E-015   1.8095274812069714E-017  -3.0292933780536411E-016  -6.0649589158478512E-014   7.3218712996490365E-014
   1.2308625245514258E-011   1.1359788664859779E-014  -1.6926833648746763E-016  -2.0840986456619266E-016  -3.7411069275981701E-012  0.99999999999999911       -8.8770386416645082E-017  -2.6187403001913893E-012   1.7972163900574103E-016  -1.8501111096264881E-017   3.1716244587797514E-011   6.8860514663708647E-013  -9.7219248185315014E-015   1.9965746522177748E-016
   1.4262568882777879E-012   2.8801165344536299E-016   4.4727222326479523E-015   1.6866951903477858E-015  -1.3171521850487603E-011  -8.8770386416645082E-017  0.99999999999999911        9.0382408885293201E-011  -6.5897449316116808E-017  -7.4480498785241241E-012  -1.4741235458307807E-012  -1.7751778992160316E-012  -1.2914457629812932E-016   4.6785339327532958E-010
  -1.2109834105760482E-010  -4.6684861877798175E-013  -5.4334980066634648E-013   2.5548705493138845E-011  -4.8023102182730519E-013  -2.6187403001913893E-012   9.0382408885293201E-011   1.0000000000000011        4.2915195114208632E-010   2.5618029440140317E-015   1.4343315853061049E-013  -1.9192943973445616E-011   2.8174653136724873E-010  -9.2097574050345833E-016
   3.5010698170767086E-015   3.0815924319978589E-012  -3.2671393654397093E-010  -3.2169699635966027E-016   1.1253751372267985E-016   1.7972163900574103E-016  -6.5897449316116808E-017   4.2915195114208632E-010   1.0000000000000000        1.1365407052639973E-014  -7.0366220339072381E-013   2.5156513088028200E-010  -1.9743940803256846E-015   8.1430803244827446E-010
  -1.2498748013756324E-012  -3.9429273354308503E-016   3.1048695631409317E-016   6.8712408902375625E-018   1.8903105100286223E-015  -1.8501111096264881E-017  -7.4480498785241241E-012   2.5618029440140317E-015   1.1365407052639973E-014  0.99999999999999978       -7.9869131050113476E-016   1.2182540747662925E-010   3.1889709073624299E-013  -1.1181196087208153E-015
  -3.3389859140772156E-014  -7.1186927122570151E-016  -1.8562775266671766E-015  -1.2171089805010024E-014   1.8095274812069714E-017   3.1716244587797514E-011  -1.4741235458307807E-012   1.4343315853061049E-013  -7.0366220339072381E-013  -7.9869131050113476E-016   1.0000000000000000        2.7033585264525291E-011   4.1258568453135677E-016   1.8025747548407432E-009
  -4.3620527332009658E-011   7.5980538703850566E-010  -1.8746918323191030E-010   5.4190052976539614E-013  -3.0292933780536411E-016   6.8860514663708647E-013  -1.7751778992160316E-012  -1.9192943973445616E-011   2.5156513088028200E-010   1.2182540747662925E-010   2.7033585264525291E-011   1.0000000000000002        8.0292017198327523E-017  -2.7490542661931664E-013
   3.9290995886724412E-016  -2.3574684683907207E-011  -1.5320844351919548E-013   5.6298918555375620E-011  -6.0649589158478512E-014  -9.7219248185315014E-015  -1.2914457629812932E-016   2.8174653136724873E-010  -1.9743940803256846E-015   3.1889709073624299E-013   4.1258568453135677E-016   8.0292017198327523E-017   1.0000000000000009        9.0631257644018752E-016
   9.2897698335641186E-011  -1.0874364900157710E-009   3.1186842744979311E-016  -2.0525267560448727E-010   7.3218712996490365E-014   1.9965746522177748E-016   4.6785339327532958E-010  -9.2097574050345833E-016   8.1430803244827446E-010  -1.1181196087208153E-015   1.8025747548407432E-009  -2.7490542661931664E-013   9.0631257644018752E-016   1.0000000000000007     
   1.0000000000000009        6.5147700201311929E-014  -2.2801347738706006E-016  -1.0368317618265711E-009  -4.8565790965334698E-015  -4.4964990953240241E-010   7.6194489704943025E-017  -4.2125385783946521E-013   2.6003362411867646E-012   5.6855746622167612E-011   1.6296350495913917E-016  -5.7487116418348304E-017   4.3002167122135842E-017   6.5876941540868939E-015
   6.5147700201311929E-014  0.99999999999999944       -1.6422866186501330E-014  -1.0855801578060929E-013  -1.5582163974619118E-011  -3.6592866309198075E-016   3.9842043312484325E-017   8.2073697541517784E-010   1.3717527269957722E-011   1.7661254367864413E-009   7.6188550444747318E-017   1.0908025827041205E-016   4.9805856122562827E-010   9.9016825268971090E-010
  -2.2801347738706006E-016  -1.6422866186501330E-014   1.0000000000000013       -6.6131780611633399E-013  -1.7883913315893337E-016   3.7213869929042578E-016   2.2683736728700458E-016   1.4871810419418865E-012  -1.9986763737940224E-016   1.1579819096798835E-013  -1.4599429131107257E-010   5.2694274444101267E-015  -4.7628680707380405E-015  -2.3829042829539658E-017
  -1.0368317618265711E-009  -1.0855801578060929E-013  -6.6131780611633399E-013  0.99999999999999867       -2.3211172238789907E-010   3.1170020844634804E-016   9.1459650247809153E-017   1.1223740767900640E-011  -2.0839804792321929E-016  -1.0808707816131372E-014  -9.7093373266208301E-016  -1.2630502302615026E-016   2.8011970618645287E-016   2.7033225466018375E-016
  -4.8565790965334698E-015  -1.5582163974619118E-011  -1.7883913315893337E-016  -2.3211172238789907E-010   1.0000000000000009       -4.0681512442893288E-015   6.9786557970366651E-012  -1.9560885674693309E-016   9.5431416231568138E-014  -3.1360424964220487E-016   1.6528171094728933E-012   5.5501948135567846E-016  -5.1196329599098453E-011  -2.2169166487990153E-016
  -4.4964990953240241E-010  -3.6592866309198075E-016   3.7213869929042578E-016   3.1170020844634804E-016  -4.0681512442893288E-015   1.0000000000000004       -7.0464973097912635E-011   7.9011755580844270E-012  -8.4354761751502825E-012   2.3314205151493868E-014  -5.5090954185383444E-015  -3.1184251307800603E-012  -3.8937467338763486E-013  -1.4719313235996338E-009
   7.6194489704943025E-017   3.9842043312484325E-017   2.2683736728700458E-016   9.1459650247809153E-017   6.9786557970366651E-012  -7.0464973097912635E-011  0.99999999999999967       -7.5436142582405005E-016  -1.2539018346192247E-014   6.8774303753258361E-017   2.2538283327007372E-010  -9.8609131493279786E-015  -3.6269812733018359E-014   3.7856249789797158E-015
  -4.2125385783946521E-013   8.2073697541517784E-010   1.4871810419418865E-012   1.1223740767900640E-011  -1.9560885674693309E-016   7.9011755580844270E-012  -7.5436142582405005E-016  0.99999999999999911       -7.0931082654510355E-010   7.0209581415003659E-014  -2.0770205053610513E-015   3.2698550449911542E-010   6.4803937784183930E-017  -5.2714180588555750E-016
   2.6003362411867646E-012   1.3717527269957722E-011  -1.9986763737940224E-016  -2.0839804792321929E-016   9.5431416231568138E-014  -8.4354761751502825E-012  -1.2539018346192247E-014  -7.0931082654510355E-010   1.0000000000000011       -2.8487696499838447E-016   2.0564587214506118E-016  -3.2819923645919958E-016  -2.8089227033101254E-016  -7.9017279639810282E-012
   5.6855746622167612E-011   1.7661254367864413E-009   1.1579819096798835E-013  -1.0808707816131372E-014  -3.1360424964220487E-016   2.3314205151493868E-014   6.8774303753258361E-017   7.0209581415003659E-014  -2.8487696499838447E-016   1.0000000000000009        7.9292793558598811E-012   1.0466033990434007E-016   3.8407375900044124E-012   2.9298829499693854E-017
   1.6296350495913917E-016   7.6188550444747318E-017  -1.4599429131107257E-010  -9.7093373266208301E-016   1.6528171094728933E-012  -5.5090954185383444E-015   2.2538283327007372E-010  -2.0770205053610513E-015   2.0564587214506118E-016   7.9292793558598811E-012   1.0000000000000004       -4.7107300036672597E-015  -1.2367060864632625E-015  -1.8367285629845932E-010
  -5.7487116418348304E-017   1.0908025827041205E-016   5.2694274444101267E-015  -1.2630502302615026E-016   5.5501948135567846E-016  -3.1184251307800603E-012  -9.8609131493279786E-015   3.2698550449911542E-010  -3.2819923645919958E-016   1.0466033990434007E-016  -4.7107300036672597E-015   1.0000000000000007       -4.9745420538258033E-011   2.7267924002021561E-016
   4.3002167122135842E-017   4.9805856122562827E-010  -4.7628680707380405E-015   2.8011970618645287E-016  -5.1196329599098453E-011  -3.8937467338763486E-013  -3.6269812733018359E-014   6.4803937784183930E-017  -2.8089227033101254E-016   3.8407375900044124E-012  -1.2367060864632625E-015  -4.9745420538258033E-011   1.0000000000000007       -5.1186533963409322E-013
   6.5876941540868939E-015   9.9016825268971090E-010  -2.3829042829539658E-017   2.7033225466018375E-016  -2.2169166487990153E-016  -1.4719313235996338E-009   3.7856249789797158E-015  -5.2714180588555750E-016  -7.9017279639810282E-012   2.9298829499693854E-017  -1.8367285629845932E-010   2.7267924002021561E-016  -5.1186533963409322E-013  0.99999999999999967     
  0.99999999999999900       -2.9227006587481578E-013   1.1133881981518662E-016   2.9037427966729913E-009  -2.3906703497500736E-016  -4.2279369610771959E-011  -1.1419521178231391E-016   7.0741098540351208E-017  -2.1236287327606131E-009   2.4509713598014911E-017   4.6408288022139964E-012  -2.0938982908592307E-015  -9.7295276813726608E-017  -1.5272725531591064E-012
  -2.9227006587481578E-013   1.0000000000000000        1.7624912991021064E-013  -2.8950021854792680E-015  -6.7477468021435083E-016  -3.2730162629189083E-010  -1.0575796691932470E-009   1.3908730594151222E-016   2.6683475557182131E-014  -3.1141197496027982E-016   1.4007165137858217E-009   3.5492986890084480E-016  -5.3342110130386628E-011  -4.6285556638556837E-011
   1.1133881981518662E-016   1.7624912991021064E-013   1.0000000000000011       -5.3444676412166589E-011   3.3752261479815587E-016   3.9849802582789530E-013   3.7579442783621484E-012   4.2374255786013792E-016  -5.0555430789086176E-015   3.9472943921519562E-010   1.4445219985209761E-014   1.8625354662739270E-009   3.8530479199720614E-016  -1.4758248072122461E-016
   2.9037427966729913E-009  -2.8950021854792680E-015  -5.3444676412166589E-011  0.99999999999999811       -1.9162036359331918E-012  -1.1875932305956791E-016   6.2361699488475688E-017  -1.4499929497292977E-009   1.6593456150141646E-011   3.7042865057076239E-017  -1.6739975947835876E-014   7.9516261574862925E-011   7.4460757480853266E-017   4.6810825733464931E-017
  -2.3906703497500736E-016  -6.7477468021435083E-016   3.3752261479815587E-016  -1.9162036359331918E-012  0.99999999999999845        4.5552399239487854E-012  -5.9097833816449199E-015   2.0111134484666619E-010   1.4356017828585284E-010   4.0207896970465026E-017   1.0862302693520667E-016  -4.4199299300569535E-016  -2.7098000998199745E-017   1.1468265608240161E-016
  -4.2279369610771959E-011  -3.2730162629189083E-010   3.9849802582789530E-013  -1.1875932305956791E-016   4.5552399239487854E-012  0.99999999999999900        1.8313806621367062E-016  -1.6021570783260227E-015   2.3642653074151828E-013   2.9146836054753971E-016  -1.8892215779916466E-009   2.6402644001687500E-014  -1.9240469885969828E-016   7.7690469331807009E-012
  -1.1419521178231391E-016  -1.0575796691932470E-009   3.7579442783621484E-012   6.2361699488475688E-017  -5.9097833816449199E-015   1.8313806621367062E-016   1.0000000000000000        1.1718889784836249E-012  -6.7876746703741709E-010  -1.0841483245116995E-012  -5.6660007252142050E-016  -6.7394082228931452E-013  -1.3478960237155328E-012  -2.0055246970629126E-009
   7.0741098540351208E-017   1.3908730594151222E-016   4.2374255786013792E-016  -1.4499929497292977E-009   2.0111134484666619E-010  -1.6021570783260227E-015   1.1718889784836249E-012  0.99999999999999889       -9.8010373074644342E-017   1.1217331259207169E-009   1.6560039175699871E-016   1.2413099277458508E-009  -2.6652744649855271E-010  -2.4542145266330591E-014
  -2.1236287327606131E-009   2.6683475557182131E-014  -5.0555430789086176E-015   1.6593456150141646E-011   1.4356017828585284E-010   2.3642653074151828E-013  -6.7876746703741709E-010  -9.8010373074644342E-017   1.0000000000000007       -2.2173743601749233E-012   1.4491301492087240E-011  -3.1539935544904295E-012  -1.1601015839922000E-012   1.0998013081705580E-014
   2.4509713598014911E-017  -3.1141197496027982E-016   3.9472943921519562E-010   3.7042865057076239E-017   4.0207896970465026E-017   2.9146836054753971E-016  -1.0841483245116995E-012   1.1217331259207169E-009  -2.2173743601749233E-012   1.0000000000000002       -4.7256197532073961E-015  -1.7994934825916827E-016  -1.8098760898391170E-009   1.6663068614808170E-009
   4.6408288022139964E-012   1.4007165137858217E-009   1.4445219985209761E-014  -1.6739975947835876E-014   1.0862302693520667E-016  -1.8892215779916466E-009  -5.6660007252142050E-016   1.6560039175699871E-016   1.4491301492087240E-011  -4.7256197532073961E-015   1.0000000000000009       -1.8600710752766317E-012   2.2838174962099996E-010   1.6019585039143934E-016
  -2.0938982908592307E-015   3.5492986890084480E-016   1.8625354662739270E-009   7.9516261574862925E-011  -4.4199299300569535E-016   2.6402644001687500E-014  -6.7394082228931452E-013   1.2413099277458508E-009  -3.1539935544904295E-012  -1.7994934825916827E-016  -1.8600710752766317E-012   1.0000000000000007       -3.2850903015697944E-016  -4.9256325338473301E-012
  -9.7295276813726608E-017  -5.3342110130386628E-011   3.8530479199720614E-016   7.4460757480853266E-017  -2.7098000998199745E-017  -1.9240469885969828E-016  -1.3478960237155328E-012  -2.6652744649855271E-010  -1.1601015839922000E-012  -1.8098760898391170E-009   2.2838174962099996E-010  -3.2850903015697944E-016   1.0000000000000009        8.9436815271097169E-015
  -1.5272725531591064E-012  -4.6285556638556837E-011  -1.4758248072122461E-016   4.6810825733464931E-017   1.1468265608240161E-016   7.7690469331807009E-012  -2.0055246970629126E-009  -2.4542145266330591E-014   1.0998013081705580E-014   1.6663068614808170E-009   1.6019585039143934E-016  -4.9256325338473301E-012   8.9436815271097169E-015  0.99999999999999978     
