#  1 Channels, Eigenvalue: 5 Energy:  21.9780
# J:2.50 parity: 1
 #  channel core Jc (l sn) jn
#  1 : 1 0.0 2 0.5 2.5
#  1200 points
   0.000     0.00000    
   0.050    0.386384E-05
   0.100    0.237160E-04
   0.150    0.418167E-04
   0.200   -0.171694E-04
   0.250   -0.292929E-03
   0.300   -0.976452E-03
   0.350   -0.227981E-02
   0.400   -0.439610E-02
   0.450   -0.745985E-02
   0.500   -0.115183E-01
   0.550   -0.165215E-01
   0.600   -0.223355E-01
   0.650   -0.287745E-01
   0.700   -0.356474E-01
   0.750   -0.428046E-01
   0.800   -0.501765E-01
   0.850   -0.577909E-01
   0.900   -0.657662E-01
   0.950   -0.742811E-01
   1.000   -0.835257E-01
   1.050   -0.936477E-01
   1.100   -0.104704    
   1.150   -0.116632    
   1.200   -0.129245    
   1.250   -0.142258    
   1.300   -0.155331    
   1.350   -0.168131    
   1.400   -0.180384    
   1.450   -0.191922    
   1.500   -0.202698    
   1.550   -0.212777    
   1.600   -0.222296    
   1.650   -0.231416    
   1.700   -0.240256    
   1.750   -0.248849    
   1.800   -0.257116    
   1.850   -0.264862    
   1.900   -0.271806    
   1.950   -0.277637    
   2.000   -0.282068    
   2.050   -0.284895    
   2.100   -0.286036    
   2.150   -0.285545    
   2.200   -0.283592    
   2.250   -0.280419    
   2.300   -0.276289    
   2.350   -0.271417    
   2.400   -0.265929    
   2.450   -0.259836    
   2.500   -0.253034    
   2.550   -0.245342    
   2.600   -0.236551    
   2.650   -0.226484    
   2.700   -0.215051    
   2.750   -0.202278    
   2.800   -0.188321    
   2.850   -0.173437    
   2.900   -0.157941    
   2.950   -0.142149    
   3.000   -0.126314    
   3.050   -0.110585    
   3.100   -0.949853E-01
   3.150   -0.794226E-01
   3.200   -0.637229E-01
   3.250   -0.476853E-01
   3.300   -0.311414E-01
   3.350   -0.140065E-01
   3.400    0.368849E-02
   3.450    0.217928E-01
   3.500    0.400603E-01
   3.550    0.581953E-01
   3.600    0.759115E-01
   3.650    0.929881E-01
   3.700    0.109312    
   3.750    0.124893    
   3.800    0.139859    
   3.850    0.154411    
   3.900    0.168777    
   3.950    0.183147    
   4.000    0.197627    
   4.050    0.212209    
   4.100    0.226763    
   4.150    0.241065    
   4.200    0.254841    
   4.250    0.267824    
   4.300    0.279811    
   4.350    0.290702    
   4.400    0.300520    
   4.450    0.309399    
   4.500    0.317554    
   4.550    0.325225    
   4.600    0.332619    
   4.650    0.339866    
   4.700    0.346981    
   4.750    0.353859    
   4.800    0.360301    
   4.850    0.366050    
   4.900    0.370847    
   4.950    0.374492    
   5.000    0.376879    
   5.050    0.378023    
   5.100    0.378053    
   5.150    0.377186    
   5.200    0.375672    
   5.250    0.373747    
   5.300    0.371575    
   5.350    0.369215    
   5.400    0.366610    
   5.450    0.363599    
   5.500    0.359953    
   5.550    0.355427    
   5.600    0.349816    
   5.650    0.342998    
   5.700    0.334963    
   5.750    0.325823    
   5.800    0.315781    
   5.850    0.305100    
   5.900    0.294045    
   5.950    0.282829    
   6.000    0.271578    
   6.050    0.260303    
   6.100    0.248904    
   6.150    0.237199    
   6.200    0.224961    
   6.250    0.211979    
   6.300    0.198101    
   6.350    0.183274    
   6.400    0.167560    
   6.450    0.151131    
   6.500    0.134236    
   6.550    0.117156    
   6.600    0.100156    
   6.650    0.834329E-01
   6.700    0.670853E-01
   6.750    0.510980E-01
   6.800    0.353533E-01
   6.850    0.196624E-01
   6.900    0.381045E-02
   6.950   -0.123927E-01
   7.000   -0.290672E-01
   7.050   -0.462321E-01
   7.100   -0.637948E-01
   7.150   -0.815624E-01
   7.200   -0.992741E-01
   7.250   -0.116646    
   7.300   -0.133419    
   7.350   -0.149406    
   7.400   -0.164519    
   7.450   -0.178782    
   7.500   -0.192317    
   7.550   -0.205315    
   7.600   -0.217993    
   7.650   -0.230545    
   7.700   -0.243098    
   7.750   -0.255686    
   7.800   -0.268231    
   7.850   -0.280563    
   7.900   -0.292438    
   7.950   -0.303587    
   8.000   -0.313758    
   8.050   -0.322763    
   8.100   -0.330505    
   8.150   -0.336997    
   8.200   -0.342351    
   8.250   -0.346757    
   8.300   -0.350446    
   8.350   -0.353639    
   8.400   -0.356512    
   8.450   -0.359156    
   8.500   -0.361563    
   8.550   -0.363623    
   8.600   -0.365148    
   8.650   -0.365902    
   8.700   -0.365644    
   8.750   -0.364173    
   8.800   -0.361361    
   8.850   -0.357180    
   8.900   -0.351702    
   8.950   -0.345094    
   9.000   -0.337586    
   9.050   -0.329431    
   9.100   -0.320868    
   9.150   -0.312080    
   9.200   -0.303167    
   9.250   -0.294130    
   9.300   -0.284879    
   9.350   -0.275247    
   9.400   -0.265025    
   9.450   -0.254002    
   9.500   -0.242002    
   9.550   -0.228921    
   9.600   -0.214745    
   9.650   -0.199560    
   9.700   -0.183537    
   9.750   -0.166917    
   9.800   -0.149970    
   9.850   -0.132959    
   9.900   -0.116104    
   9.950   -0.995507E-01
  10.000   -0.833565E-01
  10.050   -0.674842E-01
  10.100   -0.518162E-01
  10.150   -0.361785E-01
  10.200   -0.203742E-01
  10.250   -0.421977E-02
  10.300    0.124207E-01
  10.350    0.296093E-01
  10.400    0.473189E-01
  10.450    0.654324E-01
  10.500    0.837550E-01
  10.550    0.102037    
  10.600    0.120009    
  10.650    0.137409    
  10.700    0.154025    
  10.750    0.169713    
  10.800    0.184415    
  10.850    0.198160    
  10.900    0.211060    
  10.950    0.223281    
  11.000    0.235020    
  11.050    0.246470    
  11.100    0.257793    
  11.150    0.269088    
  11.200    0.280378    
  11.250    0.291602    
  11.300    0.302623    
  11.350    0.313239    
  11.400    0.323213    
  11.450    0.332297    
  11.500    0.340266    
  11.550    0.346943    
  11.600    0.352221    
  11.650    0.356073    
  11.700    0.358553    
  11.750    0.359792    
  11.800    0.359972    
  11.850    0.359309    
  11.900    0.358022    
  11.950    0.356307    
  12.000    0.354313    
  12.050    0.352123    
  12.100    0.349748    
  12.150    0.347123    
  12.200    0.344120    
  12.250    0.340562    
  12.300    0.336244    
  12.350    0.330962    
  12.400    0.324535    
  12.450    0.316826    
  12.500    0.307761    
  12.550    0.297337    
  12.600    0.285628    
  12.650    0.272771    
  12.700    0.258961    
  12.750    0.244428    
  12.800    0.229418    
  12.850    0.214168    
  12.900    0.198884    
  12.950    0.183730    
  13.000    0.168805    
  13.050    0.154146    
  13.100    0.139723    
  13.150    0.125449    
  13.200    0.111190    
  13.250    0.967840E-01
  13.300    0.820582E-01
  13.350    0.668494E-01
  13.400    0.510223E-01
  13.450    0.344846E-01
  13.500    0.171985E-01
  13.550   -0.813105E-03
  13.600   -0.194664E-01
  13.650   -0.386207E-01
  13.700   -0.580881E-01
  13.750   -0.776461E-01
  13.800   -0.970536E-01
  13.850   -0.116067    
  13.900   -0.134457    
  13.950   -0.152024    
  14.000   -0.168608    
  14.050   -0.184102    
  14.100   -0.198450    
  14.150   -0.211655    
  14.200   -0.223770    
  14.250   -0.234892    
  14.300   -0.245157    
  14.350   -0.254721    
  14.400   -0.263752    
  14.450   -0.272415    
  14.500   -0.280858    
  14.550   -0.289206    
  14.600   -0.297547    
  14.650   -0.305928    
  14.700   -0.314354    
  14.750   -0.322781    
  14.800   -0.331127    
  14.850   -0.339270    
  14.900   -0.347056    
  14.950   -0.354311    
  15.000   -0.360844    
  15.050   -0.366464    
  15.100   -0.370982    
  15.150   -0.374226    
  15.200   -0.376043    
  15.250   -0.376313    
  15.300   -0.374944    
  15.350   -0.371885    
  15.400   -0.367120    
  15.450   -0.360672    
  15.500   -0.352601    
  15.550   -0.342999    
  15.600   -0.331988    
  15.650   -0.319715    
  15.700   -0.306345    
  15.750   -0.292059    
  15.800   -0.277044    
  15.850   -0.261492    
  15.900   -0.245593    
  15.950   -0.229529    
  16.000   -0.213474    
  16.050   -0.197587    
  16.100   -0.182012    
  16.150   -0.166876    
  16.200   -0.152288    
  16.250   -0.138337    
  16.300   -0.125094    
  16.350   -0.112612    
  16.400   -0.100927    
  16.450   -0.900592E-01
  16.500   -0.800152E-01
  16.550   -0.707886E-01
  16.600   -0.623625E-01
  16.650   -0.547111E-01
  16.700   -0.478016E-01
  16.750   -0.415953E-01
  16.800   -0.360499E-01
  16.850   -0.311201E-01
  16.900   -0.267594E-01
  16.950   -0.229207E-01
  17.000   -0.195577E-01
  17.050   -0.166250E-01
  17.100   -0.140793E-01
  17.150   -0.118792E-01
  17.200   -0.998633E-02
  17.250   -0.836464E-02
  17.300   -0.698120E-02
  17.350   -0.580590E-02
  17.400   -0.481150E-02
  17.450   -0.397355E-02
  17.500   -0.327023E-02
  17.550   -0.268222E-02
  17.600   -0.219249E-02
  17.650   -0.178618E-02
  17.700   -0.145034E-02
  17.750   -0.117376E-02
  17.800   -0.946830E-03
  17.850   -0.761301E-03
  17.900   -0.610162E-03
  17.950   -0.487472E-03
  18.000   -0.388223E-03
  18.050   -0.308212E-03
  18.100   -0.243931E-03
  18.150   -0.192461E-03
  18.200   -0.151386E-03
  18.250   -0.118716E-03
  18.300   -0.928147E-04
  18.350   -0.723475E-04
  18.400   -0.562258E-04
  18.450   -0.435676E-04
  18.500   -0.336600E-04
  18.550   -0.259297E-04
  18.600   -0.199169E-04
  18.650   -0.152543E-04
  18.700   -0.116498E-04
  18.750   -0.887180E-05
  18.800   -0.673713E-05
  18.850   -0.510172E-05
  18.900   -0.385252E-05
  18.950   -0.290112E-05
  19.000   -0.217864E-05
  19.050   -0.163160E-05
  19.100   -0.121858E-05
  19.150   -0.907642E-06
  19.200   -0.674219E-06
  19.250   -0.499482E-06
  19.300   -0.369043E-06
  19.350   -0.271943E-06
  19.400   -0.199862E-06
  19.450   -0.146500E-06
  19.500   -0.107104E-06
  19.550   -0.780981E-07
  19.600   -0.568000E-07
  19.650   -0.412035E-07
  19.700   -0.298128E-07
  19.750   -0.215158E-07
  19.800   -0.154884E-07
  19.850   -0.111212E-07
  19.900   -0.796531E-08
  19.950   -0.569061E-08
  20.000   -0.405534E-08
  20.050   -0.288278E-08
  20.100   -0.204417E-08
  20.150   -0.144593E-08
  20.200   -0.102025E-08
  20.250   -0.718129E-09
  20.300   -0.504237E-09
  20.350   -0.353191E-09
  20.400   -0.246791E-09
  20.450   -0.172028E-09
  20.500   -0.119626E-09
  20.550   -0.829864E-10
  20.600   -0.574316E-10
  20.650   -0.396515E-10
  20.700   -0.273110E-10
  20.750   -0.187667E-10
  20.800   -0.128651E-10
  20.850   -0.879873E-11
  20.900   -0.600356E-11
  20.950   -0.408680E-11
  21.000   -0.277554E-11
  21.050   -0.188064E-11
  21.100   -0.127133E-11
  21.150   -0.857453E-12
  21.200   -0.576986E-12
  21.250   -0.387369E-12
  21.300   -0.259473E-12
  21.350   -0.173409E-12
  21.400   -0.115629E-12
  21.450   -0.769267E-13
  21.500   -0.510632E-13
  21.550   -0.338191E-13
  21.600   -0.223481E-13
  21.650   -0.147349E-13
  21.700   -0.969363E-14
  21.750   -0.636295E-14
  21.800   -0.416741E-14
  21.850   -0.272341E-14
  21.900   -0.177583E-14
  21.950   -0.115540E-14
  22.000   -0.750087E-15
  22.050   -0.485891E-15
  22.100   -0.314063E-15
  22.150   -0.202558E-15
  22.200   -0.130358E-15
  22.250   -0.837109E-16
  22.300   -0.536399E-16
  22.350   -0.342970E-16
  22.400   -0.218822E-16
  22.450   -0.139313E-16
  22.500   -0.885036E-17
  22.550   -0.561051E-17
  22.600   -0.354909E-17
  22.650   -0.224031E-17
  22.700   -0.141116E-17
  22.750   -0.887001E-18
  22.800   -0.556357E-18
  22.850   -0.348230E-18
  22.900   -0.217503E-18
  22.950   -0.135566E-18
  23.000   -0.843194E-19
  23.050   -0.523353E-19
  23.100   -0.324157E-19
  23.150   -0.200360E-19
  23.200   -0.123584E-19
  23.250   -0.760700E-20
  23.300   -0.467267E-20
  23.350   -0.286430E-20
  23.400   -0.175217E-20
  23.450   -0.106964E-20
  23.500   -0.651644E-21
  23.550   -0.396178E-21
  23.600   -0.240370E-21
  23.650   -0.145540E-21
  23.700   -0.879427E-22
  23.750   -0.530313E-22
  23.800   -0.319140E-22
  23.850   -0.191668E-22
  23.900   -0.114878E-22
  23.950   -0.687145E-23
  24.000   -0.410187E-23
  24.050   -0.244366E-23
  24.100   -0.145286E-23
  24.150   -0.862060E-24
  24.200   -0.510481E-24
  24.250   -0.301684E-24
  24.300   -0.177933E-24
  24.350   -0.104736E-24
  24.400   -0.615272E-25
  24.450   -0.360725E-25
  24.500   -0.211068E-25
  24.550   -0.123256E-25
  24.600   -0.718349E-26
  24.650   -0.417833E-26
  24.700   -0.242557E-26
  24.750   -0.140530E-26
  24.800   -0.812587E-27
  24.850   -0.468940E-27
  24.900   -0.270093E-27
  24.950   -0.155259E-27
  25.000   -0.890744E-28
  25.050   -0.510035E-28
  25.100   -0.291474E-28
  25.150   -0.166247E-28
  25.200   -0.946377E-29
  25.250   -0.537688E-29
  25.300   -0.304898E-29
  25.350   -0.172559E-29
  25.400   -0.974719E-30
  25.450   -0.549520E-30
  25.500   -0.309207E-30
  25.550   -0.173652E-30
  25.600   -0.973358E-31
  25.650   -0.544543E-31
  25.700   -0.304059E-31
  25.750   -0.169454E-31
  25.800   -0.942570E-32
  25.850   -0.523294E-32
  25.900   -0.289967E-32
  25.950   -0.160370E-32
  26.000   -0.885261E-33
  26.050   -0.487745E-33
  26.100   -0.268219E-33
  26.150   -0.147218E-33
  26.200   -0.806511E-34
  26.250   -0.440998E-34
  26.300   -0.240681E-34
  26.350   -0.131108E-34
  26.400   -0.712843E-35
  26.450   -0.386849E-35
  26.500   -0.209542E-35
  26.550   -0.113288E-35
  26.600   -0.611341E-36
  26.650   -0.329281E-36
  26.700   -0.177026E-36
  26.750   -0.949934E-37
  26.800   -0.508789E-37
  26.850   -0.272002E-37
  26.900   -0.145143E-37
  26.950   -0.773052E-38
  27.000   -0.410973E-38
  27.050   -0.218078E-38
  27.100   -0.115505E-38
  27.150   -0.610642E-39
  27.200   -0.322230E-39
  27.250   -0.169723E-39
  27.300   -0.892303E-40
  27.350   -0.468254E-40
  27.400   -0.245272E-40
  27.450   -0.128237E-40
  27.500   -0.669235E-41
  27.550   -0.348613E-41
  27.600   -0.181264E-41
  27.650   -0.940760E-42
  27.700   -0.487360E-42
  27.750   -0.252014E-42
  27.800   -0.130078E-42
  27.850   -0.670174E-43
  27.900   -0.344649E-43
  27.950   -0.176918E-43
  28.000   -0.906517E-44
  28.050   -0.463646E-44
  28.100   -0.236704E-44
  28.150   -0.120624E-44
  28.200   -0.613583E-45
  28.250   -0.311546E-45
  28.300   -0.157901E-45
  28.350   -0.798834E-46
  28.400   -0.403405E-46
  28.450   -0.203348E-46
  28.500   -0.102318E-46
  28.550   -0.513903E-47
  28.600   -0.257647E-47
  28.650   -0.128939E-47
  28.700   -0.644110E-48
  28.750   -0.321183E-48
  28.800   -0.159869E-48
  28.850   -0.794318E-49
  28.900   -0.393952E-49
  28.950   -0.195035E-49
  29.000   -0.963835E-50
  29.050   -0.475459E-50
  29.100   -0.234124E-50
  29.150   -0.115080E-50
  29.200   -0.564649E-51
  29.250   -0.276554E-51
  29.300   -0.135209E-51
  29.350   -0.659867E-52
  29.400   -0.321464E-52
  29.450   -0.156327E-52
  29.500   -0.758861E-53
  29.550   -0.367721E-53
  29.600   -0.177869E-53
  29.650   -0.858840E-54
  29.700   -0.413954E-54
  29.750   -0.199169E-54
  29.800   -0.956580E-55
  29.850   -0.458618E-55
  29.900   -0.219489E-55
  29.950   -0.104859E-55
  30.000   -0.500068E-56
  30.050   -0.238060E-56
  30.100   -0.113130E-56
  30.150   -0.536661E-57
  30.200   -0.254131E-57
  30.250   -0.120130E-57
  30.300   -0.566865E-58
  30.350   -0.267020E-58
  30.400   -0.125558E-58
  30.450   -0.589360E-59
  30.500   -0.276156E-59
  30.550   -0.129172E-59
  30.600   -0.603139E-60
  30.650   -0.281130E-60
  30.700   -0.130808E-60
  30.750   -0.607580E-61
  30.800   -0.281716E-61
  30.850   -0.130395E-61
  30.900   -0.602492E-62
  30.950   -0.277897E-62
  31.000   -0.127955E-62
  31.050   -0.588132E-63
  31.100   -0.269858E-63
  31.150   -0.123606E-63
  31.200   -0.565179E-64
  31.250   -0.257975E-64
  31.300   -0.117548E-64
  31.350   -0.534684E-65
  31.400   -0.242787E-65
  31.450   -0.110052E-65
  31.500   -0.497991E-66
  31.550   -0.224952E-66
  31.600   -0.101439E-66
  31.650   -0.456635E-67
  31.700   -0.205202E-67
  31.750   -0.920540E-68
  31.800   -0.412243E-68
  31.850   -0.184295E-68
  31.900   -0.822477E-69
  31.950   -0.366425E-69
  32.000   -0.162966E-69
  32.050   -0.723536E-70
  32.100   -0.320683E-70
  32.150   -0.141887E-70
  32.200   -0.626705E-71
  32.250   -0.276335E-71
  32.300   -0.121636E-71
  32.350   -0.534494E-72
  32.400   -0.234464E-72
  32.450   -0.102675E-72
  32.500   -0.448859E-73
  32.550   -0.195889E-73
  32.600   -0.853424E-74
  32.650   -0.371173E-74
  32.700   -0.161155E-74
  32.750   -0.698504E-75
  32.800   -0.302239E-75
  32.850   -0.130554E-75
  32.900   -0.562975E-76
  32.950   -0.242351E-76
  33.000   -0.104150E-76
  33.050   -0.446822E-77
  33.100   -0.191367E-77
  33.150   -0.818203E-78
  33.200   -0.349233E-78
  33.250   -0.148809E-78
  33.300   -0.633001E-79
  33.350   -0.268807E-79
  33.400   -0.113957E-79
  33.450   -0.482280E-80
  33.500   -0.203761E-80
  33.550   -0.859423E-81
  33.600   -0.361872E-81
  33.650   -0.152113E-81
  33.700   -0.638325E-82
  33.750   -0.267412E-82
  33.800   -0.111837E-82
  33.850   -0.466931E-83
  33.900   -0.194620E-83
  33.950   -0.809814E-84
  34.000   -0.336395E-84
  34.050   -0.139502E-84
  34.100   -0.577533E-85
  34.150   -0.238693E-85
  34.200   -0.984852E-86
  34.250   -0.405666E-86
  34.300   -0.166815E-86
  34.350   -0.684806E-87
  34.400   -0.280653E-87
  34.450   -0.114826E-87
  34.500   -0.469006E-88
  34.550   -0.191243E-88
  34.600   -0.778509E-89
  34.650   -0.316382E-89
  34.700   -0.128360E-89
  34.750   -0.519896E-90
  34.800   -0.210221E-90
  34.850   -0.848604E-91
  34.900   -0.341984E-91
  34.950   -0.137587E-91
  35.000   -0.552615E-92
  35.050   -0.221584E-92
  35.100   -0.887009E-93
  35.150   -0.354478E-93
  35.200   -0.141424E-93
  35.250   -0.563291E-94
  35.300   -0.223983E-94
  35.350   -0.889139E-95
  35.400   -0.352370E-95
  35.450   -0.139413E-95
  35.500   -0.550659E-96
  35.550   -0.217138E-96
  35.600   -0.854802E-97
  35.650   -0.335946E-97
  35.700   -0.131811E-97
  35.750   -0.516306E-98
  35.800   -0.201902E-98
  35.850   -0.788224E-99
  35.900   -0.307210E-99
  35.950   -0.119536E-99
  36.000   -0.464345-100
  36.050   -0.180077-100
  36.100   -0.697198-101
  36.150   -0.269483-101
  36.200   -0.103988-101
  36.250   -0.400605-102
  36.300   -0.154073-102
  36.350   -0.591585-103
  36.400   -0.226771-103
  36.450   -0.867833-104
  36.500   -0.331563-104
  36.550   -0.126466-104
  36.600   -0.481577-105
  36.650   -0.183078-105
  36.700   -0.694845-106
  36.750   -0.263282-106
  36.800   -0.995946-107
  36.850   -0.376125-107
  36.900   -0.141811-107
  36.950   -0.533790-108
  37.000   -0.200592-108
  37.050   -0.752555-109
  37.100   -0.281869-109
  37.150   -0.105399-109
  37.200   -0.393471-110
  37.250   -0.146646-110
  37.300   -0.545649-111
  37.350   -0.202693-111
  37.400   -0.751710-112
  37.450   -0.278320-112
  37.500   -0.102879-112
  37.550   -0.379655-113
  37.600   -0.139875-113
  37.650   -0.514487-114
  37.700   -0.188928-114
  37.750   -0.692632-115
  37.800   -0.253510-115
  37.850   -0.926349-116
  37.900   -0.337941-116
  37.950   -0.123081-116
  38.000   -0.447540-117
  38.050   -0.162465-117
  38.100   -0.588806-118
  38.150   -0.213046-118
  38.200   -0.769597-119
  38.250   -0.277550-119
  38.300   -0.999323-120
  38.350   -0.359220-120
  38.400   -0.128915-120
  38.450   -0.461885-121
  38.500   -0.165217-121
  38.550   -0.590016-122
  38.600   -0.210360-122
  38.650   -0.748776-123
  38.700   -0.266091-123
  38.750   -0.944060-124
  38.800   -0.334394-124
  38.850   -0.118252-124
  38.900   -0.417492-125
  38.950   -0.147156-125
  39.000   -0.517847-126
  39.050   -0.181934-126
  39.100   -0.638145-127
  39.150   -0.223468-127
  39.200   -0.781275-128
  39.250   -0.272699-128
  39.300   -0.950291-129
  39.350   -0.330614-129
  39.400   -0.114836-129
  39.450   -0.398226-130
  39.500   -0.137871-130
  39.550   -0.476550-131
  39.600   -0.164452-131
  39.650   -0.566581-132
  39.700   -0.194885-132
  39.750   -0.669252-133
  39.800   -0.229453-133
  39.850   -0.785405-134
  39.900   -0.268403-134
  39.950   -0.915747-135
  40.000   -0.311931-135
  40.050   -0.106081-135
  40.100   -0.360172-136
  40.150   -0.122090-136
  40.200   -0.413183-137
  40.250   -0.139605-137
  40.300   -0.470932-138
  40.350   -0.158602-138
  40.400   -0.533283-139
  40.450   -0.179020-139
  40.500   -0.599988-140
  40.550   -0.200761-140
  40.600   -0.670679-141
  40.650   -0.223690-141
  40.700   -0.744860-142
  40.750   -0.247629-142
  40.800   -0.821911-143
  40.850   -0.272362-143
  40.900   -0.901084-144
  40.950   -0.297634-144
  41.000   -0.981519-145
  41.050   -0.323156-145
  41.100   -0.106225-145
  41.150   -0.348607-146
  41.200   -0.114221-146
  41.250   -0.373642-147
  41.300   -0.122029-147
  41.350   -0.397898-148
  41.400   -0.129533-148
  41.450   -0.421004-149
  41.500   -0.136613-149
  41.550   -0.442589-150
  41.600   -0.143155-150
  41.650   -0.462290-151
  41.700   -0.149047-151
  41.750   -0.479767-152
  41.800   -0.154184-152
  41.850   -0.494709-153
  41.900   -0.158475-153
  41.950   -0.506843-154
  42.000   -0.161841-154
  42.050   -0.515944-155
  42.100   -0.164218-155
  42.150   -0.521841-156
  42.200   -0.165561-156
  42.250   -0.524423-157
  42.300   -0.165847-157
  42.350   -0.523642-158
  42.400   -0.165069-158
  42.450   -0.519514-159
  42.500   -0.163242-159
  42.550   -0.512120-160
  42.600   -0.160403-160
  42.650   -0.501601-161
  42.700   -0.156606-161
  42.750   -0.488157-162
  42.800   -0.151920-162
  42.850   -0.472036-163
  42.900   -0.146433-163
  42.950   -0.453530-164
  43.000   -0.140242-164
  43.050   -0.432967-165
  43.100   -0.133455-165
  43.150   -0.410697-166
  43.200   -0.126186-166
  43.250   -0.387086-167
  43.300   -0.118552-167
  43.350   -0.362505-168
  43.400   -0.110669-168
  43.450   -0.337319-169
  43.500   -0.102651-169
  43.550   -0.311883-170
  43.600   -0.946075-171
  43.650   -0.286527-171
  43.700   -0.866386-172
  43.750   -0.261556-172
  43.800   -0.788357-173
  43.850   -0.237240-173
  43.900   -0.712787-174
  43.950   -0.213815-174
  44.000   -0.640361-175
  44.050   -0.191477-175
  44.100   -0.571633-176
  44.150   -0.170382-176
  44.200   -0.507037-177
  44.250   -0.150648-177
  44.300   -0.446881-178
  44.350   -0.132352-178
  44.400   -0.391359-179
  44.450   -0.115539-179
  44.500   -0.340559-180
  44.550   -0.100222-180
  44.600   -0.294470-181
  44.650   -0.863830-182
  44.700   -0.253002-182
  44.750   -0.739826-183
  44.800   -0.215995-183
  44.850   -0.629602-184
  44.900   -0.183231-184
  44.950   -0.532401-185
  45.000   -0.154451-185
  45.050   -0.447353-186
  45.100   -0.129366-186
  45.150   -0.373508-187
  45.200   -0.107669-187
  45.250   -0.309876-188
  45.300   -0.890427-189
  45.350   -0.255457-189
  45.400   -0.731725-190
  45.450   -0.209261-190
  45.500   -0.597503-191
  45.550   -0.170334-191
  45.600   -0.484813-192
  45.650   -0.137771-192
  45.700   -0.390888-193
  45.750   -0.110728-193
  45.800   -0.313166-194
  45.850   -0.884307-195
  45.900   -0.249312-195
  45.950   -0.701769-196
  46.000   -0.197223-196
  46.050   -0.553391-197
  46.100   -0.155031-197
  46.150   -0.433628-198
  46.200   -0.121096-198
  46.250   -0.337638-199
  46.300   -0.939911-200
  46.350   -0.261237-200
  46.400   -0.724928-201
  46.450   -0.200848-201
  46.500   -0.555589-202
  46.550   -0.153445-202
  46.600   -0.423121-203
  46.650   -0.116490-203
  46.700   -0.320204-204
  46.750   -0.878776-205
  46.800   -0.240792-205
  46.850   -0.658750-206
  46.900   -0.179934-206
  46.950   -0.490702-207
  47.000   -0.133609-207
  47.050   -0.363221-208
  47.100   -0.985865-209
  47.150   -0.267165-209
  47.200   -0.722860-210
  47.250   -0.195274-210
  47.300   -0.526682-211
  47.350   -0.141830-211
  47.400   -0.381329-212
  47.450   -0.102364-212
  47.500   -0.274354-213
  47.550   -0.734157-214
  47.600   -0.196147-214
  47.650   -0.523227-215
  47.700   -0.139352-215
  47.750   -0.370554-216
  47.800   -0.983796-217
  47.850   -0.260780-217
  47.900   -0.690175-218
  47.950   -0.182373-218
  48.000   -0.481145-219
  48.050   -0.126738-219
  48.100   -0.333316-220
  48.150   -0.875227-221
  48.200   -0.229457-221
  48.250   -0.600617-222
  48.300   -0.156968-222
  48.350   -0.409581-223
  48.400   -0.106705-223
  48.450   -0.277555-224
  48.500   -0.720822-225
  48.550   -0.186906-225
  48.600   -0.483879-226
  48.650   -0.125074-226
  48.700   -0.322786-227
  48.750   -0.831722-228
  48.800   -0.213973-228
  48.850   -0.549615-229
  48.900   -0.140953-229
  48.950   -0.360918-230
  49.000   -0.922699-231
  49.050   -0.235521-231
  49.100   -0.600228-232
  49.150   -0.152729-232
  49.200   -0.388011-233
  49.250   -0.984203-234
  49.300   -0.249255-234
  49.350   -0.630262-235
  49.400   -0.159117-235
  49.450   -0.401080-236
  49.500   -0.100940-236
  49.550   -0.253638-237
  49.600   -0.636332-238
  49.650   -0.159394-238
  49.700   -0.398639-239
  49.750   -0.995417-240
  49.800   -0.248172-240
  49.850   -0.617754-241
  49.900   -0.153515-241
  49.950   -0.380672-242
  50.000   -0.944526-243
  50.050   -0.237720-243
  50.100   -0.555551-244
  50.150   -0.101487-244
  50.200     0.00000    
  50.250     0.00000    
  50.300     0.00000    
  50.350     0.00000    
  50.400     0.00000    
  50.450     0.00000    
  50.500     0.00000    
  50.550     0.00000    
  50.600     0.00000    
  50.650     0.00000    
  50.700     0.00000    
  50.750     0.00000    
  50.800     0.00000    
  50.850     0.00000    
  50.900     0.00000    
  50.950     0.00000    
  51.000     0.00000    
  51.050     0.00000    
  51.100     0.00000    
  51.150     0.00000    
  51.200     0.00000    
  51.250     0.00000    
  51.300     0.00000    
  51.350     0.00000    
  51.400     0.00000    
  51.450     0.00000    
  51.500     0.00000    
  51.550     0.00000    
  51.600     0.00000    
  51.650     0.00000    
  51.700     0.00000    
  51.750     0.00000    
  51.800     0.00000    
  51.850     0.00000    
  51.900     0.00000    
  51.950     0.00000    
  52.000     0.00000    
  52.050     0.00000    
  52.100     0.00000    
  52.150     0.00000    
  52.200     0.00000    
  52.250     0.00000    
  52.300     0.00000    
  52.350     0.00000    
  52.400     0.00000    
  52.450     0.00000    
  52.500     0.00000    
  52.550     0.00000    
  52.600     0.00000    
  52.650     0.00000    
  52.700     0.00000    
  52.750     0.00000    
  52.800     0.00000    
  52.850     0.00000    
  52.900     0.00000    
  52.950     0.00000    
  53.000     0.00000    
  53.050     0.00000    
  53.100     0.00000    
  53.150     0.00000    
  53.200     0.00000    
  53.250     0.00000    
  53.300     0.00000    
  53.350     0.00000    
  53.400     0.00000    
  53.450     0.00000    
  53.500     0.00000    
  53.550     0.00000    
  53.600     0.00000    
  53.650     0.00000    
  53.700     0.00000    
  53.750     0.00000    
  53.800     0.00000    
  53.850     0.00000    
  53.900     0.00000    
  53.950     0.00000    
  54.000     0.00000    
  54.050     0.00000    
  54.100     0.00000    
  54.150     0.00000    
  54.200     0.00000    
  54.250     0.00000    
  54.300     0.00000    
  54.350     0.00000    
  54.400     0.00000    
  54.450     0.00000    
  54.500     0.00000    
  54.550     0.00000    
  54.600     0.00000    
  54.650     0.00000    
  54.700     0.00000    
  54.750     0.00000    
  54.800     0.00000    
  54.850     0.00000    
  54.900     0.00000    
  54.950     0.00000    
  55.000     0.00000    
  55.050     0.00000    
  55.100     0.00000    
  55.150     0.00000    
  55.200     0.00000    
  55.250     0.00000    
  55.300     0.00000    
  55.350     0.00000    
  55.400     0.00000    
  55.450     0.00000    
  55.500     0.00000    
  55.550     0.00000    
  55.600     0.00000    
  55.650     0.00000    
  55.700     0.00000    
  55.750     0.00000    
  55.800     0.00000    
  55.850     0.00000    
  55.900     0.00000    
  55.950     0.00000    
  56.000     0.00000    
  56.050     0.00000    
  56.100     0.00000    
  56.150     0.00000    
  56.200     0.00000    
  56.250     0.00000    
  56.300     0.00000    
  56.350     0.00000    
  56.400     0.00000    
  56.450     0.00000    
  56.500     0.00000    
  56.550     0.00000    
  56.600     0.00000    
  56.650     0.00000    
  56.700     0.00000    
  56.750     0.00000    
  56.800     0.00000    
  56.850     0.00000    
  56.900     0.00000    
  56.950     0.00000    
  57.000     0.00000    
  57.050     0.00000    
  57.100     0.00000    
  57.150     0.00000    
  57.200     0.00000    
  57.250     0.00000    
  57.300     0.00000    
  57.350     0.00000    
  57.400     0.00000    
  57.450     0.00000    
  57.500     0.00000    
  57.550     0.00000    
  57.600     0.00000    
  57.650     0.00000    
  57.700     0.00000    
  57.750     0.00000    
  57.800     0.00000    
  57.850     0.00000    
  57.900     0.00000    
  57.950     0.00000    
  58.000     0.00000    
  58.050     0.00000    
  58.100     0.00000    
  58.150     0.00000    
  58.200     0.00000    
  58.250     0.00000    
  58.300     0.00000    
  58.350     0.00000    
  58.400     0.00000    
  58.450     0.00000    
  58.500     0.00000    
  58.550     0.00000    
  58.600     0.00000    
  58.650     0.00000    
  58.700     0.00000    
  58.750     0.00000    
  58.800     0.00000    
  58.850     0.00000    
  58.900     0.00000    
  58.950     0.00000    
  59.000     0.00000    
  59.050     0.00000    
  59.100     0.00000    
  59.150     0.00000    
  59.200     0.00000    
  59.250     0.00000    
  59.300     0.00000    
  59.350     0.00000    
  59.400     0.00000    
  59.450     0.00000    
  59.500     0.00000    
  59.550     0.00000    
  59.600     0.00000    
  59.650     0.00000    
  59.700     0.00000    
  59.750     0.00000    
  59.800     0.00000    
  59.850     0.00000    
  59.900     0.00000    
  59.950     0.00000    
 & 
