    0.0000  -61.6899  -39.2321  -61.6899
    0.0500  -61.6188  -39.1869  -61.6188
    0.1000  -61.5417  -39.1379  -61.5417
    0.1500  -61.4581  -39.0847  -61.4581
    0.2000  -61.3676  -39.0271  -61.3676
    0.2500  -61.2694  -38.9647  -61.2694
    0.3000  -61.1631  -38.8971  -61.1631
    0.3500  -61.0479  -38.8238  -61.0479
    0.4000  -60.9233  -38.7446  -60.9233
    0.4500  -60.7884  -38.6588  -60.7884
    0.5000  -60.6424  -38.5659  -60.6424
    0.5500  -60.4845  -38.4655  -60.4845
    0.6000  -60.3139  -38.3570  -60.3139
    0.6500  -60.1295  -38.2397  -60.1295
    0.7000  -59.9304  -38.1131  -59.9304
    0.7500  -59.7154  -37.9764  -59.7154
    0.8000  -59.4835  -37.8289  -59.4835
    0.8500  -59.2335  -37.6699  -59.2335
    0.9000  -58.9641  -37.4986  -58.9641
    0.9500  -58.6741  -37.3142  -58.6741
    1.0000  -58.3621  -37.1158  -58.3621
    1.0500  -58.0268  -36.9025  -58.0268
    1.1000  -57.6666  -36.6735  -57.6666
    1.1500  -57.2802  -36.4277  -57.2802
    1.2000  -56.8660  -36.1643  -56.8660
    1.2500  -56.4226  -35.8823  -56.4226
    1.3000  -55.9484  -35.5807  -55.9484
    1.3500  -55.4419  -35.2586  -55.4419
    1.4000  -54.9018  -34.9151  -54.9018
    1.4500  -54.3265  -34.5493  -54.3265
    1.5000  -53.7147  -34.1602  -53.7147
    1.5500  -53.0652  -33.7472  -53.0652
    1.6000  -52.3769  -33.3094  -52.3769
    1.6500  -51.6487  -32.8463  -51.6487
    1.7000  -50.8798  -32.3573  -50.8798
    1.7500  -50.0697  -31.8421  -50.0697
    1.8000  -49.2179  -31.3004  -49.2179
    1.8500  -48.3244  -30.7322  -48.3244
    1.9000  -47.3893  -30.1375  -47.3893
    1.9500  -46.4131  -29.5167  -46.4131
    2.0000  -45.3967  -28.8703  -45.3967
    2.0500  -44.3413  -28.1991  -44.3413
    2.1000  -43.2485  -27.5041  -43.2485
    2.1500  -42.1202  -26.7866  -42.1202
    2.2000  -40.9587  -26.0480  -40.9587
    2.2500  -39.7669  -25.2900  -39.7669
    2.3000  -38.5477  -24.5147  -38.5477
    2.3500  -37.3047  -23.7241  -37.3047
    2.4000  -36.0414  -22.9208  -36.0414
    2.4500  -34.7620  -22.1071  -34.7620
    2.5000  -33.4706  -21.2858  -33.4706
    2.5500  -32.1715  -20.4597  -32.1715
    2.6000  -30.8693  -19.6315  -30.8693
    2.6500  -29.5684  -18.8042  -29.5684
    2.7000  -28.2734  -17.9806  -28.2734
    2.7500  -26.9886  -17.1636  -26.9886
    2.8000  -25.7184  -16.3558  -25.7184
    2.8500  -24.4668  -15.5598  -24.4668
    2.9000  -23.2377  -14.7781  -23.2377
    2.9500  -22.0345  -14.0130  -22.0345
    3.0000  -20.8606  -13.2664  -20.8606
    3.0500  -19.7187  -12.5402  -19.7187
    3.1000  -18.6114  -11.8361  -18.6114
    3.1500  -17.5408  -11.1552  -17.5408
    3.2000  -16.5087  -10.4988  -16.5087
    3.2500  -15.5163   -9.8677  -15.5163
    3.3000  -14.5647   -9.2625  -14.5647
    3.3500  -13.6545   -8.6837  -13.6545
    3.4000  -12.7860   -8.1314  -12.7860
    3.4500  -11.9593   -7.6056  -11.9593
    3.5000  -11.1740   -7.1062  -11.1740
    3.5500  -10.4296   -6.6328  -10.4296
    3.6000   -9.7254   -6.1849   -9.7254
    3.6500   -9.0605   -5.7621   -9.0605
    3.7000   -8.4338   -5.3635   -8.4338
    3.7500   -7.8441   -4.9885   -7.8441
    3.8000   -7.2900   -4.6361   -7.2900
    3.8500   -6.7703   -4.3056   -6.7703
    3.9000   -6.2833   -3.9959   -6.2833
    3.9500   -5.8278   -3.7062   -5.8278
    4.0000   -5.4021   -3.4355   -5.4021
    4.0500   -5.0047   -3.1828   -5.0047
    4.1000   -4.6342   -2.9472   -4.6342
    4.1500   -4.2891   -2.7277   -4.2891
    4.2000   -3.9679   -2.5234   -3.9679
    4.2500   -3.6693   -2.3335   -3.6693
    4.3000   -3.3918   -2.1571   -3.3918
    4.3500   -3.1342   -1.9932   -3.1342
    4.4000   -2.8952   -1.8413   -2.8952
    4.4500   -2.6737   -1.7003   -2.6737
    4.5000   -2.4683   -1.5697   -2.4683
    4.5500   -2.2782   -1.4488   -2.2782
    4.6000   -2.1021   -1.3369   -2.1021
    4.6500   -1.9393   -1.2333   -1.9393
    4.7000   -1.7886   -1.1375   -1.7886
    4.7500   -1.6494   -1.0490   -1.6494
    4.8000   -1.5207   -0.9671   -1.5207
    4.8500   -1.4019   -0.8915   -1.4019
    4.9000   -1.2921   -0.8217   -1.2921
    4.9500   -1.1908   -0.7573   -1.1908
    5.0000   -1.0972   -0.6978   -1.0972
    5.0500   -1.0109   -0.6429   -1.0109
    5.1000   -0.9313   -0.5923   -0.9313
    5.1500   -0.8578   -0.5456   -0.8578
    5.2000   -0.7901   -0.5025   -0.7901
    5.2500   -0.7277   -0.4628   -0.7277
    5.3000   -0.6701   -0.4262   -0.6701
    5.3500   -0.6171   -0.3924   -0.6171
    5.4000   -0.5682   -0.3613   -0.5682
    5.4500   -0.5231   -0.3327   -0.5231
    5.5000   -0.4816   -0.3063   -0.4816
    5.5500   -0.4434   -0.2820   -0.4434
    5.6000   -0.4082   -0.2596   -0.4082
    5.6500   -0.3757   -0.2390   -0.3757
    5.7000   -0.3459   -0.2200   -0.3459
    5.7500   -0.3183   -0.2025   -0.3183
    5.8000   -0.2930   -0.1863   -0.2930
    5.8500   -0.2697   -0.1715   -0.2697
    5.9000   -0.2482   -0.1578   -0.2482
    5.9500   -0.2284   -0.1453   -0.2284
    6.0000   -0.2102   -0.1337   -0.2102
    6.0500   -0.1935   -0.1230   -0.1935
    6.1000   -0.1780   -0.1132   -0.1780
    6.1500   -0.1638   -0.1042   -0.1638
    6.2000   -0.1508   -0.0959   -0.1508
    6.2500   -0.1388   -0.0882   -0.1388
    6.3000   -0.1277   -0.0812   -0.1277
    6.3500   -0.1175   -0.0747   -0.1175
    6.4000   -0.1081   -0.0688   -0.1081
    6.4500   -0.0995   -0.0633   -0.0995
    6.5000   -0.0915   -0.0582   -0.0915
    6.5500   -0.0842   -0.0536   -0.0842
    6.6000   -0.0775   -0.0493   -0.0775
    6.6500   -0.0713   -0.0454   -0.0713
    6.7000   -0.0656   -0.0417   -0.0656
    6.7500   -0.0604   -0.0384   -0.0604
    6.8000   -0.0556   -0.0353   -0.0556
    6.8500   -0.0511   -0.0325   -0.0511
    6.9000   -0.0470   -0.0299   -0.0470
    6.9500   -0.0433   -0.0275   -0.0433
    7.0000   -0.0398   -0.0253   -0.0398
    7.0500   -0.0366   -0.0233   -0.0366
    7.1000   -0.0337   -0.0214   -0.0337
    7.1500   -0.0310   -0.0197   -0.0310
    7.2000   -0.0285   -0.0181   -0.0285
    7.2500   -0.0263   -0.0167   -0.0263
    7.3000   -0.0242   -0.0154   -0.0242
    7.3500   -0.0222   -0.0141   -0.0222
    7.4000   -0.0204   -0.0130   -0.0204
    7.4500   -0.0188   -0.0120   -0.0188
    7.5000   -0.0173   -0.0110   -0.0173
    7.5500   -0.0159   -0.0101   -0.0159
    7.6000   -0.0147   -0.0093   -0.0147
    7.6500   -0.0135   -0.0086   -0.0135
    7.7000   -0.0124   -0.0079   -0.0124
    7.7500   -0.0114   -0.0073   -0.0114
    7.8000   -0.0105   -0.0067   -0.0105
    7.8500   -0.0097   -0.0061   -0.0097
    7.9000   -0.0089   -0.0057   -0.0089
    7.9500   -0.0082   -0.0052   -0.0082
    8.0000   -0.0075   -0.0048   -0.0075
    8.0500   -0.0069   -0.0044   -0.0069
    8.1000   -0.0064   -0.0041   -0.0064
    8.1500   -0.0059   -0.0037   -0.0059
    8.2000   -0.0054   -0.0034   -0.0054
    8.2500   -0.0050   -0.0032   -0.0050
    8.3000   -0.0046   -0.0029   -0.0046
    8.3500   -0.0042   -0.0027   -0.0042
    8.4000   -0.0039   -0.0025   -0.0039
    8.4500   -0.0036   -0.0023   -0.0036
    8.5000   -0.0033   -0.0021   -0.0033
    8.5500   -0.0030   -0.0019   -0.0030
    8.6000   -0.0028   -0.0018   -0.0028
    8.6500   -0.0025   -0.0016   -0.0025
    8.7000   -0.0023   -0.0015   -0.0023
    8.7500   -0.0022   -0.0014   -0.0022
    8.8000   -0.0020   -0.0013   -0.0020
    8.8500   -0.0018   -0.0012   -0.0018
    8.9000   -0.0017   -0.0011   -0.0017
    8.9500   -0.0015   -0.0010   -0.0015
    9.0000   -0.0014   -0.0009   -0.0014
    9.0500   -0.0013   -0.0008   -0.0013
    9.1000   -0.0012   -0.0008   -0.0012
    9.1500   -0.0011   -0.0007   -0.0011
    9.2000   -0.0010   -0.0006   -0.0010
    9.2500   -0.0009   -0.0006   -0.0009
    9.3000   -0.0009   -0.0005   -0.0009
    9.3500   -0.0008   -0.0005   -0.0008
    9.4000   -0.0007   -0.0005   -0.0007
    9.4500   -0.0007   -0.0004   -0.0007
    9.5000   -0.0006   -0.0004   -0.0006
    9.5500   -0.0006   -0.0004   -0.0006
    9.6000   -0.0005   -0.0003   -0.0005
    9.6500   -0.0005   -0.0003   -0.0005
    9.7000   -0.0004   -0.0003   -0.0004
    9.7500   -0.0004   -0.0003   -0.0004
    9.8000   -0.0004   -0.0002   -0.0004
    9.8500   -0.0003   -0.0002   -0.0003
    9.9000   -0.0003   -0.0002   -0.0003
    9.9500   -0.0003   -0.0002   -0.0003
   10.0000   -0.0003   -0.0002   -0.0003
   10.0500   -0.0002   -0.0002   -0.0002
   10.1000   -0.0002   -0.0001   -0.0002
   10.1500   -0.0002   -0.0001   -0.0002
   10.2000   -0.0002   -0.0001   -0.0002
   10.2500   -0.0002   -0.0001   -0.0002
   10.3000   -0.0002   -0.0001   -0.0002
   10.3500   -0.0001   -0.0001   -0.0001
   10.4000   -0.0001   -0.0001   -0.0001
   10.4500   -0.0001   -0.0001   -0.0001
   10.5000   -0.0001   -0.0001   -0.0001
   10.5500   -0.0001   -0.0001   -0.0001
   10.6000   -0.0001   -0.0001   -0.0001
   10.6500   -0.0001   -0.0001   -0.0001
   10.7000   -0.0001   -0.0001   -0.0001
   10.7500   -0.0001   -0.0000   -0.0001
   10.8000   -0.0001   -0.0000   -0.0001
   10.8500   -0.0001   -0.0000   -0.0001
   10.9000   -0.0001   -0.0000   -0.0001
   10.9500   -0.0001   -0.0000   -0.0001
   11.0000   -0.0001   -0.0000   -0.0001
   11.0500   -0.0000   -0.0000   -0.0000
   11.1000   -0.0000   -0.0000   -0.0000
   11.1500   -0.0000   -0.0000   -0.0000
   11.2000   -0.0000   -0.0000   -0.0000
   11.2500   -0.0000   -0.0000   -0.0000
   11.3000   -0.0000   -0.0000   -0.0000
   11.3500   -0.0000   -0.0000   -0.0000
   11.4000   -0.0000   -0.0000   -0.0000
   11.4500   -0.0000   -0.0000   -0.0000
   11.5000   -0.0000   -0.0000   -0.0000
   11.5500   -0.0000   -0.0000   -0.0000
   11.6000   -0.0000   -0.0000   -0.0000
   11.6500   -0.0000   -0.0000   -0.0000
   11.7000   -0.0000   -0.0000   -0.0000
   11.7500   -0.0000   -0.0000   -0.0000
   11.8000   -0.0000   -0.0000   -0.0000
   11.8500   -0.0000   -0.0000   -0.0000
   11.9000   -0.0000   -0.0000   -0.0000
   11.9500   -0.0000   -0.0000   -0.0000
   12.0000   -0.0000   -0.0000   -0.0000
   12.0500   -0.0000   -0.0000   -0.0000
   12.1000   -0.0000   -0.0000   -0.0000
   12.1500   -0.0000   -0.0000   -0.0000
   12.2000   -0.0000   -0.0000   -0.0000
   12.2500   -0.0000   -0.0000   -0.0000
   12.3000   -0.0000   -0.0000   -0.0000
   12.3500   -0.0000   -0.0000   -0.0000
   12.4000   -0.0000   -0.0000   -0.0000
   12.4500   -0.0000   -0.0000   -0.0000
   12.5000   -0.0000   -0.0000   -0.0000
   12.5500   -0.0000   -0.0000   -0.0000
   12.6000   -0.0000   -0.0000   -0.0000
   12.6500   -0.0000   -0.0000   -0.0000
   12.7000   -0.0000   -0.0000   -0.0000
   12.7500   -0.0000   -0.0000   -0.0000
   12.8000   -0.0000   -0.0000   -0.0000
   12.8500   -0.0000   -0.0000   -0.0000
   12.9000   -0.0000   -0.0000   -0.0000
   12.9500   -0.0000   -0.0000   -0.0000
   13.0000   -0.0000   -0.0000   -0.0000
   13.0500   -0.0000   -0.0000   -0.0000
   13.1000   -0.0000   -0.0000   -0.0000
   13.1500   -0.0000   -0.0000   -0.0000
   13.2000   -0.0000   -0.0000   -0.0000
   13.2500   -0.0000   -0.0000   -0.0000
   13.3000   -0.0000   -0.0000   -0.0000
   13.3500   -0.0000   -0.0000   -0.0000
   13.4000   -0.0000   -0.0000   -0.0000
   13.4500   -0.0000   -0.0000   -0.0000
   13.5000   -0.0000   -0.0000   -0.0000
   13.5500   -0.0000   -0.0000   -0.0000
   13.6000   -0.0000   -0.0000   -0.0000
   13.6500   -0.0000   -0.0000   -0.0000
   13.7000   -0.0000   -0.0000   -0.0000
   13.7500   -0.0000   -0.0000   -0.0000
   13.8000   -0.0000   -0.0000   -0.0000
   13.8500   -0.0000   -0.0000   -0.0000
   13.9000   -0.0000   -0.0000   -0.0000
   13.9500   -0.0000   -0.0000   -0.0000
   14.0000   -0.0000   -0.0000   -0.0000
   14.0500   -0.0000   -0.0000   -0.0000
   14.1000   -0.0000   -0.0000   -0.0000
   14.1500   -0.0000   -0.0000   -0.0000
   14.2000   -0.0000   -0.0000   -0.0000
   14.2500   -0.0000   -0.0000   -0.0000
   14.3000   -0.0000   -0.0000   -0.0000
   14.3500   -0.0000   -0.0000   -0.0000
   14.4000   -0.0000   -0.0000   -0.0000
   14.4500   -0.0000   -0.0000   -0.0000
   14.5000   -0.0000   -0.0000   -0.0000
   14.5500   -0.0000   -0.0000   -0.0000
   14.6000   -0.0000   -0.0000   -0.0000
   14.6500   -0.0000   -0.0000   -0.0000
   14.7000   -0.0000   -0.0000   -0.0000
   14.7500   -0.0000   -0.0000   -0.0000
   14.8000   -0.0000   -0.0000   -0.0000
   14.8500   -0.0000   -0.0000   -0.0000
   14.9000   -0.0000   -0.0000   -0.0000
   14.9500   -0.0000   -0.0000   -0.0000
   15.0000   -0.0000   -0.0000   -0.0000
   15.0500   -0.0000   -0.0000   -0.0000
   15.1000   -0.0000   -0.0000   -0.0000
   15.1500   -0.0000   -0.0000   -0.0000
   15.2000   -0.0000   -0.0000   -0.0000
   15.2500   -0.0000   -0.0000   -0.0000
   15.3000   -0.0000   -0.0000   -0.0000
   15.3500   -0.0000   -0.0000   -0.0000
   15.4000   -0.0000   -0.0000   -0.0000
   15.4500   -0.0000   -0.0000   -0.0000
   15.5000   -0.0000   -0.0000   -0.0000
   15.5500   -0.0000   -0.0000   -0.0000
   15.6000   -0.0000   -0.0000   -0.0000
   15.6500   -0.0000   -0.0000   -0.0000
   15.7000   -0.0000   -0.0000   -0.0000
   15.7500   -0.0000   -0.0000   -0.0000
   15.8000   -0.0000   -0.0000   -0.0000
   15.8500   -0.0000   -0.0000   -0.0000
   15.9000   -0.0000   -0.0000   -0.0000
   15.9500   -0.0000   -0.0000   -0.0000
   16.0000   -0.0000   -0.0000   -0.0000
   16.0500   -0.0000   -0.0000   -0.0000
   16.1000   -0.0000   -0.0000   -0.0000
   16.1500   -0.0000   -0.0000   -0.0000
   16.2000   -0.0000   -0.0000   -0.0000
   16.2500   -0.0000   -0.0000   -0.0000
   16.3000   -0.0000   -0.0000   -0.0000
   16.3500   -0.0000   -0.0000   -0.0000
   16.4000   -0.0000   -0.0000   -0.0000
   16.4500   -0.0000   -0.0000   -0.0000
   16.5000   -0.0000   -0.0000   -0.0000
   16.5500   -0.0000   -0.0000   -0.0000
   16.6000   -0.0000   -0.0000   -0.0000
   16.6500   -0.0000   -0.0000   -0.0000
   16.7000   -0.0000   -0.0000   -0.0000
   16.7500   -0.0000   -0.0000   -0.0000
   16.8000   -0.0000   -0.0000   -0.0000
   16.8500   -0.0000   -0.0000   -0.0000
   16.9000   -0.0000   -0.0000   -0.0000
   16.9500   -0.0000   -0.0000   -0.0000
   17.0000   -0.0000   -0.0000   -0.0000
   17.0500   -0.0000   -0.0000   -0.0000
   17.1000   -0.0000   -0.0000   -0.0000
   17.1500   -0.0000   -0.0000   -0.0000
   17.2000   -0.0000   -0.0000   -0.0000
   17.2500   -0.0000   -0.0000   -0.0000
   17.3000   -0.0000   -0.0000   -0.0000
   17.3500   -0.0000   -0.0000   -0.0000
   17.4000   -0.0000   -0.0000   -0.0000
   17.4500   -0.0000   -0.0000   -0.0000
   17.5000   -0.0000   -0.0000   -0.0000
   17.5500   -0.0000   -0.0000   -0.0000
   17.6000   -0.0000   -0.0000   -0.0000
   17.6500   -0.0000   -0.0000   -0.0000
   17.7000   -0.0000   -0.0000   -0.0000
   17.7500   -0.0000   -0.0000   -0.0000
   17.8000   -0.0000   -0.0000   -0.0000
   17.8500   -0.0000   -0.0000   -0.0000
   17.9000   -0.0000   -0.0000   -0.0000
   17.9500   -0.0000   -0.0000   -0.0000
   18.0000   -0.0000   -0.0000   -0.0000
   18.0500   -0.0000   -0.0000   -0.0000
   18.1000   -0.0000   -0.0000   -0.0000
   18.1500   -0.0000   -0.0000   -0.0000
   18.2000   -0.0000   -0.0000   -0.0000
   18.2500   -0.0000   -0.0000   -0.0000
   18.3000   -0.0000   -0.0000   -0.0000
   18.3500   -0.0000   -0.0000   -0.0000
   18.4000   -0.0000   -0.0000   -0.0000
   18.4500   -0.0000   -0.0000   -0.0000
   18.5000   -0.0000   -0.0000   -0.0000
   18.5500   -0.0000   -0.0000   -0.0000
   18.6000   -0.0000   -0.0000   -0.0000
   18.6500   -0.0000   -0.0000   -0.0000
   18.7000   -0.0000   -0.0000   -0.0000
   18.7500   -0.0000   -0.0000   -0.0000
   18.8000   -0.0000   -0.0000   -0.0000
   18.8500   -0.0000   -0.0000   -0.0000
   18.9000   -0.0000   -0.0000   -0.0000
   18.9500   -0.0000   -0.0000   -0.0000
   19.0000   -0.0000   -0.0000   -0.0000
   19.0500   -0.0000   -0.0000   -0.0000
   19.1000   -0.0000   -0.0000   -0.0000
   19.1500   -0.0000   -0.0000   -0.0000
   19.2000   -0.0000   -0.0000   -0.0000
   19.2500   -0.0000   -0.0000   -0.0000
   19.3000   -0.0000   -0.0000   -0.0000
   19.3500   -0.0000   -0.0000   -0.0000
   19.4000   -0.0000   -0.0000   -0.0000
   19.4500   -0.0000   -0.0000   -0.0000
   19.5000   -0.0000   -0.0000   -0.0000
   19.5500   -0.0000   -0.0000   -0.0000
   19.6000   -0.0000   -0.0000   -0.0000
   19.6500   -0.0000   -0.0000   -0.0000
   19.7000   -0.0000   -0.0000   -0.0000
   19.7500   -0.0000   -0.0000   -0.0000
   19.8000   -0.0000   -0.0000   -0.0000
   19.8500   -0.0000   -0.0000   -0.0000
   19.9000   -0.0000   -0.0000   -0.0000
   19.9500   -0.0000   -0.0000   -0.0000
   20.0000   -0.0000   -0.0000   -0.0000
   20.0500   -0.0000   -0.0000   -0.0000
   20.1000   -0.0000   -0.0000   -0.0000
   20.1500   -0.0000   -0.0000   -0.0000
   20.2000   -0.0000   -0.0000   -0.0000
   20.2500   -0.0000   -0.0000   -0.0000
   20.3000   -0.0000   -0.0000   -0.0000
   20.3500   -0.0000   -0.0000   -0.0000
   20.4000   -0.0000   -0.0000   -0.0000
   20.4500   -0.0000   -0.0000   -0.0000
   20.5000   -0.0000   -0.0000   -0.0000
   20.5500   -0.0000   -0.0000   -0.0000
   20.6000   -0.0000   -0.0000   -0.0000
   20.6500   -0.0000   -0.0000   -0.0000
   20.7000   -0.0000   -0.0000   -0.0000
   20.7500   -0.0000   -0.0000   -0.0000
   20.8000   -0.0000   -0.0000   -0.0000
   20.8500   -0.0000   -0.0000   -0.0000
   20.9000   -0.0000   -0.0000   -0.0000
   20.9500   -0.0000   -0.0000   -0.0000
   21.0000   -0.0000   -0.0000   -0.0000
   21.0500   -0.0000   -0.0000   -0.0000
   21.1000   -0.0000   -0.0000   -0.0000
   21.1500   -0.0000   -0.0000   -0.0000
   21.2000   -0.0000   -0.0000   -0.0000
   21.2500   -0.0000   -0.0000   -0.0000
   21.3000   -0.0000   -0.0000   -0.0000
   21.3500   -0.0000   -0.0000   -0.0000
   21.4000   -0.0000   -0.0000   -0.0000
   21.4500   -0.0000   -0.0000   -0.0000
   21.5000   -0.0000   -0.0000   -0.0000
   21.5500   -0.0000   -0.0000   -0.0000
   21.6000   -0.0000   -0.0000   -0.0000
   21.6500   -0.0000   -0.0000   -0.0000
   21.7000   -0.0000   -0.0000   -0.0000
   21.7500   -0.0000   -0.0000   -0.0000
   21.8000   -0.0000   -0.0000   -0.0000
   21.8500   -0.0000   -0.0000   -0.0000
   21.9000   -0.0000   -0.0000   -0.0000
   21.9500   -0.0000   -0.0000   -0.0000
   22.0000   -0.0000   -0.0000   -0.0000
   22.0500   -0.0000   -0.0000   -0.0000
   22.1000   -0.0000   -0.0000   -0.0000
   22.1500   -0.0000   -0.0000   -0.0000
   22.2000   -0.0000   -0.0000   -0.0000
   22.2500   -0.0000   -0.0000   -0.0000
   22.3000   -0.0000   -0.0000   -0.0000
   22.3500   -0.0000   -0.0000   -0.0000
   22.4000   -0.0000   -0.0000   -0.0000
   22.4500   -0.0000   -0.0000   -0.0000
   22.5000   -0.0000   -0.0000   -0.0000
   22.5500   -0.0000   -0.0000   -0.0000
   22.6000   -0.0000   -0.0000   -0.0000
   22.6500   -0.0000   -0.0000   -0.0000
   22.7000   -0.0000   -0.0000   -0.0000
   22.7500   -0.0000   -0.0000   -0.0000
   22.8000   -0.0000   -0.0000   -0.0000
   22.8500   -0.0000   -0.0000   -0.0000
   22.9000   -0.0000   -0.0000   -0.0000
   22.9500   -0.0000   -0.0000   -0.0000
   23.0000   -0.0000   -0.0000   -0.0000
   23.0500   -0.0000   -0.0000   -0.0000
   23.1000   -0.0000   -0.0000   -0.0000
   23.1500   -0.0000   -0.0000   -0.0000
   23.2000   -0.0000   -0.0000   -0.0000
   23.2500   -0.0000   -0.0000   -0.0000
   23.3000   -0.0000   -0.0000   -0.0000
   23.3500   -0.0000   -0.0000   -0.0000
   23.4000   -0.0000   -0.0000   -0.0000
   23.4500   -0.0000   -0.0000   -0.0000
   23.5000   -0.0000   -0.0000   -0.0000
   23.5500   -0.0000   -0.0000   -0.0000
   23.6000   -0.0000   -0.0000   -0.0000
   23.6500   -0.0000   -0.0000   -0.0000
   23.7000   -0.0000   -0.0000   -0.0000
   23.7500   -0.0000   -0.0000   -0.0000
   23.8000   -0.0000   -0.0000   -0.0000
   23.8500   -0.0000   -0.0000   -0.0000
   23.9000   -0.0000   -0.0000   -0.0000
   23.9500   -0.0000   -0.0000   -0.0000
   24.0000   -0.0000   -0.0000   -0.0000
   24.0500   -0.0000   -0.0000   -0.0000
   24.1000   -0.0000   -0.0000   -0.0000
   24.1500   -0.0000   -0.0000   -0.0000
   24.2000   -0.0000   -0.0000   -0.0000
   24.2500    0.0000    0.0000    0.0000
   24.3000    0.0000    0.0000    0.0000
   24.3500    0.0000    0.0000    0.0000
   24.4000    0.0000    0.0000    0.0000
   24.4500    0.0000    0.0000    0.0000
   24.5000    0.0000    0.0000    0.0000
   24.5500    0.0000    0.0000    0.0000
   24.6000    0.0000    0.0000    0.0000
   24.6500    0.0000    0.0000    0.0000
   24.7000    0.0000    0.0000    0.0000
   24.7500    0.0000    0.0000    0.0000
   24.8000    0.0000    0.0000    0.0000
   24.8500    0.0000    0.0000    0.0000
   24.9000    0.0000    0.0000    0.0000
   24.9500    0.0000    0.0000    0.0000
   25.0000    0.0000    0.0000    0.0000
   25.0500    0.0000    0.0000    0.0000
   25.1000    0.0000    0.0000    0.0000
   25.1500    0.0000    0.0000    0.0000
   25.2000    0.0000    0.0000    0.0000
   25.2500    0.0000    0.0000    0.0000
   25.3000    0.0000    0.0000    0.0000
   25.3500    0.0000    0.0000    0.0000
   25.4000    0.0000    0.0000    0.0000
   25.4500    0.0000    0.0000    0.0000
   25.5000    0.0000    0.0000    0.0000
   25.5500    0.0000    0.0000    0.0000
   25.6000    0.0000    0.0000    0.0000
   25.6500    0.0000    0.0000    0.0000
   25.7000    0.0000    0.0000    0.0000
   25.7500    0.0000    0.0000    0.0000
   25.8000    0.0000    0.0000    0.0000
   25.8500    0.0000    0.0000    0.0000
   25.9000    0.0000    0.0000    0.0000
   25.9500    0.0000    0.0000    0.0000
   26.0000    0.0000    0.0000    0.0000
   26.0500    0.0000    0.0000    0.0000
   26.1000    0.0000    0.0000    0.0000
   26.1500    0.0000    0.0000    0.0000
   26.2000    0.0000    0.0000    0.0000
   26.2500    0.0000    0.0000    0.0000
   26.3000    0.0000    0.0000    0.0000
   26.3500    0.0000    0.0000    0.0000
   26.4000    0.0000    0.0000    0.0000
   26.4500    0.0000    0.0000    0.0000
   26.5000    0.0000    0.0000    0.0000
   26.5500    0.0000    0.0000    0.0000
   26.6000    0.0000    0.0000    0.0000
   26.6500    0.0000    0.0000    0.0000
   26.7000    0.0000    0.0000    0.0000
   26.7500    0.0000    0.0000    0.0000
   26.8000    0.0000    0.0000    0.0000
   26.8500    0.0000    0.0000    0.0000
   26.9000    0.0000    0.0000    0.0000
   26.9500    0.0000    0.0000    0.0000
   27.0000    0.0000    0.0000    0.0000
   27.0500    0.0000    0.0000    0.0000
   27.1000    0.0000    0.0000    0.0000
   27.1500    0.0000    0.0000    0.0000
   27.2000    0.0000    0.0000    0.0000
   27.2500    0.0000    0.0000    0.0000
   27.3000    0.0000    0.0000    0.0000
   27.3500    0.0000    0.0000    0.0000
   27.4000    0.0000    0.0000    0.0000
   27.4500    0.0000    0.0000    0.0000
   27.5000    0.0000    0.0000    0.0000
   27.5500    0.0000    0.0000    0.0000
   27.6000    0.0000    0.0000    0.0000
   27.6500    0.0000    0.0000    0.0000
   27.7000    0.0000    0.0000    0.0000
   27.7500    0.0000    0.0000    0.0000
   27.8000    0.0000    0.0000    0.0000
   27.8500    0.0000    0.0000    0.0000
   27.9000    0.0000    0.0000    0.0000
   27.9500    0.0000    0.0000    0.0000
   28.0000    0.0000    0.0000    0.0000
   28.0500    0.0000    0.0000    0.0000
   28.1000    0.0000    0.0000    0.0000
   28.1500    0.0000    0.0000    0.0000
   28.2000    0.0000    0.0000    0.0000
   28.2500    0.0000    0.0000    0.0000
   28.3000    0.0000    0.0000    0.0000
   28.3500    0.0000    0.0000    0.0000
   28.4000    0.0000    0.0000    0.0000
   28.4500    0.0000    0.0000    0.0000
   28.5000    0.0000    0.0000    0.0000
   28.5500    0.0000    0.0000    0.0000
   28.6000    0.0000    0.0000    0.0000
   28.6500    0.0000    0.0000    0.0000
   28.7000    0.0000    0.0000    0.0000
   28.7500    0.0000    0.0000    0.0000
   28.8000    0.0000    0.0000    0.0000
   28.8500    0.0000    0.0000    0.0000
   28.9000    0.0000    0.0000    0.0000
   28.9500    0.0000    0.0000    0.0000
   29.0000    0.0000    0.0000    0.0000
   29.0500    0.0000    0.0000    0.0000
   29.1000    0.0000    0.0000    0.0000
   29.1500    0.0000    0.0000    0.0000
   29.2000    0.0000    0.0000    0.0000
   29.2500    0.0000    0.0000    0.0000
   29.3000    0.0000    0.0000    0.0000
   29.3500    0.0000    0.0000    0.0000
   29.4000    0.0000    0.0000    0.0000
   29.4500    0.0000    0.0000    0.0000
   29.5000    0.0000    0.0000    0.0000
   29.5500    0.0000    0.0000    0.0000
   29.6000    0.0000    0.0000    0.0000
   29.6500    0.0000    0.0000    0.0000
   29.7000    0.0000    0.0000    0.0000
   29.7500    0.0000    0.0000    0.0000
   29.8000    0.0000    0.0000    0.0000
   29.8500    0.0000    0.0000    0.0000
   29.9000    0.0000    0.0000    0.0000
   29.9500    0.0000    0.0000    0.0000
   30.0000    0.0000    0.0000    0.0000
   30.0500    0.0000    0.0000    0.0000
   30.1000    0.0000    0.0000    0.0000
   30.1500    0.0000    0.0000    0.0000
   30.2000    0.0000    0.0000    0.0000
   30.2500    0.0000    0.0000    0.0000
   30.3000    0.0000    0.0000    0.0000
   30.3500    0.0000    0.0000    0.0000
   30.4000    0.0000    0.0000    0.0000
   30.4500    0.0000    0.0000    0.0000
   30.5000    0.0000    0.0000    0.0000
   30.5500    0.0000    0.0000    0.0000
   30.6000    0.0000    0.0000    0.0000
   30.6500    0.0000    0.0000    0.0000
   30.7000    0.0000    0.0000    0.0000
   30.7500    0.0000    0.0000    0.0000
   30.8000    0.0000    0.0000    0.0000
   30.8500    0.0000    0.0000    0.0000
   30.9000    0.0000    0.0000    0.0000
   30.9500    0.0000    0.0000    0.0000
   31.0000    0.0000    0.0000    0.0000
   31.0500    0.0000    0.0000    0.0000
   31.1000    0.0000    0.0000    0.0000
   31.1500    0.0000    0.0000    0.0000
   31.2000    0.0000    0.0000    0.0000
   31.2500    0.0000    0.0000    0.0000
   31.3000    0.0000    0.0000    0.0000
   31.3500    0.0000    0.0000    0.0000
   31.4000    0.0000    0.0000    0.0000
   31.4500    0.0000    0.0000    0.0000
   31.5000    0.0000    0.0000    0.0000
   31.5500    0.0000    0.0000    0.0000
   31.6000    0.0000    0.0000    0.0000
   31.6500    0.0000    0.0000    0.0000
   31.7000    0.0000    0.0000    0.0000
   31.7500    0.0000    0.0000    0.0000
   31.8000    0.0000    0.0000    0.0000
   31.8500    0.0000    0.0000    0.0000
   31.9000    0.0000    0.0000    0.0000
   31.9500    0.0000    0.0000    0.0000
   32.0000    0.0000    0.0000    0.0000
   32.0500    0.0000    0.0000    0.0000
   32.1000    0.0000    0.0000    0.0000
   32.1500    0.0000    0.0000    0.0000
   32.2000    0.0000    0.0000    0.0000
   32.2500    0.0000    0.0000    0.0000
   32.3000    0.0000    0.0000    0.0000
   32.3500    0.0000    0.0000    0.0000
   32.4000    0.0000    0.0000    0.0000
   32.4500    0.0000    0.0000    0.0000
   32.5000    0.0000    0.0000    0.0000
   32.5500    0.0000    0.0000    0.0000
   32.6000    0.0000    0.0000    0.0000
   32.6500    0.0000    0.0000    0.0000
   32.7000    0.0000    0.0000    0.0000
   32.7500    0.0000    0.0000    0.0000
   32.8000    0.0000    0.0000    0.0000
   32.8500    0.0000    0.0000    0.0000
   32.9000    0.0000    0.0000    0.0000
   32.9500    0.0000    0.0000    0.0000
   33.0000    0.0000    0.0000    0.0000
   33.0500    0.0000    0.0000    0.0000
   33.1000    0.0000    0.0000    0.0000
   33.1500    0.0000    0.0000    0.0000
   33.2000    0.0000    0.0000    0.0000
   33.2500    0.0000    0.0000    0.0000
   33.3000    0.0000    0.0000    0.0000
   33.3500    0.0000    0.0000    0.0000
   33.4000    0.0000    0.0000    0.0000
   33.4500    0.0000    0.0000    0.0000
   33.5000    0.0000    0.0000    0.0000
   33.5500    0.0000    0.0000    0.0000
   33.6000    0.0000    0.0000    0.0000
   33.6500    0.0000    0.0000    0.0000
   33.7000    0.0000    0.0000    0.0000
   33.7500    0.0000    0.0000    0.0000
   33.8000    0.0000    0.0000    0.0000
   33.8500    0.0000    0.0000    0.0000
   33.9000    0.0000    0.0000    0.0000
   33.9500    0.0000    0.0000    0.0000
   34.0000    0.0000    0.0000    0.0000
   34.0500    0.0000    0.0000    0.0000
   34.1000    0.0000    0.0000    0.0000
   34.1500    0.0000    0.0000    0.0000
   34.2000    0.0000    0.0000    0.0000
   34.2500    0.0000    0.0000    0.0000
   34.3000    0.0000    0.0000    0.0000
   34.3500    0.0000    0.0000    0.0000
   34.4000    0.0000    0.0000    0.0000
   34.4500    0.0000    0.0000    0.0000
   34.5000    0.0000    0.0000    0.0000
   34.5500    0.0000    0.0000    0.0000
   34.6000    0.0000    0.0000    0.0000
   34.6500    0.0000    0.0000    0.0000
   34.7000    0.0000    0.0000    0.0000
   34.7500    0.0000    0.0000    0.0000
   34.8000    0.0000    0.0000    0.0000
   34.8500    0.0000    0.0000    0.0000
   34.9000    0.0000    0.0000    0.0000
   34.9500    0.0000    0.0000    0.0000
   35.0000    0.0000    0.0000    0.0000
   35.0500    0.0000    0.0000    0.0000
   35.1000    0.0000    0.0000    0.0000
   35.1500    0.0000    0.0000    0.0000
   35.2000    0.0000    0.0000    0.0000
   35.2500    0.0000    0.0000    0.0000
   35.3000    0.0000    0.0000    0.0000
   35.3500    0.0000    0.0000    0.0000
   35.4000    0.0000    0.0000    0.0000
   35.4500    0.0000    0.0000    0.0000
   35.5000    0.0000    0.0000    0.0000
   35.5500    0.0000    0.0000    0.0000
   35.6000    0.0000    0.0000    0.0000
   35.6500    0.0000    0.0000    0.0000
   35.7000    0.0000    0.0000    0.0000
   35.7500    0.0000    0.0000    0.0000
   35.8000    0.0000    0.0000    0.0000
   35.8500    0.0000    0.0000    0.0000
   35.9000    0.0000    0.0000    0.0000
   35.9500    0.0000    0.0000    0.0000
   36.0000    0.0000    0.0000    0.0000
   36.0500    0.0000    0.0000    0.0000
   36.1000    0.0000    0.0000    0.0000
   36.1500    0.0000    0.0000    0.0000
   36.2000    0.0000    0.0000    0.0000
   36.2500    0.0000    0.0000    0.0000
   36.3000    0.0000    0.0000    0.0000
   36.3500    0.0000    0.0000    0.0000
   36.4000    0.0000    0.0000    0.0000
   36.4500    0.0000    0.0000    0.0000
   36.5000    0.0000    0.0000    0.0000
   36.5500    0.0000    0.0000    0.0000
   36.6000    0.0000    0.0000    0.0000
   36.6500    0.0000    0.0000    0.0000
   36.7000    0.0000    0.0000    0.0000
   36.7500    0.0000    0.0000    0.0000
   36.8000    0.0000    0.0000    0.0000
   36.8500    0.0000    0.0000    0.0000
   36.9000    0.0000    0.0000    0.0000
   36.9500    0.0000    0.0000    0.0000
   37.0000    0.0000    0.0000    0.0000
   37.0500    0.0000    0.0000    0.0000
   37.1000    0.0000    0.0000    0.0000
   37.1500    0.0000    0.0000    0.0000
   37.2000    0.0000    0.0000    0.0000
   37.2500    0.0000    0.0000    0.0000
   37.3000    0.0000    0.0000    0.0000
   37.3500    0.0000    0.0000    0.0000
   37.4000    0.0000    0.0000    0.0000
   37.4500    0.0000    0.0000    0.0000
   37.5000    0.0000    0.0000    0.0000
   37.5500    0.0000    0.0000    0.0000
   37.6000    0.0000    0.0000    0.0000
   37.6500    0.0000    0.0000    0.0000
   37.7000    0.0000    0.0000    0.0000
   37.7500    0.0000    0.0000    0.0000
   37.8000    0.0000    0.0000    0.0000
   37.8500    0.0000    0.0000    0.0000
   37.9000    0.0000    0.0000    0.0000
   37.9500    0.0000    0.0000    0.0000
   38.0000    0.0000    0.0000    0.0000
   38.0500    0.0000    0.0000    0.0000
   38.1000    0.0000    0.0000    0.0000
   38.1500    0.0000    0.0000    0.0000
   38.2000    0.0000    0.0000    0.0000
   38.2500    0.0000    0.0000    0.0000
   38.3000    0.0000    0.0000    0.0000
   38.3500    0.0000    0.0000    0.0000
   38.4000    0.0000    0.0000    0.0000
   38.4500    0.0000    0.0000    0.0000
   38.5000    0.0000    0.0000    0.0000
   38.5500    0.0000    0.0000    0.0000
   38.6000    0.0000    0.0000    0.0000
   38.6500    0.0000    0.0000    0.0000
   38.7000    0.0000    0.0000    0.0000
   38.7500    0.0000    0.0000    0.0000
   38.8000    0.0000    0.0000    0.0000
   38.8500    0.0000    0.0000    0.0000
   38.9000    0.0000    0.0000    0.0000
   38.9500    0.0000    0.0000    0.0000
   39.0000    0.0000    0.0000    0.0000
   39.0500    0.0000    0.0000    0.0000
   39.1000    0.0000    0.0000    0.0000
   39.1500    0.0000    0.0000    0.0000
   39.2000    0.0000    0.0000    0.0000
   39.2500    0.0000    0.0000    0.0000
   39.3000    0.0000    0.0000    0.0000
   39.3500    0.0000    0.0000    0.0000
   39.4000    0.0000    0.0000    0.0000
   39.4500    0.0000    0.0000    0.0000
   39.5000    0.0000    0.0000    0.0000
   39.5500    0.0000    0.0000    0.0000
   39.6000    0.0000    0.0000    0.0000
   39.6500    0.0000    0.0000    0.0000
   39.7000    0.0000    0.0000    0.0000
   39.7500    0.0000    0.0000    0.0000
   39.8000    0.0000    0.0000    0.0000
   39.8500    0.0000    0.0000    0.0000
   39.9000    0.0000    0.0000    0.0000
   39.9500    0.0000    0.0000    0.0000
   40.0000    0.0000    0.0000    0.0000
   40.0500    0.0000    0.0000    0.0000
   40.1000    0.0000    0.0000    0.0000
   40.1500    0.0000    0.0000    0.0000
   40.2000    0.0000    0.0000    0.0000
   40.2500    0.0000    0.0000    0.0000
   40.3000    0.0000    0.0000    0.0000
   40.3500    0.0000    0.0000    0.0000
   40.4000    0.0000    0.0000    0.0000
   40.4500    0.0000    0.0000    0.0000
   40.5000    0.0000    0.0000    0.0000
   40.5500    0.0000    0.0000    0.0000
   40.6000    0.0000    0.0000    0.0000
   40.6500    0.0000    0.0000    0.0000
   40.7000    0.0000    0.0000    0.0000
   40.7500    0.0000    0.0000    0.0000
   40.8000    0.0000    0.0000    0.0000
   40.8500    0.0000    0.0000    0.0000
   40.9000    0.0000    0.0000    0.0000
   40.9500    0.0000    0.0000    0.0000
   41.0000    0.0000    0.0000    0.0000
   41.0500    0.0000    0.0000    0.0000
   41.1000    0.0000    0.0000    0.0000
   41.1500    0.0000    0.0000    0.0000
   41.2000    0.0000    0.0000    0.0000
   41.2500    0.0000    0.0000    0.0000
   41.3000    0.0000    0.0000    0.0000
   41.3500    0.0000    0.0000    0.0000
   41.4000    0.0000    0.0000    0.0000
   41.4500    0.0000    0.0000    0.0000
   41.5000    0.0000    0.0000    0.0000
   41.5500    0.0000    0.0000    0.0000
   41.6000    0.0000    0.0000    0.0000
   41.6500    0.0000    0.0000    0.0000
   41.7000    0.0000    0.0000    0.0000
   41.7500    0.0000    0.0000    0.0000
   41.8000    0.0000    0.0000    0.0000
   41.8500    0.0000    0.0000    0.0000
   41.9000    0.0000    0.0000    0.0000
   41.9500    0.0000    0.0000    0.0000
   42.0000    0.0000    0.0000    0.0000
   42.0500    0.0000    0.0000    0.0000
   42.1000    0.0000    0.0000    0.0000
   42.1500    0.0000    0.0000    0.0000
   42.2000    0.0000    0.0000    0.0000
   42.2500    0.0000    0.0000    0.0000
   42.3000    0.0000    0.0000    0.0000
   42.3500    0.0000    0.0000    0.0000
   42.4000    0.0000    0.0000    0.0000
   42.4500    0.0000    0.0000    0.0000
   42.5000    0.0000    0.0000    0.0000
   42.5500    0.0000    0.0000    0.0000
   42.6000    0.0000    0.0000    0.0000
   42.6500    0.0000    0.0000    0.0000
   42.7000    0.0000    0.0000    0.0000
   42.7500    0.0000    0.0000    0.0000
   42.8000    0.0000    0.0000    0.0000
   42.8500    0.0000    0.0000    0.0000
   42.9000    0.0000    0.0000    0.0000
   42.9500    0.0000    0.0000    0.0000
   43.0000    0.0000    0.0000    0.0000
   43.0500    0.0000    0.0000    0.0000
   43.1000    0.0000    0.0000    0.0000
   43.1500    0.0000    0.0000    0.0000
   43.2000    0.0000    0.0000    0.0000
   43.2500    0.0000    0.0000    0.0000
   43.3000    0.0000    0.0000    0.0000
   43.3500    0.0000    0.0000    0.0000
   43.4000    0.0000    0.0000    0.0000
   43.4500    0.0000    0.0000    0.0000
   43.5000    0.0000    0.0000    0.0000
   43.5500    0.0000    0.0000    0.0000
   43.6000    0.0000    0.0000    0.0000
   43.6500    0.0000    0.0000    0.0000
   43.7000    0.0000    0.0000    0.0000
   43.7500    0.0000    0.0000    0.0000
   43.8000    0.0000    0.0000    0.0000
   43.8500    0.0000    0.0000    0.0000
   43.9000    0.0000    0.0000    0.0000
   43.9500    0.0000    0.0000    0.0000
   44.0000    0.0000    0.0000    0.0000
   44.0500    0.0000    0.0000    0.0000
   44.1000    0.0000    0.0000    0.0000
   44.1500    0.0000    0.0000    0.0000
   44.2000    0.0000    0.0000    0.0000
   44.2500    0.0000    0.0000    0.0000
   44.3000    0.0000    0.0000    0.0000
   44.3500    0.0000    0.0000    0.0000
   44.4000    0.0000    0.0000    0.0000
   44.4500    0.0000    0.0000    0.0000
   44.5000    0.0000    0.0000    0.0000
   44.5500    0.0000    0.0000    0.0000
   44.6000    0.0000    0.0000    0.0000
   44.6500    0.0000    0.0000    0.0000
   44.7000    0.0000    0.0000    0.0000
   44.7500    0.0000    0.0000    0.0000
   44.8000    0.0000    0.0000    0.0000
   44.8500    0.0000    0.0000    0.0000
   44.9000    0.0000    0.0000    0.0000
   44.9500    0.0000    0.0000    0.0000
   45.0000    0.0000    0.0000    0.0000
   45.0500    0.0000    0.0000    0.0000
   45.1000    0.0000    0.0000    0.0000
   45.1500    0.0000    0.0000    0.0000
   45.2000    0.0000    0.0000    0.0000
   45.2500    0.0000    0.0000    0.0000
   45.3000    0.0000    0.0000    0.0000
   45.3500    0.0000    0.0000    0.0000
   45.4000    0.0000    0.0000    0.0000
   45.4500    0.0000    0.0000    0.0000
   45.5000    0.0000    0.0000    0.0000
   45.5500    0.0000    0.0000    0.0000
   45.6000    0.0000    0.0000    0.0000
   45.6500    0.0000    0.0000    0.0000
   45.7000    0.0000    0.0000    0.0000
   45.7500    0.0000    0.0000    0.0000
   45.8000    0.0000    0.0000    0.0000
   45.8500    0.0000    0.0000    0.0000
   45.9000    0.0000    0.0000    0.0000
   45.9500    0.0000    0.0000    0.0000
   46.0000    0.0000    0.0000    0.0000
   46.0500    0.0000    0.0000    0.0000
   46.1000    0.0000    0.0000    0.0000
   46.1500    0.0000    0.0000    0.0000
   46.2000    0.0000    0.0000    0.0000
   46.2500    0.0000    0.0000    0.0000
   46.3000    0.0000    0.0000    0.0000
   46.3500    0.0000    0.0000    0.0000
   46.4000    0.0000    0.0000    0.0000
   46.4500    0.0000    0.0000    0.0000
   46.5000    0.0000    0.0000    0.0000
   46.5500    0.0000    0.0000    0.0000
   46.6000    0.0000    0.0000    0.0000
   46.6500    0.0000    0.0000    0.0000
   46.7000    0.0000    0.0000    0.0000
   46.7500    0.0000    0.0000    0.0000
   46.8000    0.0000    0.0000    0.0000
   46.8500    0.0000    0.0000    0.0000
   46.9000    0.0000    0.0000    0.0000
   46.9500    0.0000    0.0000    0.0000
   47.0000    0.0000    0.0000    0.0000
   47.0500    0.0000    0.0000    0.0000
   47.1000    0.0000    0.0000    0.0000
   47.1500    0.0000    0.0000    0.0000
   47.2000    0.0000    0.0000    0.0000
   47.2500    0.0000    0.0000    0.0000
   47.3000    0.0000    0.0000    0.0000
   47.3500    0.0000    0.0000    0.0000
   47.4000    0.0000    0.0000    0.0000
   47.4500    0.0000    0.0000    0.0000
   47.5000    0.0000    0.0000    0.0000
   47.5500    0.0000    0.0000    0.0000
   47.6000    0.0000    0.0000    0.0000
   47.6500    0.0000    0.0000    0.0000
   47.7000    0.0000    0.0000    0.0000
   47.7500    0.0000    0.0000    0.0000
   47.8000    0.0000    0.0000    0.0000
   47.8500    0.0000    0.0000    0.0000
   47.9000    0.0000    0.0000    0.0000
   47.9500    0.0000    0.0000    0.0000
   48.0000    0.0000    0.0000    0.0000
   48.0500    0.0000    0.0000    0.0000
   48.1000    0.0000    0.0000    0.0000
   48.1500    0.0000    0.0000    0.0000
   48.2000    0.0000    0.0000    0.0000
   48.2500    0.0000    0.0000    0.0000
   48.3000    0.0000    0.0000    0.0000
   48.3500    0.0000    0.0000    0.0000
   48.4000    0.0000    0.0000    0.0000
   48.4500    0.0000    0.0000    0.0000
   48.5000    0.0000    0.0000    0.0000
   48.5500    0.0000    0.0000    0.0000
   48.6000    0.0000    0.0000    0.0000
   48.6500    0.0000    0.0000    0.0000
   48.7000    0.0000    0.0000    0.0000
   48.7500    0.0000    0.0000    0.0000
   48.8000    0.0000    0.0000    0.0000
   48.8500    0.0000    0.0000    0.0000
   48.9000    0.0000    0.0000    0.0000
   48.9500    0.0000    0.0000    0.0000
   49.0000    0.0000    0.0000    0.0000
   49.0500    0.0000    0.0000    0.0000
   49.1000    0.0000    0.0000    0.0000
   49.1500    0.0000    0.0000    0.0000
   49.2000    0.0000    0.0000    0.0000
   49.2500    0.0000    0.0000    0.0000
   49.3000    0.0000    0.0000    0.0000
   49.3500    0.0000    0.0000    0.0000
   49.4000    0.0000    0.0000    0.0000
   49.4500    0.0000    0.0000    0.0000
   49.5000    0.0000    0.0000    0.0000
   49.5500    0.0000    0.0000    0.0000
   49.6000    0.0000    0.0000    0.0000
   49.6500    0.0000    0.0000    0.0000
   49.7000    0.0000    0.0000    0.0000
   49.7500    0.0000    0.0000    0.0000
   49.8000    0.0000    0.0000    0.0000
   49.8500    0.0000    0.0000    0.0000
   49.9000    0.0000    0.0000    0.0000
   49.9500    0.0000    0.0000    0.0000
   50.0000    0.0000    0.0000    0.0000
   50.0500    0.0000    0.0000    0.0000
   50.1000    0.0000    0.0000    0.0000
   50.1500    0.0000    0.0000    0.0000
   50.2000    0.0000    0.0000    0.0000
   50.2500    0.0000    0.0000    0.0000
   50.3000    0.0000    0.0000    0.0000
   50.3500    0.0000    0.0000    0.0000
   50.4000    0.0000    0.0000    0.0000
   50.4500    0.0000    0.0000    0.0000
   50.5000    0.0000    0.0000    0.0000
   50.5500    0.0000    0.0000    0.0000
   50.6000    0.0000    0.0000    0.0000
   50.6500    0.0000    0.0000    0.0000
   50.7000    0.0000    0.0000    0.0000
   50.7500    0.0000    0.0000    0.0000
   50.8000    0.0000    0.0000    0.0000
   50.8500    0.0000    0.0000    0.0000
   50.9000    0.0000    0.0000    0.0000
   50.9500    0.0000    0.0000    0.0000
   51.0000    0.0000    0.0000    0.0000
   51.0500    0.0000    0.0000    0.0000
   51.1000    0.0000    0.0000    0.0000
   51.1500    0.0000    0.0000    0.0000
   51.2000    0.0000    0.0000    0.0000
   51.2500    0.0000    0.0000    0.0000
   51.3000    0.0000    0.0000    0.0000
   51.3500    0.0000    0.0000    0.0000
   51.4000    0.0000    0.0000    0.0000
   51.4500    0.0000    0.0000    0.0000
   51.5000    0.0000    0.0000    0.0000
   51.5500    0.0000    0.0000    0.0000
   51.6000    0.0000    0.0000    0.0000
   51.6500    0.0000    0.0000    0.0000
   51.7000    0.0000    0.0000    0.0000
   51.7500    0.0000    0.0000    0.0000
   51.8000    0.0000    0.0000    0.0000
   51.8500    0.0000    0.0000    0.0000
   51.9000    0.0000    0.0000    0.0000
   51.9500    0.0000    0.0000    0.0000
   52.0000    0.0000    0.0000    0.0000
   52.0500    0.0000    0.0000    0.0000
   52.1000    0.0000    0.0000    0.0000
   52.1500    0.0000    0.0000    0.0000
   52.2000    0.0000    0.0000    0.0000
   52.2500    0.0000    0.0000    0.0000
   52.3000    0.0000    0.0000    0.0000
   52.3500    0.0000    0.0000    0.0000
   52.4000    0.0000    0.0000    0.0000
   52.4500    0.0000    0.0000    0.0000
   52.5000    0.0000    0.0000    0.0000
   52.5500    0.0000    0.0000    0.0000
   52.6000    0.0000    0.0000    0.0000
   52.6500    0.0000    0.0000    0.0000
   52.7000    0.0000    0.0000    0.0000
   52.7500    0.0000    0.0000    0.0000
   52.8000    0.0000    0.0000    0.0000
   52.8500    0.0000    0.0000    0.0000
   52.9000    0.0000    0.0000    0.0000
   52.9500    0.0000    0.0000    0.0000
   53.0000    0.0000    0.0000    0.0000
   53.0500    0.0000    0.0000    0.0000
   53.1000    0.0000    0.0000    0.0000
   53.1500    0.0000    0.0000    0.0000
   53.2000    0.0000    0.0000    0.0000
   53.2500    0.0000    0.0000    0.0000
   53.3000    0.0000    0.0000    0.0000
   53.3500    0.0000    0.0000    0.0000
   53.4000    0.0000    0.0000    0.0000
   53.4500    0.0000    0.0000    0.0000
   53.5000    0.0000    0.0000    0.0000
   53.5500    0.0000    0.0000    0.0000
   53.6000    0.0000    0.0000    0.0000
   53.6500    0.0000    0.0000    0.0000
   53.7000    0.0000    0.0000    0.0000
   53.7500    0.0000    0.0000    0.0000
   53.8000    0.0000    0.0000    0.0000
   53.8500    0.0000    0.0000    0.0000
   53.9000    0.0000    0.0000    0.0000
   53.9500    0.0000    0.0000    0.0000
   54.0000    0.0000    0.0000    0.0000
   54.0500    0.0000    0.0000    0.0000
   54.1000    0.0000    0.0000    0.0000
   54.1500    0.0000    0.0000    0.0000
   54.2000    0.0000    0.0000    0.0000
   54.2500    0.0000    0.0000    0.0000
   54.3000    0.0000    0.0000    0.0000
   54.3500    0.0000    0.0000    0.0000
   54.4000    0.0000    0.0000    0.0000
   54.4500    0.0000    0.0000    0.0000
   54.5000    0.0000    0.0000    0.0000
   54.5500    0.0000    0.0000    0.0000
   54.6000    0.0000    0.0000    0.0000
   54.6500    0.0000    0.0000    0.0000
   54.7000    0.0000    0.0000    0.0000
   54.7500    0.0000    0.0000    0.0000
   54.8000    0.0000    0.0000    0.0000
   54.8500    0.0000    0.0000    0.0000
   54.9000    0.0000    0.0000    0.0000
   54.9500    0.0000    0.0000    0.0000
   55.0000    0.0000    0.0000    0.0000
   55.0500    0.0000    0.0000    0.0000
   55.1000    0.0000    0.0000    0.0000
   55.1500    0.0000    0.0000    0.0000
   55.2000    0.0000    0.0000    0.0000
   55.2500    0.0000    0.0000    0.0000
   55.3000    0.0000    0.0000    0.0000
   55.3500    0.0000    0.0000    0.0000
   55.4000    0.0000    0.0000    0.0000
   55.4500    0.0000    0.0000    0.0000
   55.5000    0.0000    0.0000    0.0000
   55.5500    0.0000    0.0000    0.0000
   55.6000    0.0000    0.0000    0.0000
   55.6500    0.0000    0.0000    0.0000
   55.7000    0.0000    0.0000    0.0000
   55.7500    0.0000    0.0000    0.0000
   55.8000    0.0000    0.0000    0.0000
   55.8500    0.0000    0.0000    0.0000
   55.9000    0.0000    0.0000    0.0000
   55.9500    0.0000    0.0000    0.0000
   56.0000    0.0000    0.0000    0.0000
   56.0500    0.0000    0.0000    0.0000
   56.1000    0.0000    0.0000    0.0000
   56.1500    0.0000    0.0000    0.0000
   56.2000    0.0000    0.0000    0.0000
   56.2500    0.0000    0.0000    0.0000
   56.3000    0.0000    0.0000    0.0000
   56.3500    0.0000    0.0000    0.0000
   56.4000    0.0000    0.0000    0.0000
   56.4500    0.0000    0.0000    0.0000
   56.5000    0.0000    0.0000    0.0000
   56.5500    0.0000    0.0000    0.0000
   56.6000    0.0000    0.0000    0.0000
   56.6500    0.0000    0.0000    0.0000
   56.7000    0.0000    0.0000    0.0000
   56.7500    0.0000    0.0000    0.0000
   56.8000    0.0000    0.0000    0.0000
   56.8500    0.0000    0.0000    0.0000
   56.9000    0.0000    0.0000    0.0000
   56.9500    0.0000    0.0000    0.0000
   57.0000    0.0000    0.0000    0.0000
   57.0500    0.0000    0.0000    0.0000
   57.1000    0.0000    0.0000    0.0000
   57.1500    0.0000    0.0000    0.0000
   57.2000    0.0000    0.0000    0.0000
   57.2500    0.0000    0.0000    0.0000
   57.3000    0.0000    0.0000    0.0000
   57.3500    0.0000    0.0000    0.0000
   57.4000    0.0000    0.0000    0.0000
   57.4500    0.0000    0.0000    0.0000
   57.5000    0.0000    0.0000    0.0000
   57.5500    0.0000    0.0000    0.0000
   57.6000    0.0000    0.0000    0.0000
   57.6500    0.0000    0.0000    0.0000
   57.7000    0.0000    0.0000    0.0000
   57.7500    0.0000    0.0000    0.0000
   57.8000    0.0000    0.0000    0.0000
   57.8500    0.0000    0.0000    0.0000
   57.9000    0.0000    0.0000    0.0000
   57.9500    0.0000    0.0000    0.0000
   58.0000    0.0000    0.0000    0.0000
   58.0500    0.0000    0.0000    0.0000
   58.1000    0.0000    0.0000    0.0000
   58.1500    0.0000    0.0000    0.0000
   58.2000    0.0000    0.0000    0.0000
   58.2500    0.0000    0.0000    0.0000
   58.3000    0.0000    0.0000    0.0000
   58.3500    0.0000    0.0000    0.0000
   58.4000    0.0000    0.0000    0.0000
   58.4500    0.0000    0.0000    0.0000
   58.5000    0.0000    0.0000    0.0000
   58.5500    0.0000    0.0000    0.0000
   58.6000    0.0000    0.0000    0.0000
   58.6500    0.0000    0.0000    0.0000
   58.7000    0.0000    0.0000    0.0000
   58.7500    0.0000    0.0000    0.0000
   58.8000    0.0000    0.0000    0.0000
   58.8500    0.0000    0.0000    0.0000
   58.9000    0.0000    0.0000    0.0000
   58.9500    0.0000    0.0000    0.0000
   59.0000    0.0000    0.0000    0.0000
   59.0500    0.0000    0.0000    0.0000
   59.1000    0.0000    0.0000    0.0000
   59.1500    0.0000    0.0000    0.0000
   59.2000    0.0000    0.0000    0.0000
   59.2500    0.0000    0.0000    0.0000
   59.3000    0.0000    0.0000    0.0000
   59.3500    0.0000    0.0000    0.0000
   59.4000    0.0000    0.0000    0.0000
   59.4500    0.0000    0.0000    0.0000
   59.5000    0.0000    0.0000    0.0000
   59.5500    0.0000    0.0000    0.0000
   59.6000    0.0000    0.0000    0.0000
   59.6500    0.0000    0.0000    0.0000
   59.7000    0.0000    0.0000    0.0000
   59.7500    0.0000    0.0000    0.0000
   59.8000    0.0000    0.0000    0.0000
   59.8500    0.0000    0.0000    0.0000
   59.9000    0.0000    0.0000    0.0000
   59.9500    0.0000    0.0000    0.0000
   60.0000    0.0000    0.0000    0.0000
