#Phase-shifts for J/pi=2.5+   Inc. chan.=  1 ql=  2
 1.010      9.8481      -0.13927E-14
 1.014      10.092       0.28405E-14
 1.018      10.344       0.20108E-14
 1.023      10.604      -0.63065E-15
 1.027      10.874       0.87879E-15
 1.031      11.153      -0.43341E-15
 1.035      11.442      -0.79143E-15
 1.039      11.742       0.23396E-14
 1.044      12.053       0.47966E-14
 1.048      12.376      -0.13521E-14
 1.052      12.710       0.16300E-15
 1.056      13.058      -0.35867E-15
 1.061      13.419      -0.25496E-14
 1.065      13.795      -0.11656E-15
 1.069      14.185       0.19332E-14
 1.074      14.592      -0.16562E-14
 1.078      15.015      -0.70711E-15
 1.082      15.457       0.11014E-14
 1.086      15.917      -0.27126E-14
 1.091      16.397      -0.48491E-14
 1.095      16.899      -0.39792E-14
 1.099      17.423      -0.21781E-14
 1.104      17.970       0.50542E-15
 1.108      18.544       0.66817E-15
 1.113      19.144       0.15708E-14
 1.117      19.773      -0.20894E-14
 1.121      20.433      -0.23907E-14
 1.126      21.126      -0.42025E-15
 1.130      21.854       0.32927E-14
 1.135      22.618      -0.25676E-14
 1.139      23.423      -0.13457E-14
 1.143      24.271       0.41734E-14
 1.148      25.164      -0.89531E-16
 1.152      26.106      -0.22563E-14
 1.157      27.100       0.93148E-15
 1.161      28.150      -0.15113E-14
 1.166      29.260       0.37882E-14
 1.170      30.434       0.37542E-14
 1.175      31.677      -0.23705E-14
 1.179      32.994      -0.12639E-14
 1.184      34.389       0.10737E-14
 1.188      35.868       0.35790E-14
 1.193      37.436      -0.26804E-14
 1.197      39.100      -0.64006E-15
 1.202      40.863       0.24885E-14
 1.206      42.733      -0.59655E-15
 1.211      44.714      -0.15085E-14
 1.215      46.811       0.16175E-14
 1.220      49.028       0.45467E-15
 1.225      51.369       0.13205E-14
 1.229      53.835      -0.43419E-14
 1.234      56.426       0.17724E-14
 1.238      59.141      -0.21958E-14
 1.243      61.974       0.31020E-14
 1.248      64.920       0.15350E-14
 1.252      67.968      -0.85823E-15
 1.257      71.104       0.27205E-14
 1.262      74.314       0.13514E-14
 1.266      77.578      -0.33529E-14
 1.271      80.876      -0.11819E-14
 1.276      84.186       0.25400E-14
 1.280      87.485       0.66686E-15
 1.285     -89.248      -0.10484E-15
 1.290     -86.034       0.15448E-14
 1.294     -82.892       0.24873E-14
 1.299     -79.837      -0.17490E-15
 1.304     -76.884       0.32310E-14
 1.309     -74.043       0.25467E-14
 1.313     -71.320      -0.29819E-14
 1.318     -68.720       0.96502E-15
 1.323     -66.246       0.33352E-14
 1.328     -63.897       0.20254E-14
 1.332     -61.672       0.27500E-14
 1.337     -59.567      -0.26820E-14
 1.342     -57.579      -0.27351E-14
 1.347     -55.702      -0.56240E-15
 1.352     -53.932      -0.17168E-14
 1.357     -52.263      -0.95195E-15
 1.361     -50.689      -0.33862E-14
 1.366     -49.205       0.52437E-14
 1.371     -47.806       0.47515E-14
 1.376     -46.485       0.93901E-15
 1.381     -45.238       0.92279E-15
 1.386     -44.061      -0.49573E-15
 1.391     -42.948      -0.32465E-14
 1.395     -41.895       0.27319E-14
 1.400     -40.899      -0.20152E-14
 1.405     -39.955       0.61132E-15
 1.410     -39.060      -0.16589E-14
 1.415     -38.212       0.64155E-14
 1.420     -37.406      -0.57556E-16
 1.425     -36.640      -0.32357E-14
 1.430     -35.912      -0.92547E-15
 1.435     -35.219      -0.33348E-14
 1.440     -34.559      -0.18165E-14
 1.445     -33.930       0.23933E-14
 1.450     -33.330       0.20973E-14
 1.455     -32.757      -0.18902E-14
 1.460     -32.210      -0.18010E-14
 1.465     -31.687      -0.56116E-14
 1.470     -31.187       0.15053E-14
 1.475     -30.708      -0.15196E-14
 1.480     -30.249       0.13204E-14
 1.485     -29.809      -0.15850E-14
 1.490     -29.387       0.30734E-14
 1.495     -28.982      -0.49506E-14
 1.500     -28.594      -0.19722E-14
 1.505     -28.220      -0.20838E-14
 1.510     -27.861       0.23159E-14
 1.516     -27.516      -0.28438E-15
 1.521     -27.183       0.11564E-14
 1.526     -26.863       0.27716E-14
 1.531     -26.555      -0.23313E-14
 1.536     -26.258      -0.15948E-14
 1.541     -25.972       0.96926E-15
 1.546     -25.695      -0.10478E-14
 1.551     -25.429      -0.10330E-14
 1.557     -25.171      -0.38410E-14
 1.562     -24.922       0.32516E-14
 1.567     -24.682       0.31246E-15
 1.572     -24.450       0.28232E-14
 1.577     -24.225       0.37099E-15
 1.583     -24.008       0.18541E-14
 1.588     -23.798      -0.24377E-14
 1.593     -23.594       0.35996E-14
 1.598     -23.397      -0.19217E-14
 1.604     -23.206       0.28677E-15
 1.609     -23.021      -0.48311E-14
 1.614     -22.842       0.31431E-14
 1.619     -22.668       0.22355E-14
 1.625     -22.499       0.23940E-15
 1.630     -22.336      -0.22090E-14
 1.635     -22.177       0.25022E-14
 1.641     -22.023       0.19031E-14
 1.646     -21.873       0.66909E-15
 1.651     -21.728       0.18957E-14
 1.657     -21.587       0.19432E-14
 1.662     -21.450       0.40110E-14
 1.667     -21.317       0.90284E-15
 1.673     -21.188       0.68351E-15
 1.678     -21.062       0.66103E-15
 1.683     -20.940       0.10210E-14
 1.689     -20.821       0.24649E-14
 1.694     -20.705       0.35149E-14
 1.700     -20.593       0.16238E-14
 1.705     -20.483       0.17103E-14
 1.710     -20.377       0.48879E-16
 1.716     -20.273      -0.40703E-14
 1.721     -20.173       0.32093E-14
 1.727     -20.074       0.84283E-15
 1.732     -19.979      -0.23239E-14
 1.738     -19.886      -0.58048E-15
 1.743     -19.795       0.47718E-14
 1.749     -19.707       0.15693E-14
 1.754     -19.621       0.24000E-14
 1.760     -19.537       0.54620E-14
 1.765     -19.455       0.99555E-15
 1.771     -19.376      -0.21347E-14
 1.776     -19.298       0.16055E-14
 1.782     -19.223      -0.16797E-14
 1.787     -19.149       0.29975E-15
 1.793     -19.077      -0.15529E-14
 1.798     -19.007      -0.47562E-14
 1.804     -18.939       0.22699E-14
 1.809     -18.873       0.24735E-15
 1.815     -18.808      -0.91545E-15
 1.821     -18.745       0.69508E-15
 1.826     -18.683       0.65501E-15
 1.832     -18.623      -0.11182E-15
 1.837     -18.565      -0.26336E-14
 1.843     -18.508      -0.15828E-14
 1.849     -18.452       0.26109E-14
 1.854     -18.398       0.22166E-14
 1.860     -18.345      -0.35149E-14
 1.866     -18.293       0.69022E-15
 1.871     -18.243      -0.23256E-14
 1.877     -18.194       0.20760E-14
 1.883     -18.146       0.23712E-14
 1.888     -18.099      -0.19657E-15
 1.894     -18.054      -0.39388E-15
 1.900     -18.009       0.18660E-14
 1.906     -17.966       0.85819E-15
 1.911     -17.924      -0.33968E-14
 1.917     -17.883       0.16518E-14
 1.923     -17.843       0.10235E-14
 1.929     -17.804      -0.14395E-14
 1.934     -17.766       0.14764E-14
 1.940     -17.729      -0.81778E-15
 1.946     -17.692      -0.18031E-14
 1.952     -17.657       0.16614E-14
 1.957     -17.623      -0.25735E-14
 1.963     -17.590       0.34573E-14
 1.969     -17.557       0.12489E-15
 1.975     -17.525       0.15183E-14
 1.981     -17.494       0.14105E-14
 1.987     -17.464      -0.17727E-14
 1.992     -17.435      -0.52432E-14
 1.998     -17.406      -0.12978E-14
 2.004     -17.379      -0.88766E-15
 2.010     -17.352      -0.37802E-14
 &
