  1.0100    9.848060
  1.0142   10.091683
  1.0184   10.343603
  1.0225   10.604212
  1.0267   10.873928
  1.0310   11.153194
  1.0352   11.442483
  1.0394   11.742296
  1.0436   12.053168
  1.0479   12.375670
  1.0521   12.710408
  1.0564   13.058031
  1.0606   13.419232
  1.0649   13.794753
  1.0692   14.185385
  1.0735   14.591979
  1.0778   15.015442
  1.0821   15.456751
  1.0864   15.916953
  1.0908   16.397173
  1.0951   16.898619
  1.0994   17.422592
  1.1038   17.970492
  1.1082   18.543825
  1.1125   19.144218
  1.1169   19.773420
  1.1213   20.433323
  1.1257   21.125964
  1.1301   21.853544
  1.1345   22.618437
  1.1389   23.423207
  1.1434   24.270616
  1.1478   25.163647
  1.1523   26.105509
  1.1567   27.099656
  1.1612   28.149799
  1.1657   29.259913
  1.1701   30.434245
  1.1746   31.677318
  1.1791   32.993920
  1.1836   34.389099
  1.1882   35.868124
  1.1927   37.436454
  1.1972   39.099663
  1.2018   40.863360
  1.2063   42.733061
  1.2109   44.714035
  1.2154   46.811103
  1.2200   49.028394
  1.2246   51.369052
  1.2292   53.834905
  1.2338   56.426097
  1.2384   59.140713
  1.2430   61.974411
  1.2477   64.920114
  1.2523   67.967795
  1.2570   71.104405
  1.2616   74.313991
  1.2663   77.578019
  1.2709   80.875911
  1.2756   84.185763
  1.2803   87.485196
  1.2850  -89.247758
  1.2897  -86.033799
  1.2944  -82.891628
  1.2992  -79.837399
  1.3039  -76.884373
  1.3086  -74.042797
  1.3134  -71.319954
  1.3181  -68.720372
  1.3229  -66.246132
  1.3277  -63.897224
  1.3325  -61.671929
  1.3373  -59.567187
  1.3421  -57.578928
  1.3469  -55.702373
  1.3517  -53.932278
  1.3565  -52.263138
  1.3614  -50.689349
  1.3662  -49.205328
  1.3711  -47.805608
  1.3759  -46.484902
  1.3808  -45.238148
  1.3857  -44.060536
  1.3906  -42.947525
  1.3954  -41.894847
  1.4004  -40.898509
  1.4053  -39.954780
  1.4102  -39.060190
  1.4151  -38.211509
  1.4201  -37.405743
  1.4250  -36.640110
  1.4300  -35.912035
  1.4349  -35.219129
  1.4399  -34.559181
  1.4449  -33.930140
  1.4499  -33.330107
  1.4549  -32.757320
  1.4599  -32.210147
  1.4649  -31.687070
  1.4699  -31.186683
  1.4750  -30.707680
  1.4800  -30.248844
  1.4850  -29.809044
  1.4901  -29.387230
  1.4952  -28.982419
  1.5003  -28.593698
  1.5053  -28.220214
  1.5104  -27.861170
  1.5155  -27.515822
  1.5206  -27.183473
  1.5258  -26.863471
  1.5309  -26.555207
  1.5360  -26.258107
  1.5412  -25.971634
  1.5463  -25.695285
  1.5515  -25.428584
  1.5567  -25.171088
  1.5618  -24.922375
  1.5670  -24.682051
  1.5722  -24.449744
  1.5774  -24.225102
  1.5827  -24.007794
  1.5879  -23.797508
  1.5931  -23.593947
  1.5983  -23.396830
  1.6036  -23.205895
  1.6089  -23.020889
  1.6141  -22.841576
  1.6194  -22.667729
  1.6247  -22.499135
  1.6300  -22.335591
  1.6353  -22.176905
  1.6406  -22.022893
  1.6459  -21.873380
  1.6512  -21.728202
  1.6566  -21.587199
  1.6619  -21.450223
  1.6673  -21.317129
  1.6726  -21.187781
  1.6780  -21.062048
  1.6834  -20.939806
  1.6887  -20.820937
  1.6941  -20.705326
  1.6995  -20.592865
  1.7050  -20.483450
  1.7104  -20.376983
  1.7158  -20.273367
  1.7212  -20.172512
  1.7267  -20.074331
  1.7321  -19.978740
  1.7376  -19.885659
  1.7431  -19.795010
  1.7486  -19.706721
  1.7541  -19.620721
  1.7596  -19.536940
  1.7651  -19.455315
  1.7706  -19.375782
  1.7761  -19.298280
  1.7816  -19.222753
  1.7872  -19.149143
  1.7927  -19.077397
  1.7983  -19.007463
  1.8039  -18.939292
  1.8094  -18.872834
  1.8150  -18.808045
  1.8206  -18.744879
  1.8262  -18.683293
  1.8318  -18.623246
  1.8374  -18.564697
  1.8431  -18.507609
  1.8487  -18.451942
  1.8543  -18.397662
  1.8600  -18.344734
  1.8657  -18.293123
  1.8713  -18.242798
  1.8770  -18.193726
  1.8827  -18.145877
  1.8884  -18.099222
  1.8941  -18.053733
  1.8998  -18.009380
  1.9055  -17.966139
  1.9113  -17.923983
  1.9170  -17.882886
  1.9227  -17.842826
  1.9285  -17.803777
  1.9343  -17.765717
  1.9400  -17.728624
  1.9458  -17.692477
  1.9516  -17.657255
  1.9574  -17.622937
  1.9632  -17.589504
  1.9690  -17.556936
  1.9749  -17.525216
  1.9807  -17.494326
  1.9865  -17.464247
  1.9924  -17.434963
  1.9983  -17.406458
  2.0041  -17.378715
  2.0100  -17.351719
